,id,Name,Party,3,4,5,6,7,8,9,10,11,12,13,14,15,16,17,18,19,20,21,22,23,24,25,26,27,28,29,30,31,32,33,34,35,36,37,38,39,40,41,42,43,44,45,46,47,48,49,50,51,52,53,54,55,56,57,58,59,60,61,62,63,64,65,66,67,68,69,70,71,72,73,74,75,76,77,78,79,80,81,82,83,84,85,86,87,88,89,90,91,92,93,94,95,96,97,98,99,100,101,102,103,104,105,106,107,108,109,110,111,112,113,114,115,116,117,118,119,120,121,122,123,124,125,126,127,128,129,130,131,132,133,134,135,136,137,138,139,140,141,142,143,144,145,146,147,148,149,150,151,152,153,154,155,156,157,158,159,160,161,162,163,164,165,166,167,168,169,170,171,172,173,174,175,176,177,178,179,180,181,182,183,184,185,186,187,188,189,190,191,192,193,194,195,196,197,198,199,200,201,202,203,204,205,206,207,208,209,210,211,212,213,214,215,216,217,218,219,220,221,222,223,224,225,226,227,228,229,230,231,232,233,234,235,236,237,238,239,240,241,242,243,244,245,246,247,248,249,250,251,252,253,254,255,256,257,258,259,260,261,262,263,264,265,266,267,268,269,270,271,272,273,274,275,276,277,278,279,280,281,282,283,284,285,286,287,288,289,290,291,292,293,294,295,296,297,298,299,300,301,302,303,304,305,306,307,308,309,310,311,312,313,314,315,316,317,318,319,320,321,322,323,324,325,326,327,328,329,330,331,332,333,334,335,336,337,338,339,340,341,342,343,344,345,346,347,348,349,350,351,352,353,354,355,356,357,358,359,360,361,362,363,364,365,366,367,368,369,370,371,372,373,374,375,376,377,378,379,380,381,382,383,384,385,386,387,388,389,390,391,392,393,394,395,396,397,398,399,400,401,402,403,404,405,406,407,408,409,410,411,412,413,414,415,416,417,418,419,420,421,422,423,424,425,426,427,428,429,430,431,432,433,434,435,436,437,438,439,440,441,442,443,444,445,446,447,448,449,450,451,452,453,454,455,456,457,458,459,460,461,462,463,464,465,466,467,468,469,470,471,472,473,474,475,476,477,478,479,480,481,482,483,484,485,486,487,488,489,490,491,492,493,494,495,496,497,498,499,500,501,502,503,504,505,506,507,508,509,510,511,512,513,514,515,516,517,518,519,520,521,522,523,524,525,526,527,528,529,530,531,532,533,534,535,536,537,538,539,540,541,542,543,544,545,546,547,548,549,550,551,552,553,554,555,556,557,558,559,560,561,562,563,564,565,566,567,568,569,570,571,572,573,574,575,576,577,578,579,580,581,582,583,584,585,586,587,588,589,590,591,592,593,594,595,596,597,598,599,600,601,602,603,604,605,606,607,608,609,610,611,612,613,614,615,616,617,618,619,620,621,622,623,624,625,626,627,628,629,630,631,632,633,634,635,636,637,638,639,640,641,642,643,644,645,646,647,648,649,650,651,652,653,654,655,656,657,658,659,660,661,662,663,664,665,666,667,668,669,670,671,672,673,674,675,676,677,678,679,680,681,682,683,684,685,686,687,688,689,690,691,692,693,694,695,696,697,698,699,700,701,702,703,704,705,706,707,708,709,710,711,712,713,714,715,716,717,718,719,720,721,722,723,724,725,726,727,728,729,730,731,732,733,734,735,736,737,738,739,740,741,742,743,744,745,746,747,748,749,750,751,752,753,754,755,756,757,758,759,760,761,762,763,764,765,766,767,768,769,770,771,772,773,774,775,776,777,778,779,780,781,782,783,784,785,786,787,788,789,790,791,792,793,794,795,796,797,798,799,800,801,802,803,804,805,806,807,808,809,810,811,812,813,814,815,816,817,818,819,820,821,822,823,824,825,826,827,828,829,830,831,832,833,834,835,836,837,838,839,840,841,842,843,844,845,846,847,848,849,850,851,852,853,854,855,856,857,858,859,860,861,862,863,864,865,866,867,868,869,870,871,872,873,874,875,876,877,878,879,880,881,882,883,884,885,886,887,888,889,890,891,892,893,894,895,896,897,898,899,900,901,902,903,904,905,906,907,908,909,910,911,912,913,914,915,916,917,918,919,920,921,922,923,924,925,926,927,928,929,930,931,932,933,934,935,936,937,938,939,940,941,942,943,944,945,946,947,948,949,950,951,952,953,954,955,956,957,958,959,960,961,962,963,964,965,966,967,968,969,970,971,972,973,974,975,976,977,978,979,980,981,982,983,984,985,986,987,988,989,990,991,992,993,994,995,996,997,998,999,1000,1001,1002,1003,1004,1005,1006,1007,1008,1009,1010,1011,1012,1013,1014,1015,1016,1017,1018,1019,1020,1021,1022,1023,1024,1025,1026,1027,1028,1029,1030,1031,1032,1033,1034,1035,1036,1037,1038,1039,1040,1041,1042,1043,1044,1045,1046,1047,1048,1049,1050,1051,1052,1053,1054,1055,1056,1057,1058,1059,1060,1061,1062,1063,1064,1065,1066,1067,1068,1069,1070,1071,1072,1073,1074,1075,1076,1077,1078,1079,1080,1081,1082,1083,1084,1085,1086,1087,1088,1089,1090,1091,1092,1093,1094,1095,1096,1097,1098,1099,1100,1101,1102,1103,1104,1105,1106,1107,1108,1109,1110,1111,1112,1113,1114,1115,1116,1117,1118,1119,1120,1121,1122,1123,1124,1125,1126,1127,1128,1129,1130,1131,1132,1133,1134,1135,1136,1137,1138,1139,1140,1141,1142,1143,1144,1145,1146,1147,1148,1149,1150,1151,1152,1153,1154,1155,1156,1157,1158,1159,1160,1161,1162,1163,1164,1165,1166,1167,1168,1169,1170,1171,1172,1173,1174,1175,1176,1177,1178,1179,1180,1181,1182,1183,1184,1185,1186,1187,1188,1189,1190,1191,1192,1193,1194,1195,1196,1197,1198,1199,1200,1201,1202,1203,1204,1205,1206,1207,1208
0,14066,YOUNG,200,1,9,1,6,1,6,1,1,1,1,1,6,6,6,6,6,6,6,6,1,6,1,1,9,1,1,6,6,6,1,1,1,1,1,1,6,6,6,6,6,6,6,6,1,6,6,6,6,6,1,1,6,1,9,1,6,1,1,1,1,1,1,6,1,1,1,1,1,1,1,1,1,1,1,1,1,1,1,1,1,1,1,1,1,1,1,1,1,1,1,1,1,1,1,1,1,1,1,1,1,6,1,1,1,6,6,6,6,6,1,6,6,1,1,1,1,6,6,1,6,9,9,6,6,1,1,1,1,1,1,6,1,6,9,1,9,1,1,6,6,6,6,6,6,6,6,1,6,6,6,1,6,6,6,6,6,1,1,1,1,1,1,1,1,6,6,6,1,1,1,6,1,1,1,1,1,1,1,1,1,1,6,1,6,1,1,1,1,6,1,1,1,6,1,1,1,1,1,1,1,1,9,9,9,9,6,1,1,1,1,1,1,1,6,1,1,1,1,1,1,1,1,1,1,1,1,6,1,1,1,1,1,6,9,1,1,1,1,1,1,1,6,1,6,1,1,1,1,1,6,1,1,6,1,1,1,1,1,1,1,1,1,1,1,1,6,1,1,1,1,1,1,1,1,1,1,1,6,6,6,1,6,1,1,1,1,1,1,1,1,1,6,1,1,1,1,1,1,1,1,1,1,6,6,1,6,1,1,1,1,1,1,6,1,1,1,6,1,1,1,1,1,1,1,1,6,1,1,1,1,1,6,1,1,6,1,1,1,1,6,1,6,1,1,1,1,1,1,6,6,1,1,1,1,1,6,6,6,6,6,1,6,6,6,1,1,1,1,6,6,6,1,1,1,1,6,1,1,1,1,1,1,1,6,6,6,6,6,6,1,1,1,1,6,6,6,1,6,6,6,1,1,6,6,1,1,1,1,1,1,1,1,1,1,1,1,6,6,6,6,6,6,6,6,1,1,6,1,6,1,6,1,6,1,9,1,1,1,1,1,1,1,6,6,6,6,6,6,6,6,6,6,6,1,6,1,6,6,1,6,6,1,6,6,6,6,1,1,1,6,1,6,1,6,6,6,1,1,1,6,1,6,1,1,1,1,1,1,6,6,1,9,9,9,9,1,1,6,1,6,6,6,6,6,1,6,6,6,6,6,6,6,6,6,6,1,1,1,6,6,6,6,1,1,6,6,1,1,1,1,1,1,6,6,6,1,1,1,1,6,1,1,1,1,1,1,6,1,1,1,1,6,6,9,6,1,1,1,1,1,1,1,6,1,1,6,1,1,1,6,1,1,1,6,6,6,6,6,1,1,1,1,6,6,6,6,1,1,1,1,1,1,6,6,1,6,1,1,1,1,1,1,1,6,1,9,9,9,1,1,6,6,1,1,1,1,1,1,1,1,1,1,1,6,1,1,6,6,1,1,1,1,1,1,1,1,1,1,1,1,6,1,1,1,6,6,1,1,6,1,6,1,6,1,1,6,1,1,1,1,6,1,1,1,1,1,6,1,1,1,1,1,6,1,9,1,1,1,1,6,1,6,1,1,1,1,1,1,1,6,1,1,1,1,1,1,1,1,9,6,1,6,1,1,1,6,1,1,1,1,1,1,9,6,9,1,1,1,1,1,6,1,6,1,1,9,9,1,1,1,1,1,1,6,1,1,1,1,6,1,1,1,1,1,6,9,1,1,1,1,1,1,1,1,1,1,1,1,6,9,1,1,1,1,1,1,1,1,1,6,1,6,1,1,1,1,1,1,1,1,1,1,6,1,1,6,6,1,1,1,1,1,1,1,6,1,1,1,1,1,6,1,1,1,6,1,6,1,1,1,1,1,1,6,1,6,1,6,1,1,1,1,1,1,1,1,6,1,6,1,1,1,1,1,1,1,1,1,6,1,1,1,6,1,1,1,1,1,1,1,1,1,1,1,1,1,1,1,6,1,1,6,6,6,6,1,6,1,9,9,9,9,9,1,1,1,1,1,1,1,1,1,6,1,6,1,6,1,1,1,1,1,1,1,1,1,1,1,6,6,6,6,1,6,1,1,1,6,6,1,6,1,6,1,1,1,1,1,6,6,1,1,1,1,1,6,6,6,6,1,1,1,1,1,6,1,1,1,1,1,1,1,6,6,1,1,1,1,6,1,6,6,6,6,6,1,6,6,6,1,1,6,6,1,1,1,6,1,1,9,1,6,1,1,1,1,1,6,1,1,1,6,1,6,1,1,1,6,1,1,1,1,1,6,1,1,1,1,1,1,1,9,6,1,1,1,6,1,6,1,1,1,1,1,1,1,6,6,6,1,1,1,1,1,1,1,6,1,1,1,6,1,1,6,1,1,1,1,1,1,1,1,1,1,1,1,1,6,6,1,6,6,1,1,1,1,1,1,6,1,1,1,1,1,6,1,1,1,6,1,6,1,1,1,1,1,1,1,1,1,1,6,1,1,1,1,6,1,1,1,6,1,1,1,6,6,6,6,1,1,9,1,1,1,1,1,1,1,1,1,6,1,1,1,1,1,1,1,1,6,1,1,1,1,9,1,1,1,1,1,1,1,1,1,1,1,1,1,1,6,1,1,1,1,1,1,1,1,1,1,6,1,9,9,6,1,1,1,1,1,1,1,1,1,1,1,1,1,1,1,1,1,1,9,1,1,1,1,1,1,1,1,1,1,1,9,1,1,1,1,1,6,1,1,1,1,1,1,1,1,1,1,1,6,1,1
1,14263,NOLAN,100,6,6,6,1,6,1,6,6,6,6,6,1,1,1,1,1,1,1,1,6,1,6,1,1,6,6,6,1,1,1,6,6,1,6,9,1,1,1,1,1,1,1,1,6,1,1,1,1,1,6,6,1,6,6,6,1,6,1,1,1,6,6,1,6,1,1,6,6,6,6,6,6,6,6,6,6,6,1,1,6,6,6,6,6,1,1,6,6,6,6,6,6,6,6,6,6,6,6,1,6,1,6,6,1,1,1,1,1,1,1,1,1,6,6,6,6,1,1,6,6,1,1,1,1,6,9,6,6,6,6,6,6,6,6,1,6,6,6,1,1,1,1,1,1,1,1,6,1,1,1,6,1,1,1,1,1,6,1,1,6,6,6,6,1,1,1,6,6,1,1,6,1,1,1,6,6,1,6,6,1,6,1,1,1,6,1,6,6,1,6,6,1,6,1,1,6,6,6,6,9,6,6,6,1,6,1,6,1,1,6,6,6,6,1,1,6,6,6,1,1,1,1,6,6,1,1,9,6,6,1,1,1,6,6,1,1,1,1,6,6,1,1,6,6,6,6,1,1,1,6,6,6,9,1,6,1,1,6,6,6,1,6,6,6,1,1,6,1,1,6,6,1,6,6,6,1,1,6,6,1,1,9,9,9,1,1,6,6,6,6,6,1,1,6,6,6,6,6,1,1,6,6,6,1,6,1,6,1,1,6,6,6,1,1,6,6,1,6,1,6,1,1,1,6,6,6,1,1,1,6,6,6,6,6,1,6,1,6,6,1,6,1,6,1,1,6,6,1,1,1,6,6,6,6,6,6,1,1,1,1,6,1,1,1,1,6,6,6,6,6,6,6,6,6,1,1,1,1,1,1,6,6,1,1,1,1,1,1,1,6,6,6,6,1,1,1,6,1,1,1,6,1,1,1,6,6,6,1,6,6,6,1,6,9,6,6,1,6,1,1,1,1,1,1,9,6,6,6,1,1,1,1,1,6,6,1,1,1,1,1,6,6,6,6,6,6,6,6,1,6,6,6,6,6,1,6,6,1,9,1,1,6,6,1,1,6,6,6,6,1,6,1,6,1,1,9,6,6,1,6,6,1,6,1,6,6,6,6,1,1,6,1,6,1,1,6,6,1,1,1,1,1,1,1,1,1,6,6,6,6,6,6,1,6,1,6,6,6,1,1,1,1,6,6,1,1,6,1,6,1,6,6,6,1,1,6,6,6,1,1,6,6,1,1,6,6,1,6,1,6,6,1,1,6,1,6,1,1,6,6,1,1,1,1,1,1,1,1,1,6,6,6,1,1,1,1,1,1,6,1,6,6,6,1,1,1,6,6,1,1,6,6,6,1,6,1,1,1,6,6,6,6,1,1,6,1,1,6,6,6,6,1,6,1,6,6,1,1,1,1,6,1,1,6,6,6,6,1,1,1,6,6,1,1,1,6,1,1,6,6,6,1,6,9,1,1,6,1,1,6,6,6,1,1,1,6,1,6,6,1,1,6,1,6,6,1,6,1,6,1,1,1,1,6,6,6,9,6,6,1,6,1,6,9,9,9,6,6,1,1,6,1,6,1,6,6,6,6,1,1,6,6,6,6,1,6,6,1,1,1,1,1,6,6,6,9,9,9,9,9,9,9,9,9,9,1,1,6,6,1,1,6,1,6,6,6,6,6,1,6,6,1,1,6,6,6,6,6,6,1,1,1,1,6,6,6,1,9,9,6,6,6,6,6,6,6,6,1,1,6,1,6,1,6,6,1,1,1,6,6,1,1,1,6,6,1,6,9,9,6,6,6,6,6,1,6,6,1,9,9,9,9,9,9,9,9,9,9,6,1,6,6,6,1,6,1,6,1,6,9,9,1,1,6,6,1,1,6,6,6,6,1,1,6,1,1,1,1,6,6,6,6,1,9,6,6,1,1,1,6,9,1,1,1,1,1,6,6,1,6,1,1,6,6,1,6,1,1,6,6,1,1,6,1,1,6,6,6,6,6,6,6,1,6,6,1,6,1,1,1,6,6,6,1,1,1,6,6,1,6,6,6,6,6,6,6,6,6,1,6,1,6,6,1,1,1,6,6,6,1,6,1,1,6,6,1,1,1,1,6,1,1,1,1,1,6,6,1,1,1,6,6,6,1,1,1,6,6,6,6,1,1,6,1,1,6,1,6,6,6,6,1,1,6,1,1,6,6,6,1,1,6,6,6,6,1,1,6,6,6,6,1,1,1,1,6,6,1,6,6,6,6,6,1,1,1,1,6,6,1,1,1,1,6,6,6,1,1,1,1,6,6,6,6,6,1,1,6,1,1,1,1,6,6,6,6,1,6,6,6,1,6,1,1,9,1,1,6,6,1,1,1,1,7,1,6,6,6,1,1,1,6,6,6,6,6,6,6,1,6,6,6,9,6,1,6,6,6,6,6,1,6,1,1,6,6,6,6,1,1,1,1,6,1,6,6,1,6,6,6,1,1,6,6,1,9,1,1,1,6,9,9,9,9,9,9,9,9,9,9,9,9,9,9,9,9,9,9,9,9,9,9,9,9,6,9,9,9,9,9,9,9,1,1,1,1,1,6,6,6,1,1,9,9,9,9,9,9,9,9,9,9,9,9,1,1,1,1,1,1,1,1,1,1,1,1,1,1,1,1,1,1,1,6,6,6,6,1,6,9,9,1,1,1,1,1,1,1,1,9,9,9,9,9,9,9,9,9,9,9,9,9,9,9,9,9
2,14657,SENSENBRENNER,200,1,1,1,6,1,6,1,1,1,1,1,6,6,6,6,6,6,6,6,1,6,1,1,1,1,1,1,6,6,1,1,1,1,1,1,6,6,6,6,6,6,6,6,1,6,6,6,6,6,1,1,6,1,1,1,6,1,1,1,1,1,1,6,1,1,1,1,1,1,1,1,1,1,1,1,1,1,1,1,1,1,1,1,1,1,1,1,1,1,1,1,1,1,1,1,1,1,1,1,1,1,1,1,6,6,6,6,6,6,6,6,6,1,1,1,1,6,6,1,1,6,1,6,6,1,1,1,1,1,1,6,9,6,6,1,1,1,1,6,6,6,6,6,6,6,6,1,6,6,6,1,6,6,6,6,6,1,1,1,1,1,1,1,6,6,6,1,1,1,1,1,1,1,1,1,1,1,1,1,1,1,6,1,6,1,1,1,1,1,1,1,1,1,1,1,1,1,1,1,1,1,1,1,6,1,6,1,1,1,1,1,1,1,6,1,1,1,1,1,1,1,1,1,1,1,1,1,1,1,1,1,1,1,1,6,1,1,1,1,1,1,6,1,1,1,1,1,6,1,1,1,1,1,1,1,1,1,1,1,1,1,1,1,1,1,6,1,1,1,1,1,1,1,1,1,1,1,6,6,6,1,6,1,1,1,1,1,1,1,1,1,6,1,1,1,1,1,1,1,1,1,1,1,6,1,1,1,1,1,1,1,1,6,1,1,1,6,1,1,1,1,1,1,1,1,1,1,1,1,1,1,1,1,6,6,1,1,1,1,6,1,6,1,1,1,1,1,1,6,6,1,6,1,1,1,1,6,6,6,1,1,1,6,1,1,1,1,1,1,6,1,1,6,1,1,6,1,1,1,1,1,1,1,6,6,6,6,6,6,1,1,1,1,6,6,6,1,6,6,6,1,1,6,6,1,1,1,1,1,1,1,1,1,1,1,1,6,1,6,6,6,6,6,6,1,1,1,1,6,1,6,6,6,1,1,1,1,1,1,1,1,1,1,1,1,1,1,1,6,1,1,1,1,1,1,1,1,6,6,6,6,1,1,6,6,1,1,1,1,6,1,6,1,6,6,6,1,1,6,1,1,6,1,1,1,1,1,1,6,6,1,6,1,6,6,1,1,1,6,6,1,1,6,6,6,6,1,1,1,1,1,1,6,1,6,1,1,1,6,6,6,6,1,1,1,6,6,1,6,1,1,1,6,6,6,1,1,1,1,6,1,1,1,1,1,1,6,1,1,1,1,6,6,1,6,1,1,1,1,1,1,1,6,1,6,6,1,1,1,1,1,1,1,6,6,6,6,6,1,1,1,1,1,6,6,6,1,1,1,1,1,1,6,6,1,6,6,1,1,1,1,1,1,6,1,1,1,1,1,1,1,6,1,1,1,1,1,6,1,1,1,1,1,1,1,1,1,6,1,1,1,1,1,1,1,1,1,1,1,1,6,1,1,1,6,6,1,1,6,1,1,1,6,1,1,1,1,1,1,1,6,1,1,1,1,1,1,1,1,1,1,1,6,1,9,9,9,9,9,6,1,6,1,1,1,1,1,1,1,6,1,1,1,1,6,1,1,1,1,6,1,1,1,1,1,1,1,6,1,1,1,1,6,6,6,1,1,1,1,1,6,1,6,6,1,1,1,1,1,1,1,1,1,1,1,1,1,1,6,1,1,1,1,1,6,1,1,1,1,1,1,1,1,1,1,1,1,1,1,1,1,1,1,1,1,1,1,1,1,1,1,1,1,1,1,6,1,1,1,1,1,1,6,1,1,1,6,1,1,1,1,1,1,1,6,1,1,1,1,1,6,1,1,1,6,1,6,1,1,1,1,1,1,6,1,6,1,6,1,1,1,1,1,1,1,1,6,1,1,1,1,1,1,6,1,1,1,1,1,1,1,1,6,1,1,1,1,1,1,1,1,1,1,1,1,1,1,1,6,1,1,6,6,1,6,1,6,1,1,1,6,6,1,1,1,1,1,1,1,1,1,1,6,1,6,1,1,1,1,1,1,1,1,1,1,1,1,1,1,1,1,1,1,1,1,1,1,1,1,1,6,1,1,1,1,1,1,1,1,6,1,1,1,1,1,6,6,6,6,1,1,6,1,1,6,1,1,1,1,1,1,1,1,6,1,1,1,1,6,1,6,6,1,6,6,1,6,1,1,1,1,6,6,6,1,1,1,1,1,1,1,1,1,1,1,1,1,1,1,1,1,6,1,6,1,1,1,6,1,1,1,1,1,6,1,1,1,1,1,1,1,1,6,6,1,1,6,1,1,1,1,1,1,1,1,1,6,1,6,1,6,1,1,1,1,1,6,1,1,1,6,1,1,6,1,1,1,1,1,1,1,1,1,1,1,1,1,1,6,6,6,1,1,1,1,1,1,1,6,1,1,1,1,1,6,1,1,1,1,1,6,6,1,1,1,1,1,1,1,6,1,6,1,1,1,1,6,1,9,9,9,9,1,1,6,6,6,6,1,1,1,1,1,1,1,6,1,1,1,1,1,6,1,6,6,1,1,1,1,6,1,1,1,1,1,9,9,1,1,1,6,1,1,1,1,1,1,1,1,1,6,1,1,1,1,6,1,6,6,1,1,6,1,1,1,6,1,1,1,1,1,1,1,1,1,1,1,6,1,1,1,1,1,1,1,1,1,1,1,1,9,9,9,9,9,9,9,9,9,1,9,1,1,1,1,1,6,1,1,1,1,1,1,6,1,6
3,14854,ROGERS,200,1,1,1,6,1,6,1,1,1,1,1,6,6,6,6,6,6,6,6,1,6,1,1,1,1,1,1,6,6,1,1,1,1,1,1,6,6,6,6,6,6,6,6,1,6,6,6,6,6,1,1,6,1,1,1,6,1,1,1,1,1,1,6,1,1,1,1,1,1,1,1,1,1,1,1,1,1,1,1,1,1,1,1,1,1,1,1,1,1,1,1,1,1,1,1,1,1,1,1,1,1,1,1,1,6,6,6,6,6,6,6,6,9,1,1,1,6,6,1,1,6,9,6,6,1,1,1,1,1,1,6,1,6,6,1,1,1,1,6,6,6,6,6,6,6,6,1,6,6,6,1,6,6,6,6,6,1,1,1,1,1,1,1,6,6,6,1,1,1,1,1,1,1,1,1,1,1,1,1,1,1,6,1,6,1,1,1,1,1,1,1,1,1,1,1,1,1,1,1,1,1,1,1,6,1,6,1,1,1,1,1,1,1,6,1,1,1,1,1,1,1,1,1,1,1,1,1,1,1,1,1,1,1,1,1,1,1,1,1,1,1,6,1,1,1,1,1,1,1,1,1,1,1,1,1,1,1,1,1,1,1,1,1,1,1,6,1,1,1,1,1,1,1,1,1,1,1,6,6,6,1,6,1,1,1,1,1,1,1,1,1,6,1,1,1,1,1,1,1,1,1,1,1,6,1,1,1,1,1,1,1,1,6,1,1,1,6,1,1,1,1,1,1,1,1,1,1,1,1,1,1,1,1,1,6,1,1,1,1,6,1,6,1,1,1,1,1,1,6,6,1,6,1,1,1,6,6,6,6,6,1,6,6,6,6,1,1,1,1,1,1,1,1,1,1,6,1,1,1,1,1,1,1,6,6,6,6,6,6,1,1,1,1,6,6,9,1,6,6,6,1,1,6,6,1,1,1,1,1,1,1,1,1,1,6,6,6,1,6,6,6,6,6,6,1,1,6,1,6,6,6,6,6,1,1,1,1,1,1,1,1,1,1,1,1,6,6,6,6,6,6,1,6,1,1,1,1,6,6,6,6,1,1,6,6,6,1,6,6,6,1,6,1,6,6,6,1,1,1,6,6,6,1,1,1,1,1,1,6,6,6,1,6,6,6,1,1,6,6,6,6,6,6,6,1,6,6,6,6,1,1,6,6,1,6,1,1,6,6,6,6,6,6,1,6,6,1,1,1,1,1,1,1,6,6,1,1,1,1,6,1,1,1,1,1,1,6,1,1,1,1,6,6,6,6,1,1,1,1,1,1,1,6,1,1,6,1,1,1,1,1,1,1,6,6,6,6,6,1,1,1,1,1,6,6,6,1,1,1,1,1,1,6,6,1,6,1,1,1,1,1,1,1,6,1,1,1,1,1,1,1,6,1,1,1,1,1,6,1,1,1,1,1,1,1,1,1,6,1,1,1,1,1,1,1,1,1,1,1,1,6,1,1,1,6,6,1,1,6,1,1,1,6,1,1,1,1,1,1,1,6,1,1,1,1,1,1,1,1,1,1,1,6,1,1,1,1,1,1,6,1,6,1,1,1,1,1,1,1,6,1,1,1,1,1,1,1,1,1,6,1,1,1,1,1,1,1,1,1,1,1,1,6,6,6,1,1,1,1,1,1,6,6,1,1,1,1,1,1,1,1,1,1,1,1,1,1,1,6,1,1,1,1,1,6,1,1,1,1,1,1,1,1,1,1,1,1,1,1,1,1,1,1,1,1,1,1,1,1,1,1,1,1,1,1,1,9,9,9,9,9,9,9,9,9,9,9,1,1,1,1,1,1,1,6,1,1,1,1,1,6,1,1,1,6,1,6,1,1,1,1,1,1,6,1,6,1,6,1,1,1,1,1,1,1,1,6,1,1,1,1,1,1,1,1,1,1,1,1,1,1,1,6,1,1,1,1,1,1,1,1,1,1,1,1,1,1,1,6,1,1,6,6,1,6,1,6,1,6,1,6,1,1,9,9,9,9,9,9,9,9,9,9,9,9,9,9,9,9,9,9,9,9,9,9,9,9,9,9,9,9,9,9,9,9,9,9,9,9,9,9,9,9,9,9,9,9,9,9,9,9,9,9,9,9,9,9,9,9,9,9,9,9,9,9,9,9,1,1,1,1,1,1,6,1,1,1,1,1,1,6,6,6,6,6,6,6,6,6,1,1,6,6,1,1,1,1,1,1,1,1,1,1,1,1,1,1,1,1,1,1,6,1,6,1,1,1,6,1,1,1,1,1,6,1,1,1,9,9,9,1,1,6,1,1,1,6,1,6,6,1,1,1,6,6,6,6,6,6,1,1,1,1,1,1,1,6,1,1,1,6,1,1,6,1,1,1,1,1,1,1,1,1,1,1,1,1,1,6,6,6,6,1,1,1,1,1,1,6,1,1,1,6,1,6,1,1,1,1,1,6,1,1,1,1,1,1,1,1,1,1,6,1,1,1,1,6,1,1,1,6,1,1,1,6,6,6,6,1,1,1,1,1,1,1,1,1,1,1,1,1,1,1,1,1,1,1,1,1,6,1,1,1,1,1,1,1,1,1,1,1,1,1,1,1,1,1,1,1,1,1,1,1,1,1,1,1,1,1,1,1,1,1,1,1,1,1,1,1,1,1,1,1,1,1,1,1,1,1,1,1,1,1,1,1,1,1,1,1,1,1,1,1,1,1,1,1,1,1,1,1,1,1,1,1,1,1,1,1,1,1,1,1,1,1,1
4,14863,SMITH,200,1,1,1,6,1,6,1,1,1,1,1,6,6,6,6,6,1,6,6,6,6,1,1,1,1,1,1,6,6,1,1,1,1,1,1,6,6,6,6,6,6,6,6,1,6,6,6,6,6,1,1,6,1,1,1,6,1,1,1,1,1,1,6,1,1,1,1,1,1,1,6,6,1,1,1,1,1,1,1,1,1,6,1,1,1,1,1,1,1,1,1,1,1,1,1,1,6,1,1,1,1,1,1,1,6,6,1,6,6,6,6,6,1,1,1,1,6,6,1,6,6,1,6,6,1,1,1,1,1,1,6,9,6,6,1,6,1,1,6,6,6,6,6,6,6,6,1,6,6,6,1,6,6,6,6,6,1,1,1,1,1,1,1,1,6,6,6,1,1,1,1,1,1,1,1,1,1,1,1,1,1,6,1,6,1,1,1,1,1,1,1,1,1,1,1,1,1,1,1,1,1,1,1,6,1,6,1,1,1,1,1,1,1,6,1,1,1,1,1,1,1,1,1,1,1,1,1,1,1,1,1,1,1,1,1,1,1,1,1,1,1,6,6,1,1,1,1,1,1,1,1,1,1,1,6,1,1,1,1,1,1,1,1,6,1,6,1,1,1,1,1,1,1,1,1,1,1,1,1,6,1,6,1,1,1,1,1,1,1,1,1,1,1,1,1,1,1,1,1,1,1,1,1,6,1,1,1,9,9,1,1,1,6,1,1,1,6,6,1,1,1,1,1,1,1,1,1,1,1,1,1,1,6,6,6,1,1,1,1,6,9,6,1,1,1,1,1,1,1,6,1,6,1,1,1,6,6,6,6,6,1,6,6,6,1,6,6,1,6,6,1,1,6,1,1,6,1,1,1,1,1,1,1,6,6,6,6,6,6,6,1,1,1,6,6,6,1,6,6,6,1,1,6,6,1,1,1,1,1,1,1,1,1,1,6,6,6,6,6,6,1,6,6,6,1,1,6,6,1,1,6,1,6,1,1,1,1,1,1,1,1,1,1,6,6,6,6,6,1,6,6,6,6,1,6,1,1,1,6,1,6,1,6,6,6,1,1,6,1,1,6,1,6,6,1,6,6,6,1,6,6,6,1,1,1,1,6,1,1,6,6,1,6,6,6,1,1,1,1,1,1,1,1,6,1,1,6,6,6,6,6,6,6,6,6,1,1,1,6,6,6,6,6,6,1,6,1,1,1,1,1,1,1,6,6,1,1,1,1,9,1,1,1,1,1,1,6,1,1,1,1,6,6,6,6,6,1,1,1,1,1,1,6,1,1,6,1,1,1,1,1,1,1,6,6,6,6,1,1,1,1,1,1,6,1,6,1,6,1,1,1,1,6,1,1,6,6,1,1,1,1,1,1,6,1,1,1,1,1,1,1,6,1,1,1,1,1,6,1,1,1,1,1,1,1,1,1,6,6,1,1,1,1,1,1,6,1,1,1,1,6,6,1,1,6,6,6,1,6,1,1,6,6,1,1,1,1,1,1,1,6,6,1,1,1,1,1,1,1,1,1,1,6,1,1,1,1,1,1,6,1,6,1,1,1,1,1,1,1,6,6,1,1,1,1,1,1,6,1,6,1,1,1,1,1,1,1,1,1,1,1,1,6,6,6,1,1,1,6,1,1,6,6,1,1,1,1,1,1,1,1,1,1,1,1,1,1,1,6,1,1,1,1,1,6,1,1,1,1,1,1,1,1,1,1,1,1,1,1,1,1,1,1,1,1,1,1,1,1,1,1,1,1,1,1,1,1,1,1,1,1,1,6,1,1,1,6,1,1,1,1,1,1,1,6,1,1,1,1,1,6,1,1,1,6,1,6,6,1,1,1,1,1,6,1,6,1,6,1,1,1,1,1,1,1,1,6,1,1,1,1,1,1,1,1,1,1,1,1,1,1,1,6,1,1,1,1,1,1,9,1,1,1,1,1,1,1,1,6,6,1,1,6,6,1,6,6,1,6,6,6,1,1,1,1,1,1,1,1,1,1,1,6,1,6,1,1,1,1,1,1,1,1,1,1,1,1,1,1,1,6,6,6,6,6,6,6,6,1,6,6,6,1,1,1,1,1,1,1,6,1,1,1,1,1,6,6,6,6,1,1,1,1,1,6,1,1,1,1,1,1,1,1,6,1,1,1,1,1,1,1,6,6,6,6,6,6,6,6,1,1,6,6,1,1,1,1,1,1,1,1,1,1,1,1,1,1,1,1,1,1,6,1,6,1,1,1,6,6,1,6,1,1,6,1,1,1,1,1,1,1,1,6,1,1,1,6,1,1,1,1,1,1,6,6,6,6,1,6,1,1,1,1,1,1,1,6,1,1,1,6,1,1,6,1,1,1,1,1,1,1,1,1,1,1,1,1,6,6,1,6,6,6,1,6,6,6,6,1,6,6,6,6,6,6,1,1,1,6,1,6,1,1,1,1,1,1,1,1,1,1,6,1,1,1,1,6,1,1,1,6,1,1,1,6,6,1,6,6,1,1,1,1,1,1,1,9,1,1,1,1,1,1,1,1,1,1,1,1,6,6,1,1,1,1,1,6,1,1,1,1,1,1,1,1,1,1,1,9,1,1,1,1,1,1,1,1,1,1,1,1,1,1,1,1,1,1,1,1,1,1,1,1,1,1,1,1,1,1,6,1,1,1,1,1,1,1,1,1,1,1,1,1,1,1,1,1,1,1,1,1,1,1,1,1,1,1,1,1,1,1,1,1,6,1,1
5,14873,HOYER,100,6,6,6,1,6,1,6,6,6,1,6,1,1,1,1,1,1,1,1,6,1,6,1,1,9,6,6,1,1,1,6,6,1,6,6,1,1,1,1,1,1,1,1,6,1,1,1,1,1,6,6,1,6,6,6,1,6,6,1,1,6,6,1,6,9,1,6,6,6,6,6,6,6,6,6,6,6,1,1,6,6,6,6,6,1,1,6,6,6,6,6,6,6,6,6,6,6,6,1,6,1,6,6,1,1,1,1,1,1,1,1,1,6,6,6,6,1,1,6,6,1,6,1,1,6,1,6,6,6,6,1,6,1,1,1,1,6,6,1,1,1,1,1,1,1,1,6,1,1,1,6,1,1,1,1,1,6,1,1,6,6,6,6,1,1,1,6,6,1,1,6,9,9,9,6,6,1,6,6,1,6,1,1,1,6,1,6,6,6,6,6,1,6,1,1,6,6,6,6,6,6,6,6,1,6,1,6,1,1,6,9,9,9,1,1,9,9,6,1,1,1,9,6,6,1,1,6,6,6,1,1,1,6,6,1,1,1,1,6,6,1,1,6,6,6,6,1,1,1,6,6,6,6,9,6,1,1,6,6,6,1,6,6,6,1,1,6,1,1,6,6,1,6,6,6,1,1,1,1,1,6,1,1,1,1,1,6,6,6,6,6,1,6,6,6,6,6,6,1,1,6,6,6,1,6,6,6,1,1,6,6,6,1,6,6,6,1,6,1,6,1,1,1,6,6,6,1,1,1,6,6,6,6,6,1,6,1,6,6,1,6,1,6,9,1,6,6,1,1,1,6,9,6,6,6,6,1,1,1,1,6,1,1,6,1,6,6,6,6,1,6,6,6,6,1,1,1,1,1,1,6,6,1,1,1,1,1,1,1,6,6,6,6,1,1,1,6,1,1,1,6,1,1,1,6,6,6,1,6,6,6,1,6,6,6,6,1,6,1,1,1,6,1,1,6,6,6,6,1,1,1,1,1,6,6,1,1,1,1,1,6,6,6,6,6,6,6,6,1,6,6,6,6,6,6,6,6,1,1,1,1,6,6,1,1,6,6,6,6,1,6,1,6,1,1,1,6,6,1,6,6,1,6,1,6,6,6,9,1,1,6,1,6,1,1,6,6,1,1,1,1,6,6,1,1,1,6,6,6,6,6,6,1,6,1,6,6,6,1,1,1,1,6,6,6,1,6,1,6,1,6,6,6,1,1,6,6,6,9,1,6,6,1,1,6,6,1,6,1,6,6,6,1,6,1,6,1,1,6,6,1,1,1,1,1,1,1,1,1,1,6,6,1,1,1,1,1,1,6,1,6,6,6,1,1,1,6,6,1,1,6,6,1,1,6,1,6,1,6,9,6,6,6,1,6,1,1,6,9,9,9,1,6,1,6,6,1,1,6,1,6,1,1,6,6,6,9,1,6,1,6,6,1,1,1,6,1,1,6,6,1,6,6,6,1,1,6,1,1,6,6,6,1,1,1,6,1,6,6,1,1,6,1,6,6,1,6,1,6,1,1,1,1,6,6,6,6,6,1,1,6,1,6,6,1,1,6,6,1,1,6,1,6,1,6,6,6,6,1,1,6,6,6,6,1,6,6,6,1,1,1,1,6,6,6,6,6,6,6,1,6,6,1,1,1,1,1,6,6,1,1,6,1,9,6,6,6,6,1,6,6,1,1,6,6,6,6,6,6,1,6,1,1,6,6,6,1,1,1,6,6,6,6,6,6,6,6,1,1,6,6,6,6,6,6,6,1,1,6,6,1,1,1,6,6,1,6,1,1,6,6,6,6,6,1,6,1,1,1,1,1,6,6,6,1,6,1,6,6,1,6,6,1,1,6,1,6,1,6,6,6,1,1,9,9,9,1,6,1,6,6,1,1,6,1,1,1,1,6,6,6,6,1,6,6,1,1,1,1,6,6,1,1,1,1,1,6,6,1,6,1,1,6,6,6,6,1,1,6,6,1,1,6,1,1,6,6,6,6,9,9,6,1,6,6,1,6,1,1,1,6,6,6,1,1,6,6,6,6,6,6,6,6,6,6,6,6,6,1,6,1,6,6,1,1,1,9,9,9,1,6,1,6,6,6,6,6,1,1,6,1,6,1,1,1,6,1,1,1,1,6,6,6,1,1,1,6,6,6,6,1,1,6,1,1,6,1,6,6,6,6,1,1,6,9,9,9,6,6,1,1,1,6,6,6,1,1,6,6,6,6,1,6,1,1,6,6,1,6,6,6,6,6,1,1,1,1,9,9,9,6,1,1,6,6,6,1,1,1,6,6,6,6,6,6,1,1,1,1,1,9,9,6,6,6,6,1,6,6,6,1,6,1,9,9,1,1,6,6,1,1,1,1,7,1,6,6,6,1,1,1,6,9,9,9,9,9,9,9,9,9,9,9,9,9,9,9,9,9,6,1,6,1,1,6,6,6,6,6,1,1,1,6,6,6,1,1,6,6,6,1,1,6,6,1,1,1,1,6,6,9,1,1,9,9,1,1,1,6,6,1,1,6,1,6,6,6,6,6,1,6,1,1,1,6,1,6,1,1,6,1,1,1,1,1,1,1,6,6,6,1,1,1,1,1,1,1,1,1,1,1,1,6,1,1,9,1,1,1,1,1,1,1,1,1,1,1,1,1,6,1,1,1,6,6,6,6,1,6,1,1,1,1,1,1,1,1,1,1,1,1,1,1,1,1,1,1,1,1,1,6,1,1,6,6,1
6,15019,COOPER,100,6,6,6,1,6,1,6,6,6,1,6,1,1,1,1,1,1,1,1,6,1,6,1,1,6,6,1,6,6,1,6,6,1,6,1,1,1,1,1,1,1,1,1,6,1,1,1,1,1,6,6,1,6,6,6,6,6,1,1,1,6,6,1,6,1,1,6,6,6,6,6,6,6,6,6,6,6,1,1,9,9,6,6,6,1,1,6,6,6,6,6,6,6,6,6,1,6,6,1,6,1,6,6,1,1,1,1,1,1,1,1,1,6,6,6,1,6,1,1,6,6,1,6,1,1,1,6,6,6,6,1,1,1,1,1,1,6,6,1,1,1,1,1,1,1,1,6,1,1,1,6,1,1,1,1,1,6,1,1,6,6,6,1,1,1,1,6,6,1,1,1,1,1,1,6,6,1,6,6,1,6,1,1,1,6,1,6,6,1,6,6,1,1,1,1,6,6,6,6,6,6,6,6,1,6,1,6,1,1,6,6,6,6,1,1,6,6,6,1,1,1,1,6,6,1,1,1,6,6,1,1,1,1,6,1,1,1,1,6,6,1,1,6,1,6,1,1,1,1,1,6,6,1,1,6,1,1,6,6,6,1,6,6,6,1,6,1,1,1,6,6,1,6,6,6,1,1,1,1,1,6,1,1,1,1,1,6,6,6,6,6,1,1,6,1,6,6,6,1,1,6,6,1,1,6,1,6,1,1,6,6,6,1,1,6,6,1,6,1,1,1,1,1,6,6,1,1,1,1,6,6,1,6,6,1,6,1,6,6,1,6,1,1,1,1,6,6,1,1,1,6,6,6,1,6,6,6,1,6,6,1,6,6,1,1,6,6,6,6,1,6,6,6,6,1,1,1,1,1,1,6,6,1,1,1,1,1,1,1,6,6,6,6,1,1,1,6,1,1,1,6,1,1,1,6,6,6,1,6,6,6,1,6,6,6,6,1,6,1,1,1,6,1,1,6,6,6,6,1,6,1,1,1,6,6,1,1,1,9,1,6,6,1,6,6,1,6,6,1,6,6,6,6,6,6,6,6,1,6,1,1,6,6,1,1,6,6,6,6,1,6,1,6,1,1,1,6,6,1,1,6,6,6,1,6,6,6,6,1,1,6,1,6,1,1,6,6,1,1,1,1,1,1,1,1,6,6,6,6,6,6,6,1,9,1,6,6,6,1,6,6,1,6,6,1,1,6,1,6,1,6,6,1,1,1,6,6,6,1,1,6,6,1,1,6,6,1,6,1,6,6,6,6,6,6,6,1,1,6,6,1,1,6,1,1,1,1,1,1,1,6,6,1,6,6,6,6,6,1,1,6,6,1,1,1,1,6,6,1,1,6,6,1,1,6,1,6,1,6,6,6,6,6,1,6,1,1,1,6,6,1,1,6,1,6,6,1,1,6,1,6,1,1,1,6,6,1,1,1,1,6,6,1,1,1,6,1,1,6,6,1,6,6,6,1,1,1,1,1,6,1,6,1,1,1,1,1,6,6,1,1,6,1,6,6,1,1,1,6,1,1,1,1,1,6,6,6,6,6,1,1,1,6,6,1,1,6,6,1,1,6,1,1,1,1,6,6,6,1,1,1,1,6,6,1,1,6,1,1,1,1,1,6,6,6,6,6,6,6,1,1,6,1,1,1,1,1,6,6,1,1,6,1,1,6,6,6,6,1,1,6,1,1,6,6,1,6,6,6,1,1,1,1,6,6,1,1,1,1,6,6,6,6,6,6,6,1,1,1,1,1,1,1,6,6,6,1,1,6,6,1,1,1,1,6,6,1,1,1,6,6,6,6,6,1,6,1,1,1,1,1,1,6,6,1,6,1,6,1,1,6,6,1,1,1,1,6,1,1,6,6,1,1,6,6,1,1,1,1,6,6,1,1,1,1,1,1,1,1,6,6,1,1,6,1,1,1,1,1,6,6,1,1,1,1,1,6,6,1,6,1,1,6,6,1,1,6,1,1,6,1,1,6,1,1,6,6,1,6,6,6,6,1,6,6,1,1,1,1,1,6,6,9,1,1,1,6,6,1,1,6,6,6,1,6,6,6,6,1,1,1,6,1,1,1,1,6,6,1,1,1,1,6,6,6,6,6,6,1,6,1,6,6,1,6,6,1,1,1,1,6,6,1,1,1,1,6,6,1,6,1,1,6,6,6,6,1,1,6,6,6,1,1,6,1,1,1,6,6,1,1,1,6,1,1,1,1,1,6,6,6,1,1,1,1,6,6,1,6,6,6,6,6,1,1,1,1,6,6,1,1,1,1,6,6,6,1,1,6,9,6,6,6,6,6,6,1,6,1,1,1,1,6,6,6,6,1,6,6,6,1,6,1,1,6,1,1,6,6,1,1,1,1,7,1,6,6,6,1,1,1,6,6,6,6,6,6,6,1,6,6,6,6,6,1,6,6,6,6,6,1,6,1,1,6,6,6,6,6,1,1,1,6,6,6,1,1,1,6,6,1,1,6,6,1,1,1,1,1,6,1,1,1,6,1,1,1,1,6,6,1,1,1,1,1,6,6,6,6,1,6,1,1,1,6,1,1,1,1,6,1,1,1,1,1,1,1,6,6,1,1,1,1,1,1,1,1,1,1,1,1,1,6,6,1,1,1,1,1,1,1,1,1,1,1,1,1,1,1,1,1,1,1,6,6,6,6,1,6,1,1,1,1,1,1,1,1,1,1,1,1,6,1,1,1,1,1,1,1,1,6,1,1,6,6,1
7,15029,KAPTUR,100,6,6,6,1,6,1,6,6,6,6,6,1,1,1,1,1,1,1,1,6,1,6,1,1,1,6,1,1,1,6,6,6,1,6,1,1,1,1,1,1,1,1,1,6,1,1,1,1,1,6,6,1,6,6,6,1,6,6,9,9,6,6,1,6,1,1,6,6,6,6,6,6,6,6,6,6,6,1,1,6,6,6,6,6,1,1,6,6,6,6,6,6,6,9,6,6,6,6,1,6,1,6,6,1,1,1,1,1,1,1,1,1,6,6,6,6,1,1,6,6,1,6,1,1,6,1,6,6,6,6,1,6,1,1,9,6,6,6,1,9,1,1,1,1,1,1,6,1,1,1,6,1,1,1,1,1,6,1,1,6,6,6,1,1,1,1,6,6,1,1,1,1,1,1,6,6,1,6,6,1,6,1,1,1,6,1,6,6,6,6,6,1,6,1,1,6,6,1,6,6,6,6,6,1,6,1,6,1,1,6,6,6,6,1,6,6,6,6,6,1,1,1,6,6,1,1,1,6,6,1,1,1,1,6,1,1,1,1,6,6,1,1,6,1,6,6,1,1,1,1,6,6,1,1,6,1,1,6,6,6,1,6,6,6,1,1,1,1,1,6,6,1,6,6,6,1,1,1,1,1,6,1,1,1,1,1,6,6,6,6,6,6,6,6,6,6,6,6,1,1,6,6,1,1,1,1,6,1,1,6,6,6,1,6,6,6,1,6,1,6,1,1,1,6,6,1,1,1,1,6,6,6,6,1,1,6,1,6,6,1,6,1,6,1,1,6,6,1,1,1,6,1,6,6,6,1,1,1,1,1,6,1,1,6,1,6,9,6,6,6,6,6,6,6,1,1,1,1,1,1,6,6,1,1,9,1,1,1,1,6,6,6,6,1,1,1,6,1,1,1,6,6,1,1,6,6,6,1,6,6,6,1,6,6,6,6,1,6,6,6,1,1,1,1,6,6,6,6,1,1,1,1,1,6,6,1,1,1,1,1,6,6,1,6,6,6,6,6,1,6,6,6,6,6,6,6,6,1,1,1,1,6,6,1,1,6,6,6,6,1,6,1,6,1,1,1,6,6,1,9,6,1,6,1,6,6,6,6,1,1,6,1,6,1,1,6,6,1,1,1,1,1,1,1,1,1,6,6,6,6,6,6,1,6,1,6,6,6,1,1,1,1,6,6,1,1,6,1,6,1,6,6,1,1,1,6,6,6,1,1,6,6,9,9,6,6,1,6,1,6,6,1,1,6,1,6,1,1,6,6,1,1,1,1,1,1,1,1,1,1,6,6,1,1,1,1,1,1,6,1,6,6,1,9,1,1,6,6,1,1,6,6,1,1,6,1,6,1,6,6,6,6,6,1,6,1,1,1,6,6,1,1,6,1,6,6,1,1,6,1,6,1,1,1,6,6,1,1,6,1,6,6,1,1,1,6,1,1,6,6,1,6,6,6,1,1,6,1,1,6,1,6,1,1,1,1,1,6,6,1,1,6,1,6,6,1,6,1,6,1,1,1,1,6,6,6,6,9,6,1,6,1,6,6,1,1,6,6,1,1,6,1,6,1,1,6,6,6,1,1,6,1,6,6,1,1,6,6,1,1,1,1,6,1,6,6,6,6,6,1,1,6,1,6,1,1,1,6,6,1,1,6,1,1,6,6,6,6,1,6,6,1,1,6,6,7,6,6,6,1,1,1,1,6,6,6,1,9,9,6,6,6,6,6,6,6,6,1,1,1,6,1,6,9,9,1,1,1,6,6,1,1,1,6,6,1,6,1,1,6,6,6,6,6,1,6,1,1,1,1,1,6,6,6,1,6,1,6,6,1,6,6,1,1,6,1,6,1,6,6,6,1,1,6,6,1,1,6,1,6,6,1,1,1,1,1,1,1,1,6,6,6,1,6,6,6,1,1,1,6,6,1,1,1,1,1,6,6,1,6,1,1,6,6,1,6,1,1,6,6,1,1,6,1,1,6,6,6,6,6,6,6,1,6,1,1,1,1,1,1,6,6,6,1,1,1,6,6,6,6,6,6,6,6,6,1,6,6,1,6,1,6,9,1,9,1,6,6,1,6,6,1,6,6,6,6,6,1,1,6,1,1,1,1,1,6,1,1,1,1,6,6,1,1,1,1,6,6,1,6,1,1,6,1,1,6,1,6,6,6,6,1,1,6,1,1,1,6,6,1,1,1,6,6,1,1,1,1,6,6,6,1,6,1,6,6,6,1,6,6,6,6,6,1,1,1,1,6,6,1,6,1,1,6,6,6,1,1,6,6,6,6,6,6,6,1,1,6,1,1,1,1,6,6,6,6,1,6,6,6,1,6,1,1,6,9,9,6,6,1,1,1,1,7,1,6,6,6,1,1,1,6,6,6,6,6,6,6,1,6,6,6,6,6,1,6,6,6,6,6,1,6,1,1,6,6,6,6,6,1,1,1,6,6,6,1,1,1,6,6,1,1,6,6,1,1,1,1,6,6,1,1,1,6,1,1,1,1,6,6,1,1,1,1,1,6,6,6,6,1,6,1,1,1,9,1,6,1,1,6,1,1,1,1,1,1,1,6,6,1,1,1,1,1,1,1,1,1,1,1,1,1,6,1,1,9,9,1,1,1,1,1,1,1,1,1,1,1,1,6,1,1,1,6,6,6,6,1,6,1,1,1,1,1,1,1,1,1,1,1,1,1,1,1,1,1,1,1,1,1,6,1,1,6,6,1
8,15033,LEVIN,100,6,6,6,1,6,1,6,6,6,1,6,1,1,1,1,1,1,1,1,6,1,6,1,1,6,6,1,1,1,1,6,6,1,6,6,1,1,1,1,1,1,1,1,6,1,1,1,1,1,6,6,1,6,6,6,1,6,6,1,1,6,6,1,6,1,1,6,6,6,6,6,6,6,6,6,6,6,1,1,6,6,6,6,6,1,1,6,6,6,6,6,6,6,6,6,6,6,6,1,6,1,6,6,1,1,1,1,1,1,1,1,1,6,6,6,6,1,1,6,6,1,6,1,1,6,1,6,6,6,6,1,6,6,6,1,1,6,6,1,1,1,1,1,1,1,1,6,1,1,1,6,1,1,1,1,1,6,1,1,6,6,6,6,1,1,1,6,6,1,1,6,1,1,1,6,6,1,6,6,1,6,1,1,1,6,1,6,6,6,6,6,1,6,1,1,6,6,6,6,6,6,6,6,1,6,1,6,1,1,6,6,6,6,1,6,6,6,6,1,1,1,1,6,6,1,1,6,6,6,1,1,1,1,6,1,1,1,1,6,6,1,1,6,6,6,6,1,1,1,6,6,6,6,1,6,1,1,6,6,6,1,6,6,6,1,1,6,1,1,6,6,1,6,6,6,1,1,1,1,1,6,1,1,1,1,1,6,6,6,6,6,1,6,6,6,6,6,6,1,1,6,6,6,1,6,6,6,1,1,6,6,6,1,6,6,6,1,6,1,6,1,1,1,6,6,6,1,1,1,6,6,6,6,6,1,6,1,6,6,1,6,1,6,1,1,6,6,1,1,1,6,1,6,6,6,1,1,1,1,1,6,1,1,1,1,6,6,6,6,6,6,6,6,6,1,1,6,1,1,1,6,6,1,1,1,1,1,1,1,6,6,6,6,1,1,1,6,1,1,1,6,1,1,1,6,6,6,1,6,6,6,1,6,6,6,6,1,6,1,1,1,1,1,1,6,6,6,6,1,1,1,1,1,6,6,1,1,1,1,1,6,6,6,6,6,6,6,6,1,6,6,6,6,6,6,6,6,1,1,1,1,6,6,1,1,6,6,6,6,1,6,1,6,1,1,1,6,6,1,6,6,1,6,1,6,6,6,6,1,1,6,1,6,1,1,6,6,1,1,1,1,1,6,1,1,1,6,6,6,6,6,6,1,6,1,6,6,6,1,1,1,1,6,6,1,1,6,1,6,1,6,6,6,1,1,6,6,6,1,1,6,6,1,1,6,6,1,6,1,6,6,6,6,6,1,6,1,1,6,6,1,1,1,1,1,1,1,1,1,1,6,6,1,1,1,1,1,1,6,1,6,6,6,1,1,1,6,6,1,1,6,6,1,1,6,1,6,1,6,6,6,6,6,1,6,1,1,1,6,6,6,1,6,1,6,6,1,1,6,1,6,1,1,1,6,6,6,1,6,6,6,6,1,1,1,6,1,1,6,6,1,6,6,6,1,1,6,1,1,6,6,6,1,1,1,6,1,6,6,1,1,6,1,6,6,1,6,1,6,1,1,1,1,6,6,6,6,6,6,1,6,1,6,6,1,1,6,6,1,1,6,1,6,1,6,6,6,6,1,1,6,6,6,6,1,6,6,6,1,1,1,1,6,6,6,6,6,6,6,1,6,1,1,6,1,1,1,6,6,1,1,6,1,6,6,6,6,6,1,6,6,1,1,6,6,6,6,6,6,1,6,1,1,6,6,6,1,1,6,6,6,6,6,6,6,6,6,1,1,6,6,6,6,6,6,6,1,1,6,6,1,1,1,6,6,1,6,1,1,6,6,6,6,6,1,6,1,1,1,1,1,6,6,6,1,6,1,6,6,1,6,6,1,1,6,1,6,1,6,6,6,1,1,6,6,1,1,6,6,6,6,1,1,1,1,1,1,1,6,6,6,6,1,6,6,6,1,1,1,6,6,1,1,1,1,1,6,6,1,6,1,1,6,6,6,6,1,1,6,6,1,1,6,1,1,6,6,6,6,6,6,6,1,6,6,1,6,1,1,1,6,6,6,1,1,1,6,6,6,6,6,6,6,6,6,6,6,6,1,6,1,6,6,1,1,1,6,6,6,1,6,6,6,6,6,6,6,1,1,6,1,1,1,1,1,6,1,1,1,1,6,6,6,1,1,1,6,6,6,6,1,1,6,1,1,6,1,6,6,6,6,1,1,6,1,1,6,6,6,1,1,1,6,6,6,1,1,6,6,6,6,1,6,1,6,6,6,1,6,6,6,6,6,1,1,1,1,6,6,1,1,1,1,6,6,6,1,1,6,6,6,6,6,6,6,1,1,1,1,1,1,1,6,6,6,6,1,6,6,6,1,6,1,1,6,1,1,6,6,1,1,1,1,7,1,6,6,6,1,1,1,6,6,6,6,6,6,6,1,6,6,6,6,6,1,6,6,6,6,6,1,6,1,1,6,6,6,9,6,1,1,1,6,6,6,1,1,6,6,6,1,1,6,6,1,1,1,1,6,6,1,1,1,6,1,1,1,1,6,6,1,1,7,1,1,6,6,6,6,1,6,1,1,1,6,1,6,1,1,6,1,1,1,1,1,1,1,6,6,6,1,1,1,1,1,1,1,1,1,1,1,1,6,1,1,1,1,1,1,1,1,1,1,1,1,1,1,1,1,6,1,1,1,6,6,6,6,1,6,1,1,1,1,1,1,1,1,1,1,1,1,6,1,1,1,1,1,1,1,1,6,1,1,6,6,1
9,15085,BARTON,200,1,1,1,6,1,6,1,1,1,1,1,6,6,6,6,6,6,6,6,1,6,1,1,1,1,1,1,6,6,1,1,1,1,1,1,6,6,6,6,6,6,6,6,1,6,6,6,6,6,1,1,6,1,1,1,6,1,1,9,9,1,1,6,1,1,1,1,1,1,1,1,1,1,1,1,1,1,1,1,1,1,1,1,1,1,1,1,1,1,1,1,1,1,1,1,1,9,9,9,9,9,1,1,6,6,6,6,6,6,6,6,6,1,1,1,1,6,6,1,1,6,1,6,6,1,1,1,1,1,1,6,1,6,6,1,1,1,1,6,6,6,6,6,6,6,6,1,6,6,6,1,6,6,6,6,6,1,1,1,1,1,1,1,6,6,6,1,1,1,1,1,1,1,1,1,1,1,1,1,1,1,6,1,6,1,1,1,1,1,1,1,1,1,9,1,1,1,1,1,1,1,1,1,6,1,6,1,9,9,1,1,1,1,6,1,1,1,1,1,1,1,1,1,1,1,1,1,1,1,1,1,1,6,1,1,1,1,1,1,1,1,6,1,1,1,1,1,6,1,1,1,1,1,1,1,1,1,1,1,1,1,1,1,1,1,6,1,1,1,1,1,1,1,1,1,1,1,6,6,6,1,6,1,1,1,1,1,1,1,1,1,6,1,1,1,1,1,1,1,1,1,1,6,6,1,1,1,9,1,1,1,1,6,1,1,1,6,1,6,1,1,1,1,1,1,1,1,1,1,1,1,1,1,6,6,1,1,1,1,6,1,6,1,1,1,1,1,1,6,6,1,6,1,1,1,6,6,6,6,6,1,6,6,6,6,1,1,1,1,6,1,1,1,1,1,6,1,1,1,1,1,1,1,6,6,6,6,6,6,1,1,1,1,6,6,6,1,6,6,6,1,1,6,6,1,1,1,1,1,1,1,1,1,1,1,1,6,1,6,6,6,6,6,6,1,1,1,1,6,6,6,6,6,1,1,1,1,1,1,1,1,1,1,1,1,1,1,1,6,6,1,1,1,1,1,1,1,1,6,1,6,1,1,6,6,1,1,1,1,6,1,6,1,6,6,6,1,1,6,1,6,6,1,1,1,1,1,1,6,6,6,1,1,6,6,1,1,6,6,1,1,6,6,6,6,6,1,6,1,1,1,1,6,1,6,1,1,1,6,6,6,6,1,1,1,6,1,1,1,1,1,1,1,6,6,1,1,1,1,6,1,1,1,1,1,1,6,1,1,1,1,6,6,1,6,1,1,1,1,1,1,1,6,1,6,6,1,1,1,6,1,1,1,6,6,6,6,6,1,1,1,1,6,6,6,6,1,1,1,1,1,1,6,6,1,6,1,1,1,1,1,1,1,6,1,1,1,1,1,1,1,6,1,1,1,1,1,6,1,1,1,1,1,1,1,1,1,6,1,1,1,1,1,9,9,1,1,1,1,1,6,1,1,1,6,6,1,1,6,1,6,1,9,1,1,1,1,1,1,1,6,1,1,1,1,9,1,1,1,1,1,1,6,1,1,1,1,1,1,6,1,6,1,1,1,1,1,1,1,6,1,1,1,1,6,1,1,1,1,6,1,1,1,1,1,6,1,1,1,1,1,1,6,6,6,1,1,1,1,1,6,1,1,1,1,1,1,1,1,1,1,1,1,1,1,1,1,1,6,1,1,1,1,1,6,9,9,9,9,9,9,9,9,1,1,1,1,1,1,1,1,1,1,1,1,1,1,1,1,1,1,1,1,1,1,6,1,1,1,1,1,1,6,1,1,6,1,1,1,1,1,1,1,1,6,1,1,1,1,1,6,1,1,1,6,1,6,1,1,1,1,1,1,6,1,6,1,6,1,1,1,1,1,1,1,1,6,1,6,1,1,1,1,6,1,1,1,1,1,1,1,1,6,1,1,1,1,1,1,1,1,1,1,1,1,1,1,1,6,1,1,6,6,1,6,1,6,1,6,1,6,1,1,1,1,1,1,1,1,1,1,1,9,1,6,1,1,1,1,1,1,1,1,1,1,1,1,1,1,6,6,6,1,6,1,6,6,1,1,1,6,1,9,1,1,1,1,1,1,6,1,1,1,1,1,6,6,6,6,1,1,6,6,1,6,1,1,1,1,1,1,1,1,6,1,1,1,1,1,1,6,6,6,6,6,1,6,1,1,1,9,6,6,1,1,1,1,1,1,1,1,1,1,1,1,1,1,1,1,1,1,6,1,6,1,1,1,6,1,1,1,1,1,6,1,1,1,1,1,1,1,1,6,1,1,1,6,1,6,1,1,9,1,6,6,6,6,6,6,1,1,1,1,1,1,1,6,1,1,1,6,1,1,6,1,9,9,1,1,1,1,1,1,1,1,1,1,1,6,6,6,6,1,1,1,1,1,1,6,1,1,1,1,1,6,1,1,1,1,1,6,1,9,9,1,1,1,1,1,6,1,6,1,1,1,1,6,1,9,1,6,1,1,1,6,6,6,6,1,1,1,1,1,1,1,6,1,1,1,1,1,6,1,1,1,1,1,1,1,6,9,9,1,1,9,9,9,9,9,1,6,1,1,1,1,1,1,1,1,1,9,1,9,9,9,9,9,9,9,9,9,9,9,9,1,1,1,1,1,1,1,1,1,1,1,1,1,1,1,1,1,1,1,1,1,1,1,1,1,1,1,1,1,1,1,1,1,1,1,1,1,1,1,1,1,1,9,1,1,1,1,1,1,1,1,9
10,15124,VISCLOSKY,100,6,6,6,1,6,1,6,6,6,1,6,1,1,1,1,1,1,1,1,6,1,6,9,9,6,6,6,1,1,6,6,6,1,6,6,1,1,1,1,1,1,1,1,6,1,1,1,1,1,6,6,1,6,6,6,6,6,6,1,1,6,6,1,6,1,1,6,6,6,6,6,6,6,6,6,6,6,1,1,6,6,6,6,6,1,1,9,9,9,9,9,6,6,6,6,6,6,6,1,6,1,6,6,1,1,1,1,1,1,1,1,1,6,6,6,6,1,1,6,6,1,6,1,1,6,1,6,6,6,6,6,6,6,6,1,6,6,6,1,1,1,1,1,1,1,1,6,1,1,1,6,1,1,1,1,1,6,1,1,6,6,6,6,1,1,1,6,6,1,1,6,1,1,1,6,6,1,6,6,1,6,1,1,1,6,1,6,6,6,6,6,1,6,9,9,6,6,6,6,6,6,6,6,1,6,1,6,9,9,9,9,9,9,9,9,6,6,6,6,1,1,1,6,6,1,1,6,6,6,1,1,1,6,6,1,1,1,1,6,6,1,1,6,6,6,6,1,1,1,6,6,6,6,1,6,1,1,6,6,6,1,6,6,6,1,1,6,1,1,6,6,1,6,6,6,1,1,1,1,1,6,1,1,1,1,1,6,6,6,6,6,1,6,6,6,6,6,6,1,1,6,6,6,1,6,1,6,1,1,6,6,6,1,6,6,6,1,6,1,6,1,1,1,6,6,6,1,1,1,6,6,6,6,6,1,6,1,6,6,1,6,1,6,1,1,6,6,1,1,1,6,6,6,6,6,6,1,1,1,1,6,1,1,1,6,6,6,6,6,6,6,6,6,6,1,1,6,9,1,1,6,6,1,1,1,1,1,1,1,6,6,6,6,1,1,1,6,1,1,1,6,1,1,1,6,6,6,1,6,6,6,1,6,6,6,6,1,6,1,1,1,1,1,1,6,6,6,6,1,1,1,1,1,6,6,1,1,1,1,1,6,6,6,6,6,6,6,6,1,6,6,6,6,6,6,6,6,1,1,1,1,6,6,1,1,6,6,6,6,1,6,1,6,1,1,1,6,6,1,6,6,1,6,1,6,6,6,6,1,1,6,1,6,1,1,6,6,1,1,1,1,1,1,1,1,1,6,6,6,6,6,6,1,6,1,6,6,6,1,1,1,1,6,6,1,1,6,1,6,1,6,6,6,1,1,6,6,6,1,1,6,6,1,1,6,6,1,6,1,6,6,6,6,6,6,6,9,9,6,6,1,1,1,1,1,1,1,1,1,6,6,6,1,1,1,1,1,1,6,1,6,6,6,1,1,1,6,6,1,1,6,6,1,1,6,1,6,1,6,6,6,6,6,1,6,1,1,9,6,6,6,1,6,1,6,6,1,1,6,1,6,9,9,9,9,9,9,1,6,6,6,6,1,1,1,6,1,1,6,6,1,6,6,6,1,1,6,1,1,6,6,6,1,1,1,6,1,6,6,1,1,6,1,6,6,1,6,1,6,1,1,1,1,6,9,9,9,9,9,9,9,9,9,6,1,1,6,6,1,1,6,1,6,1,6,6,6,6,1,1,6,6,6,6,1,6,6,1,1,1,1,1,6,6,6,6,6,6,6,1,6,6,1,6,1,1,1,6,6,1,1,6,1,6,6,6,6,6,1,6,6,1,1,6,6,6,6,6,6,1,6,1,1,6,6,6,1,1,6,6,6,6,6,6,6,6,6,1,1,6,9,9,6,6,6,1,1,1,6,6,1,1,1,6,6,1,6,1,1,6,6,6,6,6,1,6,1,1,1,1,1,6,6,6,1,6,1,6,6,1,6,6,1,1,6,1,6,1,6,6,6,1,1,6,6,6,1,6,6,6,6,1,1,1,1,1,1,1,6,6,6,6,1,6,6,6,1,1,1,6,6,1,1,1,1,1,6,6,1,6,1,1,6,6,6,6,1,1,6,6,1,1,6,1,1,6,6,6,6,6,6,6,1,6,6,1,6,9,9,9,6,6,6,1,6,1,6,6,6,1,6,6,6,6,6,6,6,6,1,6,1,6,6,1,1,1,6,6,6,1,6,1,6,6,6,6,6,1,1,6,1,1,1,1,1,6,1,1,1,1,6,6,6,1,1,1,6,6,6,6,1,1,6,1,1,6,1,6,6,6,6,1,1,6,9,9,9,6,6,1,1,1,6,1,1,1,1,6,6,6,6,1,6,1,1,6,6,1,6,6,6,6,6,1,1,1,1,6,6,1,6,1,1,6,6,6,1,1,6,6,6,6,6,6,6,6,1,6,1,1,1,1,6,6,6,6,1,6,6,6,1,6,1,1,6,9,9,6,6,1,1,1,1,1,1,6,6,6,1,1,1,6,6,6,6,6,6,6,1,6,6,6,6,6,1,6,6,6,6,6,1,6,1,1,6,6,6,6,6,1,1,1,6,6,6,1,1,1,6,6,1,1,6,6,1,1,1,1,6,6,1,1,1,6,1,1,1,1,6,6,1,1,1,1,1,6,6,6,6,1,6,1,1,1,9,1,6,1,1,6,1,1,1,1,1,1,1,6,6,6,1,9,1,1,1,1,1,1,1,1,1,1,6,6,1,1,1,1,1,1,1,1,1,1,1,1,1,1,1,6,1,1,1,6,6,6,6,1,6,1,9,9,9,1,1,1,1,1,1,1,1,6,1,1,1,1,1,1,1,1,6,1,1,6,6,1
11,15410,DeFAZIO,100,6,6,6,1,6,1,6,6,6,6,6,1,1,1,1,1,1,1,1,6,1,6,1,1,6,6,6,1,1,1,6,6,1,6,6,1,1,1,1,1,1,1,1,6,1,1,1,1,1,6,6,1,6,6,6,1,6,1,1,1,6,6,1,6,9,9,6,6,6,6,6,6,6,6,6,6,6,1,1,6,6,6,6,6,1,1,6,6,6,6,6,6,6,6,6,6,6,6,1,6,1,6,6,1,1,1,1,1,1,1,1,1,6,6,6,6,1,1,6,6,1,6,1,1,6,1,6,6,6,6,1,6,6,6,6,1,6,6,1,1,1,1,1,1,1,1,6,1,1,1,6,1,1,1,1,1,6,1,1,6,6,6,6,1,1,1,6,6,1,1,6,1,1,1,6,6,1,6,6,1,6,1,1,1,6,1,6,6,6,6,6,1,6,1,1,6,6,9,6,7,6,6,6,1,6,1,6,1,1,6,6,6,6,1,6,6,6,7,1,1,1,1,6,6,1,6,6,6,6,1,1,1,6,6,6,1,1,1,6,6,1,1,6,6,6,6,1,1,1,6,6,6,6,1,6,1,1,6,6,6,1,6,6,6,1,1,1,1,1,6,6,1,6,6,6,1,1,1,1,1,6,1,1,1,1,1,6,6,6,6,9,9,9,9,9,9,9,9,1,1,6,6,6,1,1,1,1,1,1,6,6,6,6,1,6,6,1,6,1,6,1,1,1,6,6,6,1,1,1,6,6,6,6,6,1,6,1,6,6,1,6,1,1,1,1,6,6,1,1,1,6,9,6,6,6,1,1,1,1,1,6,1,1,1,1,6,6,6,6,6,6,6,6,6,1,1,6,1,1,1,6,6,1,1,1,1,1,1,1,6,6,6,6,1,1,1,6,1,1,1,6,1,1,1,6,6,6,1,6,6,6,1,6,6,6,6,1,6,1,1,1,1,1,1,6,6,6,6,1,1,1,1,1,6,6,1,1,1,1,1,6,6,6,6,6,6,6,6,1,6,6,6,6,6,6,6,6,1,1,1,1,6,6,1,1,6,6,6,6,1,1,1,6,1,1,1,6,6,1,6,6,1,6,1,6,6,6,6,1,1,6,1,6,1,1,6,6,1,1,1,1,1,1,1,1,1,6,6,6,6,6,6,1,6,1,6,6,6,1,1,6,1,6,6,1,1,6,1,6,1,6,6,6,1,1,6,6,6,1,1,6,6,9,9,6,6,1,6,1,6,6,1,1,6,1,6,1,1,6,6,1,1,1,6,1,1,1,1,1,6,6,6,1,1,1,1,1,1,6,1,6,6,6,1,1,1,6,6,1,1,6,6,1,1,6,1,6,1,6,6,6,6,1,1,6,1,1,6,6,6,6,1,6,1,6,6,1,1,6,1,6,1,9,9,6,6,6,1,6,6,6,6,1,1,1,6,1,1,6,6,6,6,6,6,1,1,6,1,1,1,6,6,1,1,1,6,1,6,6,1,1,6,1,6,6,1,6,1,6,1,1,1,1,6,6,6,6,6,6,1,6,1,6,6,1,1,6,6,1,1,6,1,6,1,6,6,6,6,1,1,6,6,6,6,1,6,6,1,1,1,1,1,9,9,1,6,6,6,6,1,6,1,1,6,1,1,1,6,6,1,1,6,1,6,6,6,6,6,1,6,6,1,1,6,6,6,6,9,6,1,6,1,1,6,6,6,1,1,6,6,6,6,1,6,6,6,6,1,1,6,6,6,6,9,9,6,1,1,6,6,1,1,1,6,6,1,6,1,1,6,6,6,6,6,1,6,1,1,9,9,9,9,6,6,1,1,1,6,9,9,6,6,1,1,6,1,6,1,6,6,6,1,1,6,6,1,9,9,9,6,6,1,1,1,1,9,1,1,6,6,6,6,1,6,6,6,1,1,1,6,6,1,1,1,1,1,6,6,1,6,1,1,6,6,6,6,1,1,6,6,1,1,6,1,1,6,6,6,6,6,6,6,1,6,1,6,6,1,1,1,6,6,6,1,1,1,6,6,9,6,6,6,6,6,6,6,6,6,1,6,1,6,6,1,1,1,6,6,6,1,6,1,6,6,6,1,6,1,1,6,1,1,1,1,1,6,6,1,1,1,6,6,6,9,9,9,6,6,6,6,1,1,6,1,6,6,1,6,6,6,6,1,1,6,1,1,6,6,6,1,1,9,9,9,9,1,1,1,6,6,6,1,6,1,1,6,6,1,6,6,6,6,6,1,1,1,1,6,6,1,1,1,1,6,6,6,1,6,1,6,6,6,6,6,6,1,1,1,1,6,1,1,6,6,6,6,1,6,6,6,1,6,6,1,6,1,1,6,6,1,1,1,1,7,1,6,6,6,1,1,1,6,6,6,6,6,6,6,1,6,6,6,6,6,1,6,6,6,6,6,1,6,1,1,6,6,6,6,6,1,1,1,6,1,6,6,1,1,6,6,1,1,6,6,1,1,1,1,6,7,1,1,1,6,1,1,1,1,6,6,1,1,7,1,1,6,6,6,6,1,6,1,1,9,6,1,6,1,9,6,1,1,1,1,9,9,9,6,6,6,1,1,1,1,1,1,1,1,1,1,1,1,6,6,1,1,1,1,1,1,1,1,1,1,1,1,1,1,1,1,1,9,1,6,6,6,6,1,6,9,1,1,1,1,1,1,1,1,1,1,1,6,1,1,1,1,1,1,1,1,6,1,1,6,6,1
12,15431,LEWIS,100,6,6,6,1,6,1,6,6,6,6,6,1,1,1,1,1,1,1,1,6,1,6,1,1,6,6,6,1,1,6,9,9,9,6,6,1,1,1,1,1,1,1,1,6,1,1,1,1,1,6,6,1,6,6,6,1,6,6,1,1,6,6,1,6,1,1,6,6,6,6,6,6,6,6,6,6,6,1,1,6,6,6,6,6,1,1,6,6,6,6,6,6,6,6,6,9,6,6,1,6,1,6,6,1,1,1,1,1,1,1,1,1,6,6,6,6,1,1,6,6,1,6,1,1,6,1,6,6,6,6,1,6,9,1,6,1,6,6,1,1,1,1,1,1,1,1,6,1,1,1,6,1,1,1,1,1,6,1,1,6,6,6,6,1,1,1,6,6,1,1,1,1,1,1,9,9,9,6,6,1,6,1,1,1,6,1,6,6,6,6,6,1,6,1,1,6,6,6,6,6,6,6,6,1,6,1,6,1,1,6,6,6,6,1,6,6,6,6,6,1,1,1,6,6,1,1,6,6,6,1,1,1,6,6,6,1,1,1,6,6,1,1,6,6,6,6,1,1,1,6,6,6,6,1,6,1,1,6,6,6,1,6,6,6,1,1,6,9,9,6,6,1,6,6,6,1,1,1,1,1,6,1,6,1,9,9,6,6,6,6,6,1,6,6,6,6,6,6,9,9,6,6,6,1,6,6,6,9,9,6,6,6,1,6,6,6,1,6,1,6,1,1,1,6,6,6,1,1,1,6,6,6,6,6,1,6,1,6,6,1,6,1,6,1,1,6,6,1,1,1,6,1,6,6,6,1,1,1,1,1,6,1,1,1,1,6,6,6,6,6,6,6,6,6,1,1,6,1,1,1,6,6,1,1,1,1,1,1,1,6,6,6,6,1,1,1,6,1,1,1,6,1,1,1,6,6,6,1,6,6,6,1,6,6,6,6,1,6,1,1,1,1,1,1,6,6,6,6,1,1,1,1,1,6,6,6,1,1,1,1,6,6,6,6,6,6,6,6,1,6,6,6,6,6,6,6,6,1,1,1,1,6,6,1,1,6,6,6,6,1,6,1,6,1,1,1,6,6,1,6,6,1,6,1,6,6,6,6,1,1,6,1,6,1,1,6,6,1,1,1,1,1,6,1,1,1,6,6,6,6,6,6,1,6,1,6,6,6,1,1,1,1,6,6,1,1,6,1,6,1,6,6,6,1,1,6,6,6,1,1,6,6,1,1,6,6,1,6,1,6,6,1,1,6,1,6,1,1,6,6,1,1,1,1,1,1,1,1,1,6,6,6,1,1,1,1,1,1,6,1,6,6,6,1,1,1,6,6,1,1,6,6,1,1,6,1,6,1,6,6,6,6,6,1,6,1,1,6,6,6,6,1,6,1,6,6,1,1,6,1,6,1,1,6,6,6,6,1,6,6,6,6,1,1,1,6,1,6,6,9,1,6,6,6,1,1,6,1,1,6,6,6,1,1,1,6,6,6,6,1,1,6,1,6,6,1,6,1,6,1,1,1,1,6,6,6,6,6,6,1,6,1,6,6,1,1,6,6,1,1,6,9,6,1,6,6,6,6,1,1,6,6,6,6,1,6,6,6,1,1,1,1,9,9,1,6,6,6,6,1,6,1,1,6,1,1,1,9,9,9,9,9,9,9,6,6,6,6,1,6,6,1,6,6,6,9,6,6,6,1,6,1,1,6,6,6,1,1,6,6,6,6,6,6,6,6,6,9,9,9,6,6,6,9,6,6,1,1,6,6,1,1,1,6,6,1,6,1,1,6,6,6,6,6,1,6,1,1,1,1,1,6,6,6,1,6,1,6,6,1,6,6,1,1,6,1,6,1,6,6,6,1,1,6,6,1,1,6,6,6,6,9,1,6,1,1,1,1,6,6,6,6,1,6,6,6,1,1,1,6,6,1,1,1,1,1,9,9,1,6,1,9,9,9,9,9,9,9,9,9,9,9,9,1,1,6,6,6,6,6,6,6,1,6,1,6,6,1,1,1,6,6,6,1,1,6,6,6,6,6,6,6,6,6,6,6,6,6,1,6,1,6,6,9,9,9,6,6,6,1,6,6,6,9,9,9,9,9,9,9,9,9,9,9,9,9,9,1,1,1,6,6,6,1,1,1,6,6,6,6,1,1,6,1,1,6,1,6,6,6,6,1,1,6,1,1,6,6,9,1,1,6,9,9,9,1,1,6,6,6,6,1,6,1,6,6,6,1,6,6,6,6,6,1,1,1,1,6,6,1,6,1,1,6,6,6,1,1,6,6,6,6,6,6,6,1,1,6,1,6,1,1,6,6,6,9,1,6,6,6,1,6,6,1,6,1,1,6,6,1,1,1,1,7,1,6,6,6,1,1,1,6,6,6,6,6,6,6,1,6,6,6,6,6,1,6,6,6,6,6,1,6,1,1,6,6,6,6,6,1,1,1,6,6,6,6,1,6,6,6,1,1,6,6,1,1,1,1,6,6,1,1,1,6,1,1,1,1,6,6,1,1,7,1,6,6,6,6,6,1,6,1,1,1,6,9,6,1,1,6,1,1,9,9,1,1,1,6,6,6,1,1,1,1,1,1,1,1,1,1,1,1,6,1,1,9,1,1,1,1,1,1,1,1,1,1,1,1,1,6,1,1,1,6,6,6,6,1,6,1,1,1,1,1,1,1,1,1,1,1,1,6,1,1,1,1,1,1,1,1,6,1,1,6,6,1
13,15438,PRICE,100,6,6,6,1,6,1,6,6,6,6,6,1,1,1,1,1,1,1,1,9,1,6,1,1,6,6,1,1,1,1,6,6,1,6,6,1,1,1,1,1,1,1,1,6,1,1,1,1,1,6,6,1,6,6,6,1,6,6,1,1,6,6,1,6,1,1,6,6,6,6,6,6,6,6,6,6,6,1,1,6,6,6,6,6,1,1,6,6,6,6,6,6,6,6,6,6,6,6,1,6,1,6,6,1,1,1,1,1,1,1,1,1,6,6,6,6,1,1,6,6,1,6,1,1,6,1,6,6,6,6,6,6,6,6,1,6,6,6,1,1,1,1,1,1,1,1,6,1,1,1,6,1,1,1,1,1,6,1,1,6,6,6,6,1,1,1,6,6,1,1,6,1,1,1,6,6,1,6,6,1,6,1,1,1,6,1,6,6,6,6,6,1,6,1,1,9,9,9,9,6,6,6,6,1,6,1,6,1,1,6,6,6,6,1,1,6,6,6,1,1,1,1,6,6,1,6,1,6,6,1,1,1,1,6,1,1,1,1,6,6,1,1,6,1,6,6,1,1,1,6,6,6,6,1,6,1,1,6,6,6,1,6,6,6,1,1,6,1,1,6,6,1,6,6,6,1,1,1,1,1,6,1,1,1,1,1,6,6,6,6,6,1,6,6,6,6,6,6,1,1,6,6,6,1,6,1,6,1,1,6,6,6,1,6,6,6,1,6,1,6,1,1,1,6,6,6,1,1,1,6,6,6,6,6,1,6,1,6,6,1,6,1,6,1,1,6,6,1,1,1,6,6,9,9,6,6,1,1,1,1,6,1,1,1,1,6,6,6,6,6,6,6,6,6,1,1,6,1,1,1,6,6,1,1,1,1,1,1,1,6,6,6,6,1,1,1,6,1,1,1,6,1,1,1,6,6,6,1,6,6,6,1,6,6,6,6,1,6,1,1,1,1,1,1,6,6,6,6,1,1,1,1,1,6,6,1,1,1,1,1,6,6,1,6,6,6,6,6,1,6,6,6,6,6,6,6,6,1,1,1,1,6,6,1,1,6,6,6,6,1,6,1,6,1,1,1,6,6,1,6,6,1,6,1,6,6,6,6,1,1,6,1,6,1,1,6,6,1,1,1,1,1,6,1,1,1,6,6,6,6,6,6,1,6,1,6,6,6,1,1,1,1,6,6,1,1,6,1,6,1,6,6,6,1,1,6,6,6,1,1,6,6,1,1,6,6,1,6,1,6,6,1,1,6,1,6,1,1,6,6,1,1,1,1,1,1,1,1,1,1,6,6,1,1,1,1,1,1,6,1,6,6,6,1,1,1,6,6,1,1,6,6,1,1,6,1,6,1,6,6,6,6,6,1,6,1,1,6,6,6,6,1,6,1,6,6,1,1,6,1,6,1,1,6,6,6,6,1,6,6,6,6,1,9,1,6,1,1,6,6,1,6,6,6,1,1,6,1,1,6,6,6,1,1,1,6,1,6,6,1,1,6,1,6,6,1,6,1,6,1,1,1,1,6,6,6,6,6,6,1,6,1,6,6,1,1,6,6,1,1,6,1,6,1,6,6,6,6,1,1,6,6,6,6,1,6,6,1,1,1,1,1,6,6,6,6,6,6,6,1,6,1,1,6,1,1,1,6,6,1,1,6,1,6,6,6,6,6,1,6,6,1,1,6,6,6,6,6,6,1,6,1,1,6,6,6,1,1,6,6,6,6,6,6,6,6,6,1,1,6,6,6,6,6,6,6,1,1,6,6,1,1,1,6,6,1,6,1,1,6,6,6,6,6,1,6,1,1,1,1,1,6,6,6,1,6,1,6,6,1,6,6,1,1,6,1,6,1,6,6,6,1,1,6,6,1,1,6,6,6,6,1,1,1,1,1,1,1,6,6,6,6,1,6,6,6,1,1,1,6,6,1,1,1,1,1,6,6,1,6,1,1,6,6,6,6,1,1,6,6,1,1,6,9,9,6,6,6,6,6,6,6,1,6,6,1,6,1,1,1,6,6,6,1,1,6,6,6,6,6,6,6,6,6,6,6,6,6,1,6,1,6,6,1,1,1,6,6,6,1,6,1,6,6,6,6,6,1,1,6,1,1,1,1,1,6,1,1,1,1,6,6,6,1,1,1,6,6,6,6,1,1,6,1,1,6,1,6,6,6,6,1,1,6,1,1,6,6,6,1,1,1,6,6,6,9,9,9,6,6,6,1,6,1,1,6,6,1,6,6,6,6,6,1,1,1,1,6,6,1,6,1,1,6,6,6,1,1,6,6,6,6,6,6,6,1,1,6,1,1,1,1,6,6,6,6,1,6,6,6,1,6,1,1,6,1,1,6,6,1,1,1,1,7,1,6,6,6,1,1,1,6,6,6,6,6,6,6,1,6,6,6,6,6,1,6,6,6,6,6,1,6,1,1,9,9,9,9,6,1,1,1,6,6,6,1,1,6,6,6,1,1,6,6,1,1,1,1,6,6,9,9,9,9,9,9,1,1,6,6,1,1,6,1,6,6,6,6,6,1,6,1,1,1,6,1,6,1,1,6,1,1,9,9,1,1,1,6,6,6,1,1,1,1,1,1,1,1,1,1,1,1,6,1,1,1,1,1,1,1,1,1,1,1,1,1,1,1,1,6,1,1,1,6,6,6,6,1,6,1,1,1,1,1,1,1,1,1,1,1,1,6,1,1,1,1,1,1,1,1,6,1,1,6,6,1
14,15445,SMITH,200,1,1,1,6,1,6,1,1,1,1,1,6,6,6,6,6,6,6,6,1,6,1,1,1,9,1,1,6,6,1,1,1,1,1,1,6,6,6,6,6,6,6,6,1,6,6,6,6,6,1,1,6,1,1,1,6,1,1,1,1,1,1,6,1,1,1,9,1,9,9,1,1,1,9,1,1,1,1,1,1,1,1,1,1,1,1,1,1,1,1,1,1,1,1,1,1,1,1,1,1,1,9,9,1,6,6,6,6,6,6,6,6,1,1,1,1,6,6,1,1,6,1,6,6,1,1,1,1,1,1,6,1,6,6,1,9,1,1,6,6,6,6,6,6,6,6,1,6,6,6,1,6,6,6,6,6,1,1,1,1,1,1,1,6,6,6,1,1,1,1,1,1,1,1,1,1,1,1,1,1,1,6,1,6,1,1,1,1,1,1,1,1,1,1,1,1,1,1,1,1,1,1,1,6,1,6,1,1,1,1,1,1,1,6,1,1,1,1,9,1,1,1,1,1,1,1,1,1,1,1,1,1,1,1,1,1,1,1,1,1,1,6,1,1,1,1,1,6,9,1,1,1,1,1,1,1,1,1,1,1,1,1,1,1,1,6,1,9,9,1,1,1,1,1,1,1,1,6,6,6,1,6,1,1,1,1,9,9,9,9,9,9,9,1,1,1,1,1,1,1,1,1,1,6,1,1,1,1,1,1,1,1,6,1,1,1,6,1,1,1,1,1,1,1,1,1,1,1,1,1,1,1,1,6,6,1,1,1,1,6,1,6,1,1,1,1,1,1,6,6,1,6,1,1,1,6,6,6,6,6,1,6,6,6,6,1,1,1,1,6,1,1,1,1,1,6,1,1,1,1,1,1,1,6,6,6,6,6,6,1,1,1,1,6,6,6,1,6,6,6,1,1,6,6,1,1,1,1,1,1,1,1,1,1,6,6,1,1,6,6,6,6,6,1,1,1,6,1,6,1,6,6,6,1,1,1,1,1,1,1,1,1,1,1,1,1,1,1,6,1,1,1,1,1,1,1,1,6,6,6,6,1,1,6,6,1,1,6,1,6,1,6,1,6,6,6,1,1,1,1,1,6,1,1,1,1,1,1,6,6,1,6,6,6,6,1,1,6,6,6,6,6,6,6,1,1,1,1,1,1,1,1,6,1,6,1,1,1,6,6,6,6,1,1,6,6,1,1,1,1,1,1,1,6,6,1,1,1,1,6,1,1,1,1,1,1,6,1,1,1,1,6,6,1,6,1,1,1,1,1,1,1,6,1,1,6,1,1,1,1,1,1,1,6,6,6,6,6,1,1,1,1,1,6,6,6,1,1,1,1,1,1,6,6,1,6,1,1,1,1,1,1,1,6,1,1,1,1,1,1,1,6,1,1,1,1,1,6,1,1,1,1,1,1,1,1,1,6,1,1,1,1,1,1,1,1,1,1,1,1,6,1,1,1,6,6,1,1,6,1,1,1,6,1,1,1,1,1,1,1,6,1,1,1,1,1,1,1,1,1,1,1,6,1,1,1,1,1,1,6,1,6,1,9,9,9,9,1,1,6,1,1,9,9,9,9,9,9,9,9,9,9,9,9,9,9,9,9,9,1,1,1,6,6,6,1,1,1,1,1,1,6,6,1,1,1,1,1,1,9,1,1,1,1,1,1,1,1,6,1,1,1,1,1,6,1,1,1,1,1,1,1,1,1,1,1,1,1,1,1,1,1,1,1,1,1,1,1,1,1,1,1,1,1,1,1,1,1,1,1,1,1,6,1,1,6,1,1,1,1,1,1,1,1,6,1,1,1,1,1,6,1,9,9,9,9,9,9,1,1,1,1,1,6,1,6,1,6,1,1,1,1,1,1,1,1,6,1,1,1,1,1,1,1,1,1,1,1,1,1,1,1,6,1,1,9,1,1,1,1,1,1,1,1,1,1,1,1,6,1,1,6,6,1,6,1,6,1,1,1,6,1,1,1,1,1,1,1,1,9,1,1,6,1,6,1,1,1,1,1,1,1,1,1,1,1,1,1,1,6,6,6,1,6,1,1,6,6,1,1,6,1,9,1,1,1,1,1,1,6,1,1,1,1,1,6,6,6,6,1,1,6,1,1,6,1,1,1,1,1,1,1,1,6,1,1,1,1,9,1,6,6,6,6,6,1,6,1,1,1,1,6,6,1,1,1,1,1,1,1,1,1,1,1,1,1,1,9,1,1,1,6,1,6,1,1,1,6,1,1,1,1,1,6,1,1,1,1,1,1,1,1,6,6,1,1,6,9,9,9,1,1,1,6,6,6,6,6,6,1,1,1,1,1,1,1,6,1,1,1,6,1,1,6,1,1,1,1,1,1,1,1,1,1,1,1,1,1,6,1,6,6,1,1,1,1,1,1,6,1,1,1,1,1,6,1,1,1,1,1,6,1,1,1,1,1,1,1,1,9,9,6,1,1,1,1,6,1,1,1,6,1,1,1,6,6,6,6,1,9,1,1,1,1,1,1,1,9,1,1,1,1,1,1,1,1,1,1,1,6,1,1,1,9,1,1,1,1,1,9,9,1,1,1,1,1,1,1,1,1,1,1,1,1,1,1,1,1,1,1,1,1,1,1,1,1,1,1,1,1,1,1,1,1,1,1,1,1,1,1,1,1,1,9,1,1,1,1,1,1,1,1,1,1,1,1,1,1,1,9,9,9,9,9,9,9,9,9,9,9,9,9,9,9,9,9
15,15446,UPTON,200,1,1,1,6,1,6,1,1,1,1,1,6,6,6,6,6,6,6,6,1,6,1,1,1,1,1,6,6,6,1,1,1,1,1,1,6,6,6,6,6,6,6,6,1,6,6,6,6,6,1,1,6,1,1,1,6,1,1,1,1,1,1,6,1,1,1,1,1,1,1,1,1,1,1,1,1,1,1,1,1,1,1,1,1,1,1,1,1,1,1,1,1,1,1,1,1,6,1,1,1,1,1,1,1,6,6,6,6,6,6,6,6,1,1,1,1,6,6,1,1,6,1,1,6,1,1,1,1,1,1,6,1,6,6,1,1,1,1,6,6,6,6,6,6,6,6,1,6,6,6,1,6,6,6,6,6,1,1,1,1,1,1,6,6,6,6,1,1,1,1,6,1,1,1,1,1,1,1,1,1,1,6,1,6,1,1,1,1,6,1,1,1,6,1,1,1,1,1,1,1,1,1,1,6,1,6,1,1,1,1,1,1,1,6,1,1,1,1,1,1,1,1,1,1,1,1,6,1,1,1,1,1,6,1,1,1,1,1,1,1,1,6,1,6,1,1,1,1,1,6,1,1,6,1,1,1,1,1,1,1,1,1,1,1,1,6,1,1,1,1,1,1,1,1,1,1,1,6,6,6,1,6,1,1,1,1,1,1,1,1,1,6,1,1,1,1,1,1,1,1,1,1,6,6,1,1,1,1,1,1,1,1,6,1,1,1,6,1,1,1,1,1,1,1,1,6,1,1,1,1,1,6,1,6,6,1,1,1,1,6,1,6,1,1,1,1,1,1,6,6,1,6,1,1,1,6,6,6,6,6,1,6,6,6,6,1,6,1,6,1,6,1,1,1,1,6,1,1,1,1,1,1,1,6,6,6,6,6,6,1,1,1,1,6,6,6,1,6,6,6,1,1,6,6,1,1,1,1,1,1,1,1,1,1,6,6,6,6,6,6,1,6,6,1,1,1,1,6,6,1,6,6,6,1,1,1,1,1,1,1,1,1,1,6,6,6,6,6,6,6,6,6,1,1,6,1,1,1,6,6,6,1,6,6,6,6,1,6,6,6,1,6,6,1,6,6,6,1,1,1,6,6,1,1,1,1,1,1,1,6,6,1,6,6,6,1,1,1,6,6,1,1,1,1,1,6,6,6,1,6,1,1,6,1,6,1,1,1,6,6,6,6,1,1,1,6,1,1,1,1,1,1,6,6,6,1,1,1,1,6,1,1,1,1,1,1,6,1,1,1,1,6,6,6,6,1,1,1,1,1,1,1,6,1,1,6,1,1,1,6,1,1,1,6,6,6,6,6,1,1,1,1,6,6,6,6,1,1,1,1,1,1,6,6,1,6,1,1,9,9,9,9,9,9,9,9,9,9,1,1,1,6,1,1,1,1,1,6,1,1,1,1,1,6,1,1,6,6,1,1,1,1,1,1,1,1,1,1,1,1,6,6,1,1,6,6,6,1,6,1,6,1,6,1,1,1,1,1,1,1,6,1,1,1,1,1,6,1,1,1,1,1,6,1,1,1,1,1,1,6,1,6,1,1,1,1,1,1,1,6,1,1,1,1,6,1,1,1,1,6,1,6,1,1,1,6,1,1,1,1,1,1,6,6,6,1,1,1,1,1,6,6,6,1,1,1,1,1,1,1,1,1,1,6,1,1,1,1,6,1,1,1,1,1,6,1,1,1,1,1,1,1,1,1,1,1,1,1,6,1,1,1,1,1,1,1,1,1,1,6,1,6,1,1,1,1,1,1,1,1,1,1,6,1,1,1,1,1,1,1,1,1,1,1,6,1,1,1,1,1,6,1,1,1,6,1,6,1,1,1,1,1,1,6,1,6,1,6,1,1,1,1,1,1,1,1,6,1,6,1,1,1,1,1,1,1,1,1,6,1,1,1,6,1,1,1,1,1,1,1,1,1,1,1,1,1,1,1,6,1,1,1,6,6,6,1,6,1,1,1,6,1,1,1,1,1,1,1,1,1,1,1,6,1,6,1,6,1,1,1,1,1,1,1,1,1,1,1,6,1,6,6,1,6,1,6,6,6,1,1,6,6,6,1,1,1,1,1,6,6,1,1,1,1,1,6,6,6,6,1,1,1,6,1,6,1,1,1,1,1,1,1,6,6,1,1,1,1,6,6,1,6,6,6,6,6,6,1,6,1,6,6,6,1,1,1,6,1,1,1,1,1,1,1,1,1,1,6,1,1,1,6,1,6,1,1,1,6,6,1,6,1,1,6,1,1,1,1,1,1,1,1,6,1,1,1,6,1,6,1,1,1,1,6,6,6,6,6,6,1,9,9,1,1,1,1,6,1,1,1,6,1,1,6,1,1,1,1,1,1,1,1,1,1,1,1,1,1,6,6,1,6,6,1,1,6,6,6,6,6,6,6,6,1,6,1,1,1,1,1,6,1,1,1,1,1,1,1,1,1,1,6,1,1,1,1,6,1,1,1,6,1,1,1,6,6,1,6,1,1,1,1,1,1,1,1,1,1,1,1,1,1,1,1,1,1,1,1,1,6,1,1,1,1,1,9,9,1,1,1,1,1,1,1,1,1,1,1,1,6,1,1,1,1,1,1,1,1,1,1,1,1,1,1,1,1,1,1,1,1,1,1,1,1,1,1,1,1,1,1,1,1,1,1,1,1,1,1,6,1,1,1,1,1,1,1,1,1,1,9,9,9,9,9,9,9,9,9,9,9,9,9,9,9,9,1
16,15448,PELOSI,100,6,6,6,1,6,1,6,6,6,6,6,1,1,1,1,1,1,1,1,6,1,6,1,1,6,6,1,1,1,6,6,6,1,9,9,9,9,9,9,9,9,9,1,6,1,1,1,1,1,6,6,1,6,9,9,1,6,6,1,1,6,6,1,6,9,1,9,9,6,6,6,6,6,6,6,6,6,1,1,6,6,6,6,6,1,1,6,6,6,6,6,6,6,6,6,6,6,6,1,6,1,6,6,1,1,1,1,1,9,9,9,9,9,6,6,6,1,1,6,6,1,6,1,9,9,1,6,6,9,6,1,6,9,1,1,9,6,6,1,1,1,1,1,1,1,1,6,1,9,1,6,1,1,1,1,1,6,1,1,6,6,6,6,1,1,1,6,6,9,9,6,1,1,1,6,6,1,6,6,9,6,1,1,1,6,1,6,6,6,6,6,1,6,1,1,6,6,6,6,6,6,6,6,1,6,1,6,1,9,6,9,9,9,1,1,6,6,6,9,1,1,9,6,6,1,6,6,6,6,1,1,1,6,6,1,1,1,1,6,6,1,1,6,6,6,6,1,1,1,6,6,9,9,1,6,1,9,9,9,9,9,6,6,6,1,1,6,1,1,6,6,1,6,6,6,1,1,1,1,1,6,1,1,1,1,1,6,6,9,6,6,1,6,6,6,6,6,6,1,1,9,9,9,1,6,6,6,9,9,6,6,6,1,6,6,6,9,9,9,9,9,1,1,6,9,9,1,1,1,9,6,1,6,6,1,6,1,6,6,1,6,1,6,1,1,9,9,1,1,1,6,1,6,6,6,1,1,1,1,1,6,1,1,1,1,6,6,6,6,6,6,6,6,6,1,1,1,1,1,1,6,6,1,9,9,1,1,9,1,6,6,6,6,1,1,9,6,1,1,1,6,1,1,1,6,6,6,1,6,6,6,1,6,6,6,6,1,6,1,1,1,1,1,1,9,6,6,6,1,1,1,1,1,6,6,1,1,1,1,1,6,6,1,6,6,6,6,6,1,6,6,6,6,6,6,6,9,9,9,1,1,9,9,9,9,6,6,6,6,1,6,1,6,1,1,1,6,6,1,6,6,1,6,1,6,6,6,6,1,1,6,1,6,1,1,6,6,1,1,1,1,1,6,1,1,1,6,6,6,6,6,6,1,6,1,9,9,6,1,1,1,1,6,6,1,1,6,1,6,1,6,6,1,9,1,6,6,6,1,1,6,6,1,1,6,6,1,6,1,9,6,9,9,6,1,6,1,1,6,6,1,1,1,1,1,1,1,1,1,1,6,6,1,1,1,1,1,1,6,1,6,6,1,1,1,1,6,6,1,1,6,6,1,1,6,9,6,1,6,6,6,6,6,1,6,1,1,1,6,6,1,9,6,1,6,6,1,9,6,1,6,1,1,1,9,9,9,9,9,9,6,9,9,9,1,6,1,1,6,6,1,6,6,6,1,1,6,1,1,6,9,6,1,9,9,9,1,6,6,1,1,6,1,6,6,1,6,1,6,1,1,1,1,6,6,6,6,6,6,1,6,1,6,6,1,1,6,6,1,1,6,1,6,1,1,6,6,6,1,1,6,1,6,6,1,1,6,6,1,1,1,1,1,1,1,6,6,6,6,1,9,6,1,1,1,1,1,6,6,1,1,6,1,1,6,6,6,6,1,6,6,1,1,6,6,6,6,6,6,1,6,1,1,6,6,6,1,1,1,6,6,6,6,6,6,6,6,1,1,1,6,1,6,6,6,6,1,1,6,6,1,1,1,6,6,1,6,1,1,6,6,6,6,6,1,6,1,1,1,1,1,6,6,6,1,6,1,6,6,1,9,6,1,1,6,1,6,1,6,6,6,9,9,6,6,1,1,6,1,6,6,1,1,1,9,9,1,1,1,6,6,6,1,6,6,6,1,1,1,6,6,1,9,1,1,1,6,6,1,6,1,1,6,6,6,6,1,1,6,6,1,1,6,1,1,6,6,6,6,6,6,6,1,6,1,6,1,1,1,1,6,6,6,1,1,6,6,6,1,6,6,6,6,6,6,6,6,6,1,6,1,6,9,1,1,1,6,6,1,1,6,1,6,6,6,6,6,1,1,6,1,1,1,1,1,6,1,1,1,1,9,9,1,1,1,1,6,6,1,6,1,1,6,1,1,6,1,6,6,6,6,1,1,6,1,1,1,6,6,1,1,1,6,6,6,1,1,1,9,9,9,1,6,1,1,6,6,1,6,6,6,6,6,1,1,1,1,6,6,1,6,1,1,6,6,6,1,1,1,6,6,9,9,9,9,9,9,9,9,9,1,1,6,6,6,6,1,6,9,9,1,6,1,1,6,1,1,6,6,1,1,1,1,7,1,6,6,6,1,1,1,6,6,6,6,6,6,6,1,6,6,6,6,6,1,6,6,6,6,6,1,6,1,1,6,6,6,6,6,1,1,1,6,6,9,1,1,6,6,9,1,1,6,6,1,1,1,1,6,6,9,9,9,9,9,9,1,1,6,6,1,1,6,1,6,6,6,6,6,1,6,9,1,1,6,1,6,1,1,6,1,1,1,1,1,1,1,6,6,1,1,1,1,1,1,1,1,1,1,1,1,1,6,1,1,9,1,1,1,1,1,1,1,1,1,1,1,1,1,6,1,1,1,6,6,6,6,1,6,1,9,1,1,1,1,1,1,1,1,1,1,6,1,1,1,1,1,1,1,1,9,9,1,6,6,1
17,15454,PALLONE,100,6,6,6,1,6,1,6,6,6,1,6,1,1,1,1,1,1,1,1,6,1,6,1,1,6,6,6,1,1,6,6,6,1,6,6,1,1,1,1,1,1,1,1,6,1,1,1,1,1,6,6,1,6,6,6,1,6,6,1,1,6,6,1,6,1,1,6,6,6,6,6,6,6,6,6,6,6,1,1,6,6,6,6,6,1,1,6,6,6,6,6,6,6,6,6,6,6,6,1,6,1,6,6,1,1,1,1,1,1,1,1,1,6,6,6,6,1,1,6,6,1,6,1,1,6,1,6,6,6,6,1,6,1,1,6,1,6,6,1,1,1,1,1,1,1,1,6,1,1,1,6,1,1,1,1,1,6,1,1,6,6,6,6,1,1,1,6,6,1,1,6,1,1,1,6,6,1,6,6,1,6,1,1,1,6,1,6,6,6,6,6,1,6,1,1,6,6,6,6,6,6,6,6,1,6,1,6,1,1,6,6,6,6,1,6,6,6,6,1,1,1,1,6,6,1,1,6,6,6,1,1,1,6,6,1,1,1,1,6,6,1,1,6,6,6,6,1,1,1,6,6,6,6,1,6,1,1,6,6,6,1,6,6,6,1,1,6,1,1,6,6,1,6,6,6,1,1,1,1,1,6,1,6,1,9,1,6,6,6,6,6,1,6,6,6,6,6,6,1,1,6,6,6,1,6,6,6,1,1,6,6,6,1,6,6,6,1,6,1,6,1,1,1,6,6,6,1,1,1,6,6,6,6,6,1,6,1,6,6,1,6,1,6,1,1,6,6,1,1,1,6,1,6,6,6,1,1,1,1,1,6,1,1,6,1,6,6,6,6,6,6,6,6,6,1,1,6,1,1,1,6,6,1,1,1,1,1,1,1,6,6,6,6,1,1,1,6,1,1,1,6,1,1,1,6,6,6,1,6,6,6,1,6,6,6,6,1,6,1,1,1,1,1,1,6,6,6,6,1,1,1,1,1,6,6,1,1,1,1,1,6,6,6,6,6,6,6,6,1,6,6,6,6,6,6,6,6,1,1,1,1,6,6,1,1,6,6,6,6,1,6,1,6,1,1,1,6,6,1,6,6,1,6,1,6,6,6,6,1,1,6,1,6,1,1,6,6,1,1,1,1,1,6,1,1,1,6,6,6,6,6,6,1,6,1,6,6,6,1,1,1,1,6,6,1,1,6,1,6,1,6,6,6,1,1,6,6,6,1,1,6,6,1,1,6,6,1,6,1,6,6,1,1,6,1,6,1,1,6,6,1,1,1,1,1,1,1,1,1,6,6,6,1,1,1,1,1,1,6,1,6,6,6,1,1,1,6,6,1,1,6,6,1,1,6,1,6,1,6,6,6,6,6,1,6,1,1,6,6,6,6,1,6,1,6,6,1,1,6,1,6,1,1,6,6,6,6,1,6,6,6,6,1,1,1,6,1,6,6,6,1,6,6,6,1,1,6,1,1,6,6,6,1,1,1,6,6,6,6,1,1,6,1,6,6,1,6,1,6,1,1,1,1,6,6,6,6,6,1,1,6,1,6,6,1,1,6,6,1,1,6,1,6,1,6,6,6,6,1,1,6,6,6,6,1,6,6,6,1,1,1,1,1,1,1,6,6,6,6,1,6,1,1,6,1,1,1,6,6,1,1,6,1,6,6,6,6,6,1,6,6,1,6,6,6,6,6,6,6,1,6,1,1,6,6,6,1,1,6,6,6,6,6,6,6,6,6,1,1,6,6,6,6,6,6,6,1,1,6,6,1,1,1,6,6,1,6,1,1,6,6,6,6,6,1,6,1,1,1,1,1,6,6,6,1,6,1,6,6,1,6,6,1,1,6,1,6,1,6,6,6,1,1,6,6,1,1,6,6,6,6,1,1,6,1,1,1,1,6,6,6,6,1,6,6,6,1,1,1,6,6,1,1,1,1,1,6,6,1,6,1,1,6,6,6,6,1,1,6,6,1,1,6,1,1,6,6,6,6,6,6,6,1,6,6,1,6,1,1,1,6,6,6,1,6,6,6,6,6,1,6,6,6,6,6,6,6,6,1,6,1,6,6,1,1,1,6,6,6,1,6,6,6,6,6,1,6,1,1,6,1,6,6,1,1,6,6,1,1,1,6,6,6,1,1,1,6,6,6,6,6,1,6,1,1,6,1,6,6,6,6,1,1,6,1,1,6,6,6,1,1,1,6,6,6,1,1,6,6,6,6,1,6,1,6,6,6,1,6,6,6,6,6,1,1,1,1,6,6,1,6,1,1,6,6,6,1,1,6,6,6,6,6,6,6,1,1,1,1,6,1,1,6,6,6,6,1,1,6,6,1,6,1,1,6,1,1,6,6,1,1,1,1,7,1,6,6,6,1,1,1,6,6,6,6,6,6,6,1,6,6,6,6,6,1,6,6,6,6,6,1,6,1,1,6,6,6,6,6,1,1,1,6,6,6,6,1,6,6,6,1,1,6,6,1,1,1,1,6,6,1,1,1,6,1,1,1,1,6,6,1,1,6,1,6,6,6,6,6,1,6,1,1,1,6,1,6,1,1,6,1,1,1,1,1,1,1,6,6,6,1,1,1,1,1,1,1,1,1,1,1,1,6,6,1,1,1,1,1,1,1,1,1,1,1,1,1,1,1,6,1,1,1,6,6,6,6,1,6,1,1,1,1,1,1,1,1,1,1,1,1,6,1,1,1,1,1,1,1,1,6,1,1,6,6,1
18,15455,DUNCAN,200,1,1,1,6,1,6,1,1,1,6,1,6,6,6,6,6,1,6,6,1,6,1,1,1,1,1,1,6,6,1,1,1,1,1,1,6,6,6,6,6,6,6,6,1,6,6,6,6,1,1,1,6,1,1,1,6,1,1,1,1,1,1,6,1,1,6,1,1,1,1,1,1,1,1,1,1,1,1,1,1,1,1,1,1,1,9,1,1,1,1,1,1,1,1,1,1,1,1,1,1,1,1,1,6,6,6,6,6,6,6,6,6,1,9,9,1,6,6,1,1,6,1,1,6,1,1,1,1,1,1,6,1,6,6,6,1,1,1,6,6,6,6,6,6,6,6,6,6,6,6,6,6,6,6,6,6,1,1,1,1,1,1,1,6,6,6,1,1,1,1,9,1,1,1,1,1,1,1,1,1,1,6,1,1,1,1,1,1,1,1,1,1,1,1,1,1,1,1,1,1,6,1,1,6,1,6,1,1,1,1,1,1,1,6,1,1,1,1,1,9,1,1,1,9,1,1,1,1,1,1,1,1,1,1,1,9,9,9,1,1,1,6,1,1,1,1,1,6,1,1,1,1,1,1,1,1,1,1,1,1,1,1,1,1,1,6,6,1,1,1,1,1,1,1,1,1,1,6,6,6,1,6,1,1,1,1,1,1,1,1,1,6,1,1,1,1,1,1,1,1,1,1,1,1,1,1,1,1,1,1,1,1,6,1,1,1,6,1,1,1,1,1,1,1,1,1,6,1,1,1,1,1,6,6,6,6,1,1,1,6,1,6,1,9,9,1,1,1,6,6,1,6,1,1,1,1,1,1,6,1,1,1,6,1,1,1,1,1,1,6,1,1,1,1,1,6,6,1,1,1,1,1,1,6,6,6,6,6,6,1,1,1,1,6,6,1,1,6,6,6,1,6,6,6,1,6,1,1,1,1,1,6,1,1,1,1,6,1,6,6,6,6,6,6,1,1,1,1,6,6,1,6,6,6,1,6,1,1,1,9,1,1,1,1,1,1,1,6,6,1,1,1,1,1,1,1,1,6,6,6,6,1,1,6,6,1,1,1,1,6,1,6,1,6,6,6,1,1,6,1,1,6,1,1,1,1,1,1,6,6,1,1,1,6,6,1,1,6,6,6,6,6,6,6,6,6,1,1,1,1,1,1,1,1,6,1,1,1,6,6,6,6,1,1,1,6,6,1,1,1,1,1,1,6,6,6,1,1,1,6,1,1,1,1,1,1,6,1,1,1,1,6,6,6,6,1,1,1,1,1,1,1,6,1,6,6,1,1,1,1,1,1,1,6,6,6,6,6,1,1,1,1,1,6,6,6,1,6,6,1,1,1,6,6,1,6,1,1,1,1,1,1,1,6,1,1,1,1,1,1,1,6,1,1,1,1,1,6,1,1,1,6,1,1,1,1,1,6,1,6,1,1,1,1,1,1,1,1,1,1,6,1,1,1,6,6,1,1,6,1,1,1,6,1,1,1,1,1,6,1,6,1,1,1,1,6,1,1,1,6,1,1,6,1,1,1,1,1,6,6,1,6,6,1,6,1,1,1,6,6,1,1,6,1,1,1,1,1,1,6,1,1,1,1,1,1,1,6,1,1,1,1,6,6,6,1,1,1,1,1,1,1,1,6,1,1,1,1,1,1,1,6,1,1,1,1,1,1,6,1,1,1,1,1,6,9,1,1,1,1,1,1,1,1,1,6,1,9,9,1,1,1,1,1,1,1,6,1,6,1,1,1,1,1,1,6,1,1,1,1,1,1,6,1,1,6,1,1,1,1,1,1,1,1,1,6,6,1,1,1,6,1,1,1,6,1,6,1,1,1,1,1,1,6,1,1,1,6,1,1,1,1,1,1,1,1,6,1,1,1,6,1,6,6,1,1,1,1,1,1,1,1,1,1,1,1,1,1,1,1,1,1,1,1,1,1,1,1,6,1,1,6,6,1,6,1,6,1,1,1,6,1,1,1,1,1,1,1,1,1,1,1,1,6,6,1,9,1,1,1,1,1,1,1,1,1,1,1,1,1,1,1,1,1,1,1,1,1,1,1,6,6,9,1,1,1,1,1,1,6,1,1,1,1,1,1,1,6,6,1,1,1,1,1,1,1,6,9,9,9,1,1,1,6,1,1,1,1,1,1,6,6,1,1,1,1,6,1,1,1,1,6,6,6,6,1,1,1,1,1,1,1,6,1,1,1,1,1,1,1,1,6,1,6,1,1,1,6,1,1,6,1,1,6,1,1,1,1,1,1,1,1,6,6,1,1,6,1,6,1,1,1,1,6,6,1,6,6,9,9,6,1,1,1,1,1,6,1,1,1,6,1,6,6,1,1,1,1,1,1,1,1,1,1,1,1,1,1,6,6,6,1,1,1,1,1,1,1,6,1,1,1,1,1,6,1,1,1,1,1,6,6,9,9,1,1,1,1,1,6,1,6,1,1,1,6,6,6,1,1,6,1,1,1,1,6,6,6,1,1,1,1,1,1,1,6,1,1,1,1,6,6,1,1,6,1,1,1,1,6,1,1,1,1,6,1,1,6,6,1,6,1,1,1,1,1,1,1,1,1,6,9,1,1,1,1,1,1,6,1,6,6,1,1,1,1,1,1,1,1,1,6,1,1,1,6,1,6,1,1,1,1,1,1,1,1,1,1,1,1,1,1,1,1,1,1,1,1,1,1,1,1,1,1,6,1,1,1,6,1,1,1,1,6,1,9
19,15603,ENGEL,100,6,6,6,1,6,1,6,6,6,1,6,1,1,1,1,1,1,1,1,6,1,6,1,1,6,6,1,1,1,1,6,6,1,6,1,1,1,1,1,1,1,1,1,6,1,1,1,1,1,6,6,1,6,6,6,1,6,6,9,1,6,6,1,6,1,1,9,6,6,6,6,6,6,6,6,6,9,1,1,6,6,6,6,6,1,1,6,6,6,6,9,6,6,6,6,6,6,6,1,6,1,6,6,1,1,1,1,1,1,1,1,1,6,6,6,6,1,1,6,6,1,6,1,1,6,1,6,6,6,6,1,6,1,1,1,1,6,6,1,1,1,1,1,1,1,1,6,1,1,1,6,1,1,1,1,1,6,1,1,6,6,6,1,1,1,1,6,6,1,9,1,1,1,1,6,6,1,6,6,1,6,1,1,1,6,1,6,6,1,6,6,1,1,1,1,6,6,6,6,6,6,6,6,1,6,1,6,9,9,6,6,6,6,1,1,6,6,6,1,1,1,1,6,6,1,1,1,6,6,1,1,1,1,6,1,1,1,1,6,6,1,1,6,1,6,6,1,1,1,1,9,9,9,1,6,1,1,6,6,6,1,6,6,6,1,1,6,1,1,6,6,1,6,6,6,1,1,1,1,1,6,1,1,1,9,9,9,9,9,9,9,9,9,9,9,9,9,9,9,9,6,6,1,1,6,6,6,1,1,6,6,6,1,6,6,6,1,6,9,9,6,1,1,6,6,1,1,9,9,6,6,1,6,6,1,6,1,9,6,1,6,1,6,1,1,6,6,1,1,1,6,1,6,6,6,1,1,1,6,1,6,1,6,6,1,6,6,6,6,6,6,6,6,6,1,1,1,1,1,1,6,6,1,1,1,1,1,1,1,6,6,6,6,1,1,1,6,1,1,1,6,1,1,1,6,6,6,1,6,6,6,1,6,6,6,6,1,6,1,1,1,1,1,1,6,6,6,6,6,1,1,1,1,6,9,1,1,1,1,1,6,6,1,6,6,6,6,6,6,6,6,6,6,6,6,6,6,1,1,1,1,1,6,1,1,6,6,6,6,1,6,1,6,1,1,1,6,6,1,6,6,1,6,1,9,6,6,6,1,1,6,1,6,1,1,6,6,1,1,1,1,1,6,1,1,1,6,6,6,6,6,6,1,6,1,6,6,6,1,1,1,1,6,6,1,1,6,1,6,1,6,6,1,1,1,6,6,6,1,1,6,6,1,1,6,6,1,6,1,6,6,1,1,6,1,6,1,1,6,6,1,1,1,1,1,1,1,1,1,1,6,6,1,1,1,1,1,1,6,1,6,6,1,1,1,1,6,6,1,1,6,6,1,1,6,1,6,1,6,6,6,6,1,1,6,1,1,1,6,6,1,1,6,1,6,6,1,1,6,1,6,1,1,1,6,6,1,1,6,1,6,6,1,1,1,6,1,6,6,6,1,6,6,6,1,1,6,1,1,6,1,6,1,1,1,1,6,6,6,1,1,6,1,6,6,1,1,1,6,1,1,1,1,6,6,6,6,6,1,1,6,1,6,6,1,1,6,6,1,1,6,1,6,1,1,6,6,6,1,1,6,6,6,6,1,6,6,6,1,1,1,1,1,1,1,6,6,6,6,1,1,1,1,6,1,1,1,6,6,1,1,6,1,1,6,6,6,6,1,6,6,1,6,6,6,6,6,6,6,1,6,1,1,6,6,6,1,9,9,6,6,6,6,6,6,6,6,1,1,1,6,1,6,6,6,6,1,1,6,6,1,1,1,6,6,1,6,9,9,9,9,9,9,9,9,9,9,9,1,1,1,6,6,6,1,6,1,6,6,1,6,6,1,1,6,1,6,1,6,6,6,1,1,6,6,1,1,6,1,6,6,1,1,6,1,1,1,1,1,6,6,6,1,6,6,6,1,1,1,6,6,1,1,1,9,9,6,6,1,6,1,1,6,6,6,6,1,1,6,6,1,1,6,1,1,6,6,6,6,6,6,6,1,6,1,6,1,1,1,1,9,6,6,1,1,1,6,6,1,6,6,6,6,6,6,6,6,6,1,6,1,6,6,1,1,1,6,6,1,1,6,1,6,6,6,1,6,1,1,6,1,1,1,1,1,6,1,1,1,1,6,6,1,1,1,1,6,6,1,6,1,1,6,1,1,6,1,6,6,6,6,6,1,6,1,1,1,6,6,1,1,1,6,6,6,1,1,1,6,6,6,1,6,1,6,6,6,1,6,6,6,6,6,1,1,9,9,9,9,9,9,9,1,6,6,6,1,1,6,6,6,6,6,6,6,1,1,6,1,1,1,1,6,6,6,6,1,6,6,6,1,6,1,1,6,1,1,6,6,1,1,1,1,7,1,6,6,6,1,1,1,6,6,6,6,6,6,6,1,6,6,6,6,6,1,6,6,6,6,6,1,6,1,1,6,6,6,6,6,1,1,1,6,6,6,1,1,6,6,6,1,1,6,6,1,1,1,1,6,6,1,1,1,6,1,1,1,1,6,6,1,1,7,1,6,6,6,6,6,1,6,1,1,1,6,1,6,1,1,6,1,1,9,9,1,1,1,6,6,1,1,1,1,1,1,1,1,1,1,1,1,1,6,1,1,1,1,1,1,1,1,1,1,1,1,1,1,1,1,6,1,1,1,6,6,6,6,1,6,1,9,9,1,1,1,1,1,1,1,1,1,6,1,9,1,1,1,1,1,1,6,1,1,6,6,1
20,15612,LOWEY,100,6,6,6,1,6,1,6,6,6,1,6,1,1,1,1,1,1,1,1,6,1,6,1,1,6,6,6,1,1,6,6,6,1,6,6,1,1,1,1,1,1,1,1,6,1,1,1,1,1,6,6,1,6,6,6,1,6,6,1,1,6,6,1,6,1,1,6,6,6,6,6,6,6,6,6,6,6,1,1,6,6,6,6,6,1,1,6,6,6,6,6,6,6,6,6,6,6,6,1,6,1,6,6,1,1,1,1,1,1,1,1,1,6,6,6,6,1,1,6,6,1,6,1,1,6,1,6,6,6,6,1,6,1,1,1,1,6,6,1,1,1,1,1,1,1,1,6,1,1,1,6,1,1,1,1,1,6,1,1,6,6,6,6,1,1,1,6,6,1,1,6,1,1,1,6,6,1,6,6,1,6,1,1,1,6,1,6,6,1,6,6,1,1,1,1,6,6,6,6,6,6,6,6,1,6,1,6,1,1,6,6,6,6,1,6,9,6,6,1,1,1,1,6,6,1,1,9,6,6,1,1,1,1,6,1,1,1,1,6,6,1,1,6,1,6,6,1,1,1,1,6,6,6,1,6,1,1,6,6,6,1,6,6,6,1,1,6,1,1,6,6,1,6,6,6,1,1,1,1,1,6,1,1,1,1,1,6,6,6,6,6,1,6,6,6,6,6,6,1,1,6,6,6,1,6,1,6,1,1,6,6,6,1,6,6,6,1,6,1,6,6,1,1,6,6,9,1,1,1,6,6,1,6,6,1,6,1,6,6,1,6,1,6,1,1,6,6,1,1,1,6,6,6,6,6,6,1,1,1,1,6,1,1,1,1,6,6,6,6,6,6,6,6,6,1,1,1,1,1,1,6,6,1,1,1,1,1,1,1,6,6,6,6,1,1,1,6,1,1,1,6,1,1,1,6,6,6,1,6,6,6,1,6,6,6,6,1,6,1,1,1,1,1,1,9,6,6,6,1,1,1,1,1,6,6,1,1,1,1,1,6,6,1,6,6,6,6,6,1,6,6,6,6,6,6,6,6,1,1,1,1,6,6,1,1,6,6,6,6,1,6,1,6,1,1,1,6,6,1,6,6,1,6,1,6,6,6,6,1,1,6,1,6,1,1,6,6,1,1,1,1,1,6,1,1,1,6,6,6,6,6,6,1,6,1,6,6,6,1,1,1,1,6,6,1,1,6,1,6,1,6,6,1,1,1,6,6,6,1,1,6,6,1,1,6,6,1,6,1,6,6,6,6,6,1,6,1,1,6,6,1,1,1,1,1,1,1,1,1,1,6,6,1,1,1,1,1,1,6,1,6,6,6,1,1,1,6,6,1,1,6,6,1,1,6,1,6,1,6,6,6,6,6,1,6,1,1,1,6,6,1,1,6,1,6,6,1,1,6,1,6,1,1,1,6,6,1,1,6,1,6,6,1,1,1,6,1,6,6,6,1,6,6,6,1,1,6,1,1,6,1,6,1,1,1,1,1,6,6,1,1,6,1,6,6,1,6,1,6,1,1,1,1,6,6,6,6,6,1,1,6,1,6,6,1,1,6,6,1,1,6,1,6,1,1,6,6,6,1,1,6,6,6,6,1,1,6,6,1,1,1,1,6,1,1,6,6,6,6,1,6,6,1,1,1,1,1,6,6,1,1,6,1,6,6,6,6,6,6,6,6,1,1,6,6,6,6,6,6,1,6,1,1,6,6,6,1,1,1,6,6,6,6,6,6,6,6,1,1,1,6,6,6,6,6,6,1,1,6,6,1,1,1,6,6,1,6,1,1,6,6,6,6,6,1,6,1,1,1,1,1,6,6,6,1,6,1,6,6,1,6,6,1,1,6,1,6,1,6,6,6,1,1,6,6,1,1,6,6,6,6,1,1,1,1,1,1,1,1,6,6,6,1,6,6,6,1,1,1,6,6,1,1,1,1,1,6,6,1,6,1,1,6,6,6,6,1,1,6,6,1,1,6,1,1,6,6,6,6,6,6,6,1,6,6,1,1,1,1,1,6,6,6,1,1,6,6,6,6,6,6,6,6,6,6,6,6,6,1,6,1,6,6,1,1,1,6,6,6,1,6,1,6,6,6,6,6,1,1,6,1,1,1,1,1,6,1,1,1,1,6,6,6,1,1,7,6,6,1,6,1,1,6,1,1,6,1,6,6,6,6,1,1,6,1,1,1,6,6,1,1,9,9,6,6,1,1,1,6,6,6,1,6,1,6,6,6,1,6,6,6,6,6,1,1,1,1,6,6,1,6,1,1,6,6,6,1,1,1,6,6,6,6,6,6,1,1,6,1,1,9,9,6,6,6,6,1,6,6,6,1,6,1,9,9,9,9,6,6,1,1,1,1,7,1,6,6,6,1,1,1,6,6,6,6,6,6,6,1,6,6,6,6,6,1,6,6,6,6,6,1,6,1,1,6,6,6,6,6,1,1,1,6,6,6,1,1,6,6,6,1,1,6,6,1,1,1,1,6,6,1,1,1,6,1,1,1,1,6,6,1,1,6,1,6,6,6,6,6,1,6,1,1,1,6,1,6,1,1,6,1,1,1,1,1,1,1,6,6,1,1,1,1,1,1,1,1,1,1,1,1,1,6,1,1,1,1,1,1,1,1,1,1,1,1,1,1,1,1,6,9,1,1,6,6,6,6,1,6,1,1,1,1,1,1,1,1,1,1,1,1,6,1,1,1,1,1,9,1,1,6,1,1,6,6,1
21,15616,NEAL,100,6,6,6,1,6,1,6,6,6,1,6,1,1,1,1,1,1,1,1,6,1,6,1,1,6,6,6,1,1,6,6,6,1,6,1,1,1,1,1,1,1,1,1,6,9,1,1,1,1,6,6,1,6,6,6,1,6,6,1,1,6,6,1,6,1,1,6,6,6,6,6,6,6,6,6,6,6,1,1,6,6,6,6,6,1,1,6,6,6,6,6,6,6,6,6,6,6,6,1,6,1,6,6,1,1,1,1,1,1,1,1,1,6,6,6,6,1,1,6,6,1,6,1,1,6,1,6,6,6,6,1,6,1,1,1,1,6,6,1,1,1,1,1,1,1,1,6,1,1,1,6,1,1,1,1,1,6,1,1,6,6,6,6,1,1,1,6,6,1,1,6,1,1,1,6,6,1,6,6,1,6,1,1,1,6,1,6,6,6,6,6,1,6,1,1,6,6,6,6,6,6,6,6,1,6,1,6,1,1,6,6,6,6,1,1,6,6,6,1,1,1,1,6,6,1,1,6,6,6,1,1,1,6,6,1,1,1,1,6,6,1,1,6,6,6,6,1,1,1,6,6,6,6,1,6,1,1,6,6,6,1,6,6,6,1,1,1,1,1,6,6,1,6,6,6,1,1,1,1,1,6,1,1,1,1,1,6,6,6,6,6,1,6,6,6,6,6,6,1,1,6,6,6,1,6,1,6,1,1,6,6,6,1,6,6,6,1,6,1,9,9,9,9,9,9,9,1,1,1,6,6,6,6,6,1,6,1,6,6,1,6,1,6,1,1,6,6,1,1,1,6,1,6,6,6,6,1,1,1,1,6,1,1,6,1,6,6,6,6,6,6,6,6,6,1,1,6,1,1,1,6,6,1,1,1,1,1,1,1,6,6,6,6,1,1,1,6,1,1,1,6,1,1,1,6,6,6,1,6,6,6,1,6,6,6,6,6,6,1,1,1,1,1,1,6,6,6,6,1,1,1,1,1,6,6,1,1,1,1,1,6,6,6,6,6,6,6,6,1,6,6,6,6,6,6,6,6,1,1,1,1,6,6,1,1,6,6,6,6,1,6,1,6,1,1,1,6,6,1,6,6,1,6,1,6,6,6,6,1,1,6,1,6,1,1,6,6,1,1,1,1,1,6,1,1,1,6,6,6,6,6,6,1,6,1,6,6,6,1,1,1,1,6,6,1,1,6,1,6,1,6,6,6,1,1,6,6,6,1,1,6,6,1,1,6,6,1,6,1,6,6,6,1,6,1,6,1,1,6,6,1,1,1,1,1,1,1,1,1,6,6,6,1,1,1,1,1,1,6,1,6,6,6,1,1,1,6,6,1,1,6,6,1,1,6,1,6,1,6,6,6,6,6,1,6,1,1,6,6,6,6,1,6,1,6,6,1,1,6,1,6,1,1,6,6,6,6,1,6,1,6,6,1,1,1,6,1,1,6,6,1,6,6,6,1,1,6,1,1,6,6,6,1,9,9,9,1,6,6,1,1,6,1,6,6,1,6,1,6,1,1,1,1,6,6,6,6,6,6,1,6,1,6,6,1,1,6,6,1,1,6,1,6,1,6,6,6,6,1,1,6,6,6,6,1,6,6,6,9,1,1,1,6,6,6,6,6,6,6,1,6,1,1,6,1,1,1,6,6,1,1,6,1,6,6,6,6,6,1,6,6,1,1,6,6,6,6,6,6,1,6,1,1,6,6,6,1,1,6,6,6,6,1,6,6,6,6,1,1,6,6,1,6,6,6,6,1,1,6,6,1,1,1,6,6,1,6,9,9,6,6,6,6,6,1,6,1,1,9,9,1,6,6,6,1,6,1,6,6,1,6,6,1,1,6,1,6,1,6,6,6,1,1,6,6,1,1,6,6,6,6,1,1,1,1,1,1,1,1,6,6,1,1,6,6,6,9,9,1,6,6,1,1,1,1,1,6,6,1,6,1,1,6,6,1,6,1,1,6,6,1,1,6,1,1,9,6,6,6,6,6,6,1,6,6,1,6,1,1,1,6,6,6,1,1,1,6,6,6,6,6,6,6,6,6,6,6,6,1,6,1,6,9,1,1,1,6,6,6,1,6,6,6,6,6,6,6,1,1,6,1,1,1,1,1,6,1,1,1,1,6,6,6,1,1,1,6,6,6,6,1,1,6,1,1,6,1,6,6,6,6,6,1,6,1,1,6,6,6,1,1,1,6,9,9,9,9,9,6,6,6,1,6,1,1,6,6,1,6,6,6,6,6,1,1,1,1,6,6,1,6,1,1,6,6,6,1,1,1,6,6,6,6,6,6,1,1,1,1,1,9,9,6,6,6,6,1,6,6,6,1,6,1,1,6,9,9,6,6,1,1,1,1,7,1,6,6,6,1,1,1,6,6,6,6,6,6,6,1,6,6,6,6,6,1,6,6,6,6,6,1,6,1,1,6,6,6,6,6,1,1,1,6,6,6,1,9,9,6,6,1,1,9,9,9,9,9,9,9,9,1,1,1,6,1,1,1,1,6,6,1,1,7,1,6,6,6,6,6,1,6,1,1,1,6,1,6,1,1,6,1,1,1,1,1,1,1,6,6,6,1,1,1,1,1,1,1,1,1,1,1,1,6,1,1,1,1,1,1,1,1,1,1,1,1,1,1,1,1,6,1,1,1,6,6,6,6,1,6,1,1,1,1,1,1,1,1,1,1,1,1,6,1,1,1,1,1,1,1,1,6,1,1,6,6,1
22,15621,ROHRABACHER,200,1,1,1,9,1,6,1,1,1,1,1,6,6,6,6,6,6,6,6,1,6,1,1,1,1,1,6,6,6,1,1,1,1,1,1,6,6,6,6,6,6,6,6,1,6,6,6,6,6,1,1,6,1,1,1,6,1,1,1,1,1,1,6,1,1,1,1,1,1,1,1,1,1,1,1,1,1,9,9,1,1,1,1,1,1,1,1,1,1,1,1,1,1,1,1,1,1,1,9,9,9,1,1,1,6,6,1,6,6,6,6,6,1,1,1,1,6,6,1,1,6,6,6,6,6,9,9,1,1,1,6,1,6,6,6,1,1,1,6,6,6,6,6,6,6,6,1,6,6,6,1,6,6,6,6,6,1,9,9,9,1,1,1,6,6,6,1,1,1,1,6,9,9,9,1,1,1,1,1,1,1,6,1,6,1,1,1,1,1,1,1,1,1,9,9,1,1,1,1,1,1,1,1,6,1,6,1,1,1,1,1,1,1,9,9,1,1,1,1,1,9,9,1,1,1,1,9,1,1,1,1,1,1,1,1,9,9,9,1,1,1,6,1,1,1,1,1,1,1,6,1,1,6,1,1,1,9,1,1,1,1,1,1,1,1,6,6,9,9,1,1,1,1,1,1,1,1,6,6,6,1,6,1,1,9,9,1,1,1,1,1,6,1,1,1,1,1,1,9,9,1,1,6,6,1,1,1,9,9,1,1,1,6,1,1,1,6,1,1,1,1,9,9,1,1,1,1,1,1,1,1,1,1,1,6,1,1,1,1,6,1,6,1,9,9,1,1,1,1,6,1,6,1,1,1,1,6,6,6,6,1,6,1,1,6,1,1,1,1,6,1,1,1,1,1,6,1,9,9,9,1,1,1,6,6,6,6,6,6,1,1,1,1,6,6,6,1,6,6,6,1,1,6,6,1,9,9,9,1,1,1,1,1,1,1,1,6,1,6,6,6,6,6,6,1,1,1,1,6,6,6,6,6,1,1,1,1,1,1,1,1,1,6,1,1,1,1,1,6,1,1,1,1,1,1,1,6,6,6,6,6,1,1,6,6,6,1,1,1,6,1,6,1,6,6,6,1,1,1,1,6,6,1,1,1,1,1,1,6,6,6,1,1,6,6,1,1,6,6,6,6,6,6,6,6,6,1,1,1,1,1,1,6,1,6,1,1,1,6,6,6,6,1,1,1,6,1,1,9,9,1,1,6,6,6,1,1,1,1,6,1,1,9,9,1,1,6,1,1,1,1,6,6,1,6,1,9,9,1,1,1,1,6,1,1,6,1,1,1,6,1,1,1,6,6,6,6,6,1,1,1,1,6,6,6,6,1,1,1,9,1,1,6,6,1,6,1,1,1,1,1,1,1,6,1,9,9,9,1,1,6,6,1,1,1,1,1,6,1,1,1,9,9,9,1,1,1,6,1,1,1,1,1,1,1,6,9,9,1,1,6,1,1,1,6,6,1,1,6,1,9,1,6,1,1,1,1,1,1,1,6,1,1,1,1,1,1,1,1,1,9,9,6,1,1,1,1,1,1,6,1,6,1,9,9,9,1,1,1,6,6,1,1,1,6,1,1,6,1,6,6,6,1,1,1,1,1,1,1,1,1,1,6,6,6,1,1,1,1,1,6,1,6,6,1,9,9,1,1,1,1,1,1,1,1,1,1,1,6,1,1,1,1,1,6,1,1,1,1,1,1,1,1,1,1,1,1,1,1,1,1,1,1,1,1,1,1,1,1,1,1,6,1,1,1,6,9,9,1,1,1,1,6,1,1,6,1,1,1,1,1,1,1,1,6,1,6,6,9,9,6,1,1,1,6,1,6,1,9,9,1,1,1,6,1,6,1,6,1,1,1,1,1,1,1,1,6,1,1,1,1,1,1,6,1,1,9,9,9,1,9,1,6,1,1,1,9,9,1,1,1,1,1,1,1,6,1,1,6,1,1,6,1,1,1,1,1,1,1,1,6,6,1,9,9,1,1,1,1,1,1,1,6,1,6,1,1,9,9,9,1,1,1,1,1,1,1,1,1,1,1,1,1,1,1,1,1,1,6,1,6,6,1,9,9,9,1,1,1,6,1,1,1,1,1,6,6,1,1,1,1,6,6,1,1,1,1,9,9,9,9,9,9,6,1,1,1,1,1,1,6,1,6,1,1,1,1,1,1,1,1,6,6,1,6,1,1,1,9,1,1,1,1,6,6,1,1,1,1,1,1,6,1,6,1,1,1,6,6,1,6,1,1,6,1,1,1,1,1,1,1,1,6,6,1,1,6,1,1,1,1,1,1,6,6,6,6,6,6,1,9,9,1,1,1,1,6,1,1,1,6,1,1,6,1,9,9,1,1,1,1,1,1,1,1,1,1,1,6,6,6,1,1,1,1,1,1,1,1,1,1,1,1,1,6,6,1,1,1,1,6,1,9,9,1,1,1,1,1,6,1,6,1,1,1,1,9,9,1,1,6,1,1,1,6,6,6,6,1,1,9,9,9,1,1,1,9,9,1,1,1,1,1,6,6,1,1,1,1,6,6,1,1,1,1,1,1,1,1,1,1,1,1,6,1,1,1,1,1,1,1,1,1,1,1,1,1,1,1,1,1,6,1,1,1,1,1,1,1,1,1,1,1,1,1,1,1,1,1,1,1,1,1,1,1,1,1,1,1,1,9,9,9,9,9,1,1,1,1,1,1,1,1,1,1,1,1,1,6,1,1,1,1,6,1,1
23,15634,ROS-LEHTINEN,200,1,1,1,6,1,6,1,1,1,1,1,1,1,6,6,6,6,6,6,1,6,1,9,9,1,1,6,6,6,1,1,1,1,1,1,6,6,6,6,6,6,6,6,1,6,6,6,6,6,1,1,6,1,1,1,6,1,1,1,1,1,1,6,1,1,1,1,1,1,1,1,6,1,1,6,1,6,1,1,1,1,1,1,1,1,1,1,1,1,1,1,1,1,6,6,6,6,1,1,1,1,1,1,1,6,6,6,6,1,6,6,6,1,1,1,1,6,6,1,6,6,1,6,6,1,1,1,1,1,1,6,1,6,6,1,1,1,1,1,1,1,6,6,1,1,6,6,1,1,6,6,1,1,1,1,6,1,1,1,1,1,1,6,6,6,6,1,1,1,1,1,1,1,1,1,1,1,1,1,1,1,6,1,6,1,1,1,1,6,1,1,1,6,9,9,9,9,9,9,9,9,1,1,6,6,6,6,1,1,1,1,1,1,6,1,1,1,1,1,1,1,1,1,1,1,1,6,1,1,1,1,1,6,1,1,1,1,1,1,1,1,6,1,6,1,1,1,1,1,6,1,1,1,1,6,1,1,1,1,1,1,1,1,1,1,6,1,1,1,1,1,1,1,1,1,1,1,6,6,6,1,6,1,1,1,1,1,1,1,1,1,6,1,1,1,1,1,1,1,1,1,1,6,6,1,1,1,1,1,1,1,1,6,1,1,1,6,1,1,1,1,1,1,1,1,6,1,1,1,1,1,6,6,6,6,6,1,1,1,6,6,6,1,1,1,1,1,1,6,6,1,6,1,1,6,6,6,6,6,6,1,6,6,6,6,6,6,6,6,1,6,1,1,1,1,6,1,1,1,1,1,1,1,6,1,1,6,1,6,6,1,1,1,6,6,6,1,6,6,6,9,1,6,6,1,1,1,1,1,1,1,1,1,1,6,6,1,6,1,1,6,6,6,1,1,1,6,6,1,1,6,1,6,1,1,1,1,1,1,1,1,9,9,9,9,9,9,9,9,9,9,9,9,9,9,9,9,9,9,9,9,9,9,9,9,9,9,9,9,9,9,9,9,9,9,9,9,9,9,9,9,9,9,9,9,9,9,9,9,9,9,9,9,9,9,9,9,9,9,9,9,9,9,9,9,9,9,9,9,9,9,9,9,9,9,9,9,9,9,9,9,9,9,9,9,9,9,9,9,9,9,9,9,9,9,9,9,9,9,9,9,9,1,1,1,1,6,1,1,1,1,6,6,6,6,6,1,1,1,1,1,1,6,1,1,6,1,1,1,6,1,1,1,6,6,6,6,6,1,1,1,1,9,6,6,6,1,1,1,9,1,1,6,6,1,6,1,1,1,1,1,1,1,6,1,1,1,6,1,1,6,6,1,1,1,1,1,6,1,1,1,1,1,6,1,1,6,6,6,1,1,1,1,1,1,1,1,1,1,1,6,6,1,1,1,1,6,1,6,1,6,1,6,1,1,6,1,1,1,1,6,6,1,1,1,1,6,1,1,1,1,1,6,1,1,1,1,1,1,6,1,6,1,1,1,1,1,1,1,6,1,1,1,1,6,1,1,1,1,6,1,6,1,1,1,1,6,1,1,1,1,1,6,6,6,1,1,1,6,1,6,6,6,1,1,1,1,1,1,1,1,1,1,6,1,1,1,1,6,1,6,1,1,1,6,1,1,1,1,1,6,1,1,1,1,1,1,1,6,1,1,1,1,1,1,1,6,1,1,6,1,6,1,1,1,6,1,1,1,1,1,1,6,1,1,1,1,1,1,1,1,1,1,1,6,1,1,1,1,1,6,1,1,1,6,1,6,6,9,9,9,9,9,9,9,9,9,9,9,9,9,1,1,1,1,1,6,1,6,1,1,1,1,6,1,1,1,1,6,1,1,1,6,1,1,1,1,1,1,1,1,1,1,1,1,1,1,1,6,6,1,1,6,6,6,1,6,1,6,1,6,1,1,1,1,1,1,6,1,1,1,6,6,1,6,1,6,1,1,1,1,1,1,1,1,1,1,1,6,6,6,6,1,6,6,6,6,6,1,1,9,6,6,1,1,1,1,1,6,6,1,1,1,1,1,6,6,6,6,1,1,6,1,1,6,1,1,1,1,1,1,1,6,6,1,1,1,1,6,6,1,1,6,6,6,6,6,6,6,6,6,1,6,1,1,1,6,1,1,1,1,1,1,1,1,1,1,6,1,1,1,6,1,6,1,1,1,6,6,1,6,1,1,6,1,1,1,1,1,1,1,1,6,1,1,1,6,1,1,1,1,1,1,1,1,1,6,6,6,1,1,1,1,1,1,1,6,6,1,1,6,1,1,6,1,1,1,1,1,1,1,1,1,1,1,1,1,6,6,6,1,6,6,6,1,6,6,6,1,6,1,6,6,6,6,6,1,1,6,6,6,1,1,1,1,1,1,1,1,1,1,6,1,1,1,1,6,1,9,9,9,9,9,9,9,9,9,9,9,9,1,1,1,1,1,1,1,1,9,9,9,1,1,1,1,1,1,1,1,6,1,1,1,1,1,9,9,1,1,1,1,9,1,1,1,1,1,1,1,6,1,1,9,9,9,9,9,9,9,9,9,9,1,1,1,1,1,1,1,1,1,1,1,1,1,1,1,1,1,1,1,1,1,1,1,1,1,1,6,1,1,1,1,1,1,1,1,1,1,1,1,1,1,1,1,1,1,1,1,1,1,1,1,6,1,1
24,20104,SCHIFF,100,6,6,6,1,6,1,6,6,6,1,6,1,1,1,1,1,1,1,1,6,1,6,1,1,6,6,6,1,1,1,6,6,1,6,6,1,1,1,1,1,1,1,1,6,1,1,1,1,1,6,6,1,6,6,6,1,6,6,1,1,6,6,1,6,1,1,6,6,6,6,6,6,6,6,6,6,6,1,1,6,6,6,6,6,1,1,6,6,6,6,6,6,6,6,6,6,6,6,1,6,1,6,6,1,1,1,1,1,1,1,1,1,6,6,6,6,1,1,6,6,1,6,1,1,6,1,6,6,6,6,1,6,1,1,1,1,6,6,1,1,1,1,1,1,1,1,6,1,1,1,6,1,1,1,1,1,6,1,1,6,6,6,6,1,1,1,6,6,1,1,1,1,1,1,6,6,1,6,6,1,6,1,1,1,6,1,6,6,6,6,6,1,6,1,1,6,6,6,6,6,6,6,6,1,6,1,6,1,1,6,6,6,6,1,6,6,6,6,1,1,1,1,6,6,1,1,1,6,6,1,1,1,1,6,1,1,1,1,6,6,1,1,6,6,6,6,1,1,1,1,6,6,6,1,6,1,1,6,6,9,9,6,6,1,1,1,6,1,1,6,6,1,6,6,6,1,1,1,1,1,6,1,1,1,1,1,6,6,6,6,6,1,6,6,6,6,6,6,1,1,6,6,6,1,6,1,6,1,1,6,6,6,1,6,6,6,1,6,1,6,1,1,1,6,6,6,1,1,1,6,6,1,6,6,1,6,1,6,6,1,6,1,6,1,1,9,6,1,1,1,6,1,6,6,6,6,1,1,1,1,6,1,1,6,1,6,6,6,6,1,6,6,6,6,1,1,1,1,1,1,6,6,1,1,1,1,1,1,1,6,6,6,6,1,1,1,6,1,1,1,6,1,1,1,6,6,6,1,6,6,6,1,6,6,6,6,1,6,1,1,1,1,1,1,6,6,6,6,1,1,1,1,1,6,6,1,1,1,1,1,6,6,6,6,6,6,6,6,1,6,6,6,6,6,6,6,6,1,1,1,1,6,6,1,1,6,6,6,6,1,6,1,6,1,1,1,6,6,1,6,6,1,6,1,6,6,6,6,1,1,6,1,6,1,1,6,6,1,1,1,1,1,6,1,1,1,6,6,6,6,6,6,1,6,1,6,6,6,1,1,1,1,6,6,1,1,6,1,6,1,6,6,6,1,1,6,6,6,1,1,6,6,1,1,6,6,1,6,1,6,6,6,1,6,1,6,1,1,6,6,1,1,1,1,1,1,1,1,1,1,6,6,1,1,1,1,1,1,6,1,6,6,1,1,1,1,6,6,1,1,6,6,1,1,6,1,6,1,6,6,6,6,6,1,6,1,1,1,6,6,6,1,6,1,6,6,1,1,6,1,6,1,1,1,6,6,6,1,6,1,6,6,1,1,1,6,1,1,6,6,1,6,6,6,1,1,6,1,1,6,1,6,1,1,1,1,1,6,6,1,1,6,1,6,6,1,6,1,6,1,1,1,1,6,6,6,6,6,6,1,6,1,6,6,1,1,6,6,1,1,6,1,6,1,6,6,6,6,1,1,6,6,6,6,1,6,6,1,1,1,1,1,6,6,6,6,6,6,6,1,6,6,1,1,1,1,1,6,6,1,1,6,1,1,6,6,6,6,1,6,6,1,1,6,6,6,6,6,6,1,6,1,1,6,6,6,1,1,1,6,6,6,6,6,6,6,6,1,1,6,6,6,6,6,6,6,1,1,6,6,1,1,1,6,6,1,6,1,1,6,6,6,6,6,1,6,1,1,1,1,1,6,6,6,1,6,1,6,6,1,6,6,1,1,6,1,6,1,6,6,6,1,1,6,6,1,1,6,1,6,6,1,1,6,1,1,1,1,1,6,6,6,1,6,6,6,1,1,1,6,6,1,1,1,9,9,6,6,1,6,1,1,1,6,1,6,1,1,6,6,1,1,6,1,1,9,6,6,6,6,6,6,1,6,1,1,1,1,1,1,6,6,6,1,1,1,6,6,6,1,6,6,6,6,6,6,6,6,1,6,1,6,6,1,1,1,6,6,6,1,6,1,6,6,6,6,6,1,1,6,1,1,1,1,1,6,1,1,1,1,6,6,6,1,1,1,6,6,6,6,1,1,6,1,1,6,1,6,6,6,6,1,1,6,1,1,1,6,6,1,1,1,6,6,6,1,1,1,6,6,6,1,6,1,1,6,6,1,6,6,6,6,6,1,1,1,1,6,6,1,6,1,1,6,6,6,1,1,6,6,6,6,6,6,6,1,1,1,1,1,1,1,6,6,6,6,1,6,6,6,1,6,1,1,6,1,1,6,6,1,1,1,1,6,1,6,6,6,1,1,1,6,6,6,6,6,6,6,1,6,6,6,6,6,1,6,6,6,6,6,1,6,1,1,6,6,6,6,6,1,1,1,6,1,6,1,1,6,6,6,1,1,6,6,1,1,1,1,6,6,1,1,1,6,1,1,1,1,6,6,1,1,7,1,6,6,6,6,6,1,6,1,1,1,6,1,6,1,1,6,1,1,1,1,1,1,1,6,6,6,1,1,1,1,1,1,1,1,1,1,1,1,6,1,1,1,1,1,1,1,1,1,1,1,1,1,1,1,1,6,1,1,1,6,6,6,6,1,6,1,1,1,1,1,1,1,1,1,1,1,1,1,1,1,1,1,1,1,1,1,6,1,1,6,6,1
25,20107,ISSA,200,1,9,1,6,1,6,1,1,1,1,1,6,6,6,6,6,6,6,6,1,6,1,1,1,1,1,1,6,6,1,1,1,1,1,1,6,6,6,6,6,6,6,6,1,6,6,6,6,6,1,1,6,1,1,1,6,1,1,1,1,1,1,6,1,1,1,1,1,1,1,1,1,1,1,1,1,1,1,1,1,1,1,1,1,1,1,1,1,1,1,1,1,1,1,1,1,1,1,1,1,1,1,1,1,6,6,6,6,6,6,6,6,1,1,1,1,6,6,1,1,6,1,6,6,1,1,1,1,1,1,6,1,6,6,1,1,1,1,6,6,6,6,6,6,6,6,1,6,6,6,1,6,6,6,6,6,1,1,1,1,1,1,1,6,6,6,1,1,1,1,1,1,1,1,1,1,1,1,1,1,1,6,1,6,1,1,1,1,9,1,1,1,1,1,1,1,1,1,1,1,1,1,1,6,1,6,1,1,1,1,1,1,1,6,1,1,1,1,1,1,1,1,1,1,1,1,1,1,1,1,1,1,1,1,1,1,1,1,1,1,1,6,1,1,1,1,1,1,1,1,1,1,6,1,1,1,1,1,1,1,1,1,1,1,1,6,1,1,1,1,1,1,1,1,1,1,1,6,6,6,1,6,1,1,1,1,1,1,1,1,1,6,1,1,1,1,1,1,1,1,1,1,9,6,1,1,1,1,1,1,1,1,6,1,1,1,9,9,1,1,1,1,1,1,1,6,1,1,1,1,1,1,1,6,6,1,1,1,1,6,1,6,1,1,1,1,1,1,6,6,1,6,1,1,1,6,6,6,6,6,1,6,6,1,6,1,6,6,1,6,1,1,1,1,1,6,1,1,1,1,1,1,1,6,6,6,6,6,6,1,1,1,1,6,6,6,1,6,6,6,1,1,6,6,1,1,1,1,1,1,1,1,1,1,6,6,6,1,6,6,6,6,6,6,1,9,1,1,6,1,6,6,6,1,1,1,1,1,1,9,1,1,1,1,1,1,1,1,6,6,6,1,6,1,1,1,1,6,6,6,6,1,1,6,6,1,1,6,1,6,1,6,1,6,6,6,1,1,1,1,1,6,1,1,1,1,1,1,6,6,6,1,6,6,6,1,1,6,6,6,6,6,6,6,6,6,6,6,1,6,1,1,6,1,6,1,1,1,6,6,6,6,6,1,6,6,1,1,1,1,1,1,1,6,6,1,1,1,1,6,1,1,1,1,1,1,6,1,1,1,1,6,6,6,6,1,1,1,1,1,1,1,6,1,1,6,1,1,1,1,1,1,1,6,6,6,6,6,1,1,1,1,1,6,6,6,1,1,1,1,1,1,6,6,1,6,1,1,1,1,1,1,1,6,1,1,1,1,1,1,1,6,1,1,1,1,1,6,1,1,1,1,1,1,1,1,6,6,1,1,1,1,1,1,1,6,1,1,1,1,6,1,1,1,6,6,1,1,6,1,6,1,6,1,1,6,1,1,1,1,6,1,1,1,1,1,6,1,1,1,1,1,6,1,1,1,1,1,1,6,1,6,1,1,1,1,1,1,1,6,6,1,1,1,1,1,1,6,1,6,1,1,1,1,1,1,1,1,1,1,1,1,6,6,6,1,1,1,1,1,1,1,6,1,1,9,9,1,1,1,1,1,1,1,1,1,1,1,6,1,1,1,1,1,9,1,1,1,1,1,1,1,9,1,1,9,9,1,1,1,1,1,1,1,1,1,1,1,1,1,1,1,1,1,1,1,1,9,1,1,1,1,6,1,1,6,1,1,9,1,1,1,1,1,6,1,1,1,1,9,6,1,1,1,6,1,6,1,9,9,1,1,1,6,1,6,1,6,1,1,1,1,9,1,1,1,6,1,1,1,1,1,9,1,1,1,9,9,9,9,9,1,6,1,1,1,1,1,1,1,1,1,1,1,1,1,1,9,9,9,1,6,6,1,6,1,6,1,1,1,6,1,1,1,9,1,1,1,1,1,1,1,6,1,6,1,1,1,9,9,1,1,9,9,1,1,1,1,9,1,1,1,1,1,1,1,1,1,1,1,6,6,9,1,9,9,1,1,1,6,1,1,1,1,1,6,6,6,6,1,1,6,1,1,6,1,1,9,9,9,1,1,1,6,1,1,1,1,1,1,6,6,1,6,6,6,6,1,9,1,1,6,6,1,1,1,9,1,1,1,1,1,1,1,1,9,9,9,1,1,1,6,1,6,1,1,1,6,1,1,1,1,1,6,1,1,1,1,1,1,1,1,6,1,1,1,6,1,9,9,1,1,1,6,6,1,6,6,6,1,9,9,1,1,1,1,6,1,1,1,9,9,9,9,9,1,1,1,1,1,1,1,1,1,1,1,1,1,6,6,6,1,1,1,1,1,1,1,6,6,1,1,1,1,6,1,1,1,1,1,6,1,9,9,1,1,1,1,1,1,1,6,1,1,1,1,6,1,1,1,6,1,1,1,9,9,9,6,1,1,1,9,9,1,1,1,1,9,9,1,1,1,1,1,1,1,1,1,1,6,1,1,1,9,1,1,1,1,9,1,9,1,1,1,1,1,9,1,1,1,1,1,1,1,1,1,1,9,9,9,9,9,1,1,9,9,9,9,9,9,9,9,9,9,9,9,9,9,9,9,9,9,9,9,1,1,1,1,9,1,1,1,1,1,1,1,1,1,1,1,1,1,1,1,1,1,9,9,9,9,9,9,9,9,9,1
26,20108,DAVIS,100,6,6,6,1,6,1,6,6,6,1,6,1,1,1,1,1,1,1,1,6,1,6,1,1,6,6,1,1,1,1,6,6,1,6,6,1,1,1,1,1,1,1,1,6,1,1,1,1,1,6,6,1,6,6,6,1,6,6,1,1,6,6,1,6,9,1,6,6,6,6,6,6,6,6,6,6,6,1,1,6,6,6,6,6,1,1,6,6,6,6,6,6,6,6,6,6,6,6,1,6,1,6,6,1,1,1,1,1,1,1,1,1,6,6,6,6,1,1,6,6,1,6,1,1,6,1,6,6,6,6,6,6,6,6,1,1,9,9,9,9,9,9,9,9,9,9,9,9,9,9,9,9,9,9,9,9,9,1,1,6,6,6,1,1,1,1,6,6,1,1,1,1,1,1,6,6,1,6,6,1,6,1,1,1,6,1,6,6,1,6,6,1,1,1,1,6,6,6,6,6,6,6,6,1,6,1,6,1,1,6,6,6,6,1,1,9,6,6,1,1,1,1,6,6,1,6,1,6,6,1,1,1,1,6,1,1,1,1,6,6,1,1,6,1,6,6,1,1,1,1,6,6,1,1,6,1,1,6,6,6,1,6,6,6,1,1,6,1,1,6,6,1,6,6,6,1,1,1,1,1,6,1,9,1,1,1,6,6,6,6,6,1,6,6,6,6,6,6,1,1,6,6,1,1,6,1,6,1,1,6,6,6,1,6,6,6,1,6,1,6,1,1,1,6,6,1,1,1,1,6,6,1,6,6,1,6,1,6,6,1,6,1,6,1,1,6,6,1,1,1,6,6,6,6,6,6,1,1,1,1,6,1,1,1,1,6,6,6,6,6,6,6,6,6,1,1,1,1,1,1,6,6,1,1,1,1,1,1,1,6,6,6,6,1,1,1,6,1,1,1,6,1,1,1,6,6,6,1,6,6,6,1,6,6,6,6,1,6,1,1,1,1,1,1,6,6,6,6,1,1,1,1,1,6,6,1,1,1,1,1,6,6,1,6,6,6,6,6,1,6,6,6,6,6,6,6,6,1,1,1,1,6,6,1,1,6,6,6,6,1,6,1,6,1,1,1,6,6,1,6,6,1,6,1,6,6,6,6,1,1,6,1,6,1,1,6,6,1,1,1,1,1,6,1,1,1,6,6,6,6,6,6,1,6,1,6,6,6,1,1,1,1,6,6,1,1,6,1,6,1,6,6,1,1,1,6,6,6,1,1,6,6,1,1,6,6,1,6,1,6,6,6,6,6,1,6,9,1,6,6,1,1,1,1,1,1,1,1,1,1,6,6,1,1,1,1,1,1,6,1,6,6,1,1,1,1,6,6,1,1,6,6,1,1,6,1,6,1,6,6,6,6,1,1,6,1,1,1,6,6,1,1,6,1,6,6,1,1,6,1,6,1,1,1,6,6,1,1,6,1,6,6,1,1,1,6,1,6,6,6,1,6,6,6,1,1,6,1,1,6,9,6,1,1,1,1,1,6,6,1,1,6,1,6,6,1,1,1,6,1,1,1,1,1,6,6,6,6,6,1,6,1,6,6,1,1,6,6,1,1,6,1,6,1,1,6,6,6,1,1,6,1,6,6,1,1,6,1,1,1,1,1,6,6,9,6,6,6,6,1,1,1,1,6,1,1,1,6,6,1,1,6,1,1,6,6,6,6,1,6,6,1,1,6,6,6,6,6,6,1,6,1,1,6,6,6,1,1,1,6,6,6,6,6,6,6,6,1,1,1,6,1,6,9,9,6,1,1,6,6,1,1,1,6,6,1,6,1,1,6,9,6,6,6,1,6,1,1,1,1,1,6,6,6,1,6,1,6,6,1,6,6,1,1,6,1,6,1,6,6,6,1,1,6,6,1,1,6,1,6,6,1,1,1,1,1,1,1,1,6,6,1,1,6,6,1,1,1,1,6,6,1,1,1,1,1,6,6,1,6,1,1,6,6,1,6,1,1,6,6,1,1,6,1,1,6,6,6,6,6,6,6,1,6,6,1,1,1,1,1,6,6,6,1,1,1,6,6,1,6,6,6,6,6,6,6,6,6,1,6,1,6,1,1,1,1,6,6,1,1,6,1,6,6,6,6,6,1,1,6,1,6,6,1,1,6,1,1,1,1,6,6,1,1,1,1,6,6,1,6,1,6,6,1,1,6,1,6,6,6,6,1,1,6,1,1,1,6,6,1,1,1,6,6,6,1,1,9,6,6,6,1,6,1,6,6,6,1,6,6,6,6,6,1,1,1,1,6,6,1,1,1,1,6,6,6,1,1,1,6,6,6,6,6,6,1,1,1,1,1,1,1,6,6,6,6,1,6,6,6,1,6,1,1,6,1,1,6,6,1,1,1,1,7,1,6,6,6,1,1,1,6,6,6,6,6,6,6,1,6,6,6,6,6,1,6,6,6,6,6,1,6,1,1,6,6,6,6,1,1,1,1,6,6,6,1,1,6,6,6,1,1,6,6,1,1,1,1,6,6,1,1,1,6,1,1,1,1,6,6,1,1,6,1,1,6,6,6,6,1,6,1,1,1,6,1,6,1,1,6,1,9,1,1,1,1,1,6,6,1,1,1,1,1,1,1,1,1,1,1,1,1,6,1,1,1,1,1,1,1,1,1,1,1,1,1,1,1,1,6,1,1,1,6,6,6,6,1,6,1,1,1,1,1,1,1,1,1,1,1,1,6,1,1,1,1,1,1,1,1,6,1,1,6,6,1
27,20119,LYNCH,100,6,9,6,1,6,1,6,6,6,6,6,1,1,1,1,1,1,1,1,6,1,6,1,1,6,6,6,1,1,6,6,6,1,6,6,1,1,1,1,1,1,1,1,6,1,1,1,1,1,6,6,1,6,6,6,1,6,6,1,1,6,6,1,6,1,1,6,6,6,6,6,6,6,6,6,9,6,9,9,6,6,6,6,6,1,1,6,6,6,6,6,6,9,6,6,6,6,6,1,6,1,6,6,1,1,1,1,1,1,1,1,1,6,6,6,6,1,1,6,6,1,6,1,1,6,1,6,6,6,6,6,6,6,6,9,6,6,6,1,1,1,1,1,1,1,1,6,1,1,1,6,9,1,1,1,1,6,1,1,6,6,6,6,1,1,1,6,6,1,1,6,1,1,1,6,6,1,6,6,1,6,1,1,1,6,9,6,6,6,6,6,1,6,1,1,6,6,6,6,6,6,6,6,1,6,1,6,1,1,6,6,6,6,1,6,6,6,6,1,6,1,1,6,6,1,1,6,6,6,1,1,1,6,6,1,1,1,1,6,6,1,1,6,6,6,6,1,1,1,6,6,6,6,1,6,1,1,6,6,6,1,6,6,1,1,1,1,9,1,6,6,1,6,6,6,1,1,1,1,1,6,1,1,1,1,1,6,6,6,6,6,1,1,6,9,6,6,6,1,1,6,6,6,1,1,6,1,1,1,6,6,6,9,6,6,6,1,6,1,6,1,1,1,6,6,6,1,1,1,6,6,6,6,6,1,6,1,6,6,1,6,1,1,1,1,6,6,1,1,1,6,6,6,6,6,6,1,1,1,1,6,1,1,6,1,6,6,6,6,6,6,6,6,6,1,1,1,1,1,1,6,6,1,1,1,1,1,1,1,6,6,6,6,1,1,1,6,1,1,1,6,1,1,6,6,6,6,1,6,6,6,1,6,6,6,6,1,6,1,1,1,1,1,1,6,6,6,6,1,1,1,1,1,6,6,1,1,1,1,1,6,6,6,6,6,6,6,6,1,6,6,6,6,6,6,6,6,1,6,1,6,6,6,1,1,6,6,6,6,1,6,1,6,1,1,1,6,6,1,6,6,1,1,1,6,6,6,6,1,1,6,1,6,1,1,6,1,1,1,1,1,1,1,1,1,6,6,6,6,6,6,6,1,6,1,6,6,6,1,1,1,1,6,6,1,1,6,1,6,1,6,6,6,1,1,6,6,6,1,1,6,1,1,1,6,6,1,6,1,6,6,1,1,6,1,6,1,1,6,6,1,1,1,1,1,1,1,1,1,6,6,6,1,1,1,1,1,1,6,1,6,6,6,9,9,1,6,6,1,1,6,6,1,1,1,1,6,1,6,6,6,6,1,1,6,1,1,6,6,6,6,1,6,1,6,6,1,1,6,1,6,1,1,6,6,6,6,1,6,6,6,6,1,1,1,6,1,1,6,6,1,6,6,6,1,1,6,1,1,6,9,6,1,1,1,6,1,6,6,1,1,6,1,6,6,1,6,1,6,9,1,1,1,6,6,6,6,6,1,1,6,1,6,6,1,1,6,6,1,1,6,1,9,1,6,6,6,6,1,1,6,6,6,6,1,6,6,6,9,1,1,1,9,6,6,6,6,6,6,1,6,1,1,6,1,1,1,6,6,1,1,6,6,6,6,6,6,6,1,6,6,1,1,6,6,6,6,6,6,1,1,1,1,6,6,6,1,1,1,6,6,6,6,6,6,6,6,9,1,6,6,6,6,6,6,1,1,1,6,6,1,1,1,6,6,1,6,1,1,6,6,6,6,6,1,6,6,1,1,1,1,6,6,6,1,6,1,6,9,9,6,6,1,1,6,1,6,1,6,6,6,1,1,6,6,1,1,1,6,6,6,1,1,1,1,1,1,1,6,6,6,6,1,6,6,6,1,1,1,6,6,1,1,1,1,9,6,6,1,6,1,1,1,6,1,6,1,1,6,6,1,1,6,9,9,6,6,6,6,6,6,6,1,6,6,1,6,1,1,1,6,6,6,1,1,1,6,6,6,6,6,6,6,6,6,6,6,6,1,6,1,6,6,1,9,1,6,6,6,1,1,1,6,6,6,6,6,1,1,6,1,1,1,1,6,6,1,1,1,1,6,6,9,9,9,9,9,9,9,6,1,1,6,1,1,6,1,6,6,6,6,6,1,1,1,1,6,6,6,9,9,1,6,6,1,9,1,6,6,6,6,1,6,1,1,6,6,1,6,6,6,6,6,1,1,1,1,6,6,1,6,1,1,6,6,9,1,1,1,6,6,6,6,6,6,1,1,1,1,1,1,1,6,6,6,6,1,1,6,6,1,6,1,1,6,1,1,6,6,1,1,1,1,1,1,6,6,6,1,1,1,6,6,6,6,6,6,6,1,6,6,6,6,6,1,6,6,6,6,6,1,6,1,1,6,6,6,6,1,1,1,1,6,1,6,1,1,1,6,6,1,1,6,6,1,1,1,1,6,1,9,9,9,6,1,1,1,1,6,6,1,1,1,1,1,6,6,6,6,1,6,1,1,1,9,9,9,1,1,6,1,1,1,1,1,1,1,6,6,6,1,1,1,1,1,1,1,1,1,1,1,1,6,1,1,1,1,1,1,1,1,1,1,1,1,1,1,1,1,6,1,1,1,9,6,6,6,1,6,1,1,1,1,1,1,1,1,1,1,1,1,6,9,1,1,1,1,1,1,1,6,1,1,6,6,1
28,20122,McCOLLUM,100,6,6,6,1,6,1,6,6,6,6,6,1,1,1,1,1,1,1,1,6,1,6,1,1,6,6,6,1,1,1,9,6,1,6,6,1,1,1,1,1,1,1,1,6,1,1,1,1,1,6,6,1,6,6,6,1,6,6,1,1,6,6,1,6,1,1,6,6,6,6,6,6,6,6,6,6,6,1,1,6,6,6,6,6,1,1,6,6,6,6,6,6,6,6,6,6,6,6,1,6,1,6,6,1,1,1,1,1,1,1,1,1,6,6,6,6,1,1,6,6,1,6,1,1,6,1,6,6,6,6,6,6,9,6,1,6,6,6,1,1,1,1,1,1,1,1,6,1,1,1,6,1,1,1,1,1,6,1,1,6,6,6,1,1,1,1,6,6,1,1,1,1,1,1,6,6,1,6,6,1,6,1,1,1,6,1,6,6,1,6,6,1,9,1,1,6,6,6,6,6,6,6,6,1,6,1,6,1,1,6,6,6,6,1,6,6,6,6,1,1,1,1,6,6,1,6,1,6,6,1,1,1,1,6,1,1,1,1,6,6,1,1,6,1,6,6,1,1,1,1,6,6,1,1,6,1,1,6,6,6,1,6,6,6,1,1,6,1,1,6,6,1,6,6,6,1,1,1,1,1,6,1,1,1,1,1,6,6,6,6,6,1,6,6,6,6,6,6,1,1,6,6,1,1,6,1,6,1,1,6,6,6,1,6,6,6,1,6,1,6,1,1,1,6,6,1,1,1,1,6,6,1,6,6,1,6,1,6,6,1,6,1,6,1,1,6,6,1,1,1,6,6,6,6,6,6,1,1,1,1,6,1,1,1,1,6,6,6,6,6,6,6,6,6,1,1,1,1,1,1,6,6,1,1,1,1,1,1,1,6,6,6,6,1,1,1,6,1,1,1,6,1,1,1,6,6,6,1,6,6,6,1,6,6,6,6,6,6,1,1,1,1,1,1,6,6,6,6,1,1,1,1,1,6,6,1,1,1,1,1,6,6,1,6,6,6,6,6,1,6,6,6,6,6,6,6,6,1,1,1,1,6,6,1,1,6,6,6,6,1,6,1,6,1,1,1,6,6,1,6,6,1,6,1,6,6,6,6,1,1,6,1,6,1,1,6,6,1,1,1,1,1,6,1,1,1,6,6,6,6,6,6,1,6,1,6,6,6,1,1,1,1,6,6,1,1,6,1,6,1,6,6,1,1,1,6,6,6,1,1,6,6,1,1,6,6,1,6,1,6,6,1,1,6,1,6,1,1,6,6,1,1,1,1,1,1,1,1,1,1,6,6,1,1,1,1,1,1,6,1,6,6,1,1,1,1,6,6,1,1,6,6,1,1,6,1,6,1,6,6,6,6,6,1,6,1,1,1,6,6,1,1,6,1,6,6,1,1,6,1,6,1,1,1,6,6,1,1,6,1,6,6,1,1,1,6,1,6,6,6,1,6,6,6,1,1,6,1,1,6,1,6,1,1,1,1,6,6,6,1,1,6,1,6,6,1,1,1,6,1,1,1,1,6,6,6,9,6,6,1,6,1,6,9,9,9,6,6,1,1,6,1,6,1,1,6,6,6,1,1,6,1,6,6,1,1,6,6,1,1,1,1,6,6,6,6,6,6,1,1,1,1,1,6,1,1,1,6,6,1,1,6,1,9,6,6,6,6,1,6,6,1,6,6,6,6,1,6,6,1,6,1,1,6,6,6,1,1,1,6,6,6,6,6,6,6,6,1,1,1,1,1,6,6,6,1,1,1,6,6,1,1,1,6,6,1,6,1,1,6,6,6,6,6,1,6,1,1,1,1,1,6,6,6,1,6,1,6,6,1,6,6,1,1,6,1,6,1,6,6,6,1,1,6,6,1,1,6,1,6,6,1,1,1,1,1,1,1,1,6,6,6,1,6,6,6,1,1,1,6,6,1,1,1,1,1,6,6,1,6,1,1,6,6,1,6,1,1,6,6,1,1,6,1,1,9,9,9,9,6,6,6,1,6,1,1,1,1,1,1,6,6,6,1,1,6,6,6,1,6,6,6,6,6,6,6,6,6,1,6,1,6,1,1,1,1,6,6,1,1,6,1,6,6,6,6,6,1,1,6,1,1,1,1,1,6,6,1,1,1,6,9,1,1,1,1,6,6,1,6,1,1,6,1,1,6,1,6,6,6,6,1,1,6,1,1,1,6,6,1,1,6,6,6,6,1,1,1,6,6,6,1,6,1,1,6,6,1,6,6,6,6,6,1,1,1,1,6,6,1,1,1,1,6,6,6,1,1,6,6,6,6,6,6,6,6,1,6,1,1,1,1,6,6,6,6,1,6,6,6,1,6,6,1,6,1,1,6,6,9,1,1,1,7,1,6,6,6,1,1,1,6,6,6,6,6,6,6,1,6,6,6,6,6,1,6,6,6,6,6,1,6,1,1,6,6,6,6,6,1,1,1,6,6,6,6,1,1,6,6,1,1,6,6,1,1,1,1,6,6,1,1,1,6,1,1,1,1,6,6,1,1,1,1,6,6,6,6,6,1,6,1,1,1,6,1,6,1,1,6,1,1,1,1,1,1,1,6,6,1,1,1,1,1,1,1,1,1,1,1,1,1,6,1,1,1,1,1,1,1,1,9,1,1,1,1,1,1,1,6,1,1,1,6,6,6,6,1,6,1,1,1,1,1,1,1,1,1,1,1,1,1,1,1,1,1,1,1,1,1,6,1,1,6,6,1
29,20124,GRAVES,200,1,1,1,6,1,6,1,1,1,1,1,6,6,6,6,6,6,6,6,1,6,1,1,1,1,1,6,6,6,1,1,1,1,1,1,6,6,6,6,6,6,6,6,1,6,6,6,6,6,1,1,6,1,1,1,6,1,1,1,1,1,1,6,1,1,1,1,1,1,1,1,1,1,1,1,1,1,1,1,1,1,1,1,1,1,1,1,1,1,1,1,1,1,1,1,1,1,1,1,1,1,1,1,1,6,6,6,6,6,6,6,6,1,1,1,1,6,6,1,1,6,1,6,6,1,1,1,1,1,1,6,1,6,6,1,1,1,1,6,6,6,6,6,6,6,6,1,6,6,6,1,6,6,6,6,6,1,1,1,1,1,1,6,6,6,6,1,1,1,1,6,1,1,1,1,1,1,1,1,1,1,6,1,6,1,1,1,1,6,1,1,1,1,1,1,1,1,1,1,1,1,1,1,6,1,6,1,1,1,1,1,1,1,6,1,1,1,1,1,1,1,1,1,1,1,1,6,1,1,1,1,1,6,1,1,1,1,1,1,1,1,6,1,6,1,1,1,1,1,6,1,1,1,1,1,1,1,1,1,1,1,1,1,1,1,6,1,9,9,1,1,1,1,1,1,1,1,6,6,6,1,6,1,1,1,1,1,1,1,1,1,6,1,1,1,1,1,1,1,1,1,1,6,6,1,1,1,1,1,1,1,1,6,1,1,1,6,1,1,1,1,1,1,1,1,6,1,1,1,1,1,6,1,1,6,1,1,1,1,6,1,6,1,1,1,1,1,1,6,6,1,6,1,1,6,6,6,6,6,6,1,6,6,6,6,1,1,1,1,1,1,1,1,1,1,6,1,1,1,1,1,1,1,6,6,6,6,6,6,1,1,1,1,6,6,6,1,6,6,6,1,1,6,6,1,9,9,9,9,9,9,9,9,9,6,6,6,6,6,6,6,6,6,6,1,1,6,1,6,6,6,6,6,1,9,9,9,1,1,1,1,1,6,6,6,6,1,1,6,1,1,6,1,1,1,1,1,6,6,6,6,1,1,6,6,1,1,1,1,6,1,9,1,6,6,6,1,1,6,1,1,6,1,9,9,9,9,9,9,9,9,9,9,9,9,9,9,9,9,9,9,9,9,9,9,9,9,9,9,9,9,9,9,9,9,9,9,9,9,9,9,9,9,9,9,9,9,9,1,1,1,1,6,6,6,1,1,1,1,6,1,1,1,1,1,1,6,1,1,1,1,6,6,1,6,1,1,1,1,1,1,1,6,1,1,6,1,1,1,6,1,1,1,6,6,6,6,6,1,1,1,1,6,6,6,6,1,1,1,1,1,1,6,6,1,6,1,1,1,1,1,1,1,6,1,1,1,6,1,1,6,6,1,1,1,1,1,6,1,1,1,9,9,9,1,1,6,6,1,1,1,1,1,1,1,1,1,1,9,9,6,1,1,1,6,6,1,1,6,1,6,1,6,1,1,6,1,1,1,1,6,1,1,1,1,1,6,1,1,1,1,1,6,1,1,1,1,1,1,6,1,6,1,1,1,1,1,1,1,6,1,1,1,1,6,1,1,1,1,6,1,6,1,1,1,6,1,1,1,1,1,1,6,6,6,1,1,1,1,1,6,6,6,1,1,1,1,1,1,1,1,1,1,6,1,1,1,1,6,1,1,1,1,1,6,1,1,1,1,1,1,1,1,1,1,1,1,1,6,1,1,1,1,1,1,1,1,1,1,6,1,6,1,1,1,1,1,1,1,1,1,1,6,1,1,6,1,9,9,9,9,9,9,9,6,1,1,1,1,1,6,1,1,1,6,1,6,1,1,1,1,9,1,6,1,6,1,6,1,1,1,1,1,1,1,1,6,1,6,1,1,1,1,1,1,1,1,1,6,1,1,1,6,1,1,1,1,1,1,1,1,1,1,1,1,1,1,1,6,1,1,6,6,6,6,1,6,1,6,1,6,1,1,1,1,1,1,1,1,1,1,1,6,1,6,1,6,9,1,1,1,1,1,1,1,1,1,1,6,6,6,6,1,6,1,1,6,6,1,1,6,1,6,1,1,1,1,1,6,6,1,1,1,1,1,6,6,6,6,1,1,6,6,1,6,1,1,1,1,1,1,1,6,6,1,1,1,1,6,1,6,6,1,6,6,6,6,6,6,1,1,6,6,1,1,1,6,1,1,1,1,1,1,1,1,9,9,9,9,9,9,9,9,9,9,1,1,6,1,1,1,1,1,6,1,1,1,1,1,1,1,1,6,6,1,1,6,1,1,1,1,1,1,1,1,1,6,1,6,1,1,1,1,1,1,1,6,1,1,1,6,1,1,6,1,1,1,1,1,1,1,1,1,1,1,1,1,1,6,6,6,1,1,1,1,1,1,1,6,1,1,1,1,1,6,1,1,1,1,1,6,1,9,9,9,9,9,9,9,1,1,6,1,1,1,1,6,1,1,1,6,1,1,1,6,6,6,6,1,1,1,1,1,1,1,1,1,1,1,1,1,1,1,1,1,1,1,1,1,6,1,1,1,1,1,1,1,1,1,1,1,9,1,1,1,1,1,1,1,6,1,1,1,1,1,1,1,1,1,1,1,1,1,1,1,1,1,1,1,1,1,1,1,1,1,1,1,1,1,1,1,1,1,1,1,1,1,1,1,1,1,1,1,1,1,1,1,1,1,1,1,6,1,1,1,1,1,1,1,1,1,1,1,6,1,1
30,20134,SHUSTER,200,1,1,1,6,1,6,1,1,1,1,1,6,6,6,6,6,6,6,6,1,6,1,1,1,1,1,1,6,6,1,9,1,1,1,1,6,6,6,6,6,6,6,6,1,6,6,6,6,6,1,1,6,1,1,1,6,1,1,1,1,1,1,6,1,1,1,1,1,1,1,1,1,1,1,1,1,1,1,1,1,1,1,1,1,1,9,9,9,1,1,1,1,1,1,1,1,1,1,1,1,1,9,9,1,6,6,6,6,6,6,6,6,1,1,1,1,6,6,1,1,6,1,6,6,1,1,1,1,1,1,6,1,9,6,1,1,1,1,6,6,6,6,6,6,6,6,1,6,6,6,1,6,6,6,6,6,1,1,1,1,1,1,1,6,6,6,1,1,1,1,1,1,1,1,1,1,1,1,1,1,9,6,1,6,1,1,1,1,1,1,1,1,1,1,1,1,1,1,1,1,1,1,1,6,1,6,1,1,1,1,1,1,1,6,1,1,1,1,1,1,1,1,1,1,1,1,1,1,1,1,1,1,1,1,1,1,1,1,1,1,1,6,1,1,1,1,1,1,1,1,1,1,1,1,1,1,1,9,1,1,1,1,1,1,1,6,1,1,1,1,1,1,1,1,1,1,1,6,6,6,1,6,1,1,1,1,1,1,1,1,1,6,1,1,1,1,9,1,1,1,1,1,1,6,1,1,1,1,1,1,1,1,6,1,1,1,6,1,1,1,1,1,1,1,1,1,1,1,1,1,1,1,1,6,6,1,1,1,1,6,1,6,1,1,1,1,1,1,6,6,1,9,1,1,1,6,6,6,6,6,1,6,6,6,1,6,9,6,6,6,1,1,1,1,1,6,1,1,1,1,1,1,1,6,6,6,6,6,6,1,1,1,1,6,6,6,1,6,6,6,1,1,9,6,1,1,1,1,1,1,1,1,1,1,6,6,6,6,6,6,6,6,6,6,1,1,1,1,1,1,6,1,6,1,1,1,1,1,1,1,1,1,1,6,6,6,6,6,6,9,6,6,6,1,6,1,1,6,6,6,9,1,6,6,6,1,1,1,1,6,1,6,6,6,6,6,1,1,1,9,1,6,1,1,1,1,1,1,6,6,1,6,9,6,6,1,1,6,6,6,6,6,1,6,6,6,1,6,6,1,1,1,6,1,6,1,1,6,6,6,6,6,1,1,1,6,1,1,1,1,1,1,1,6,6,1,1,1,1,6,1,1,1,1,1,1,6,1,1,1,1,6,6,6,6,1,1,1,1,1,1,1,6,1,1,6,1,1,1,1,1,1,1,6,6,6,6,6,1,1,1,1,1,6,6,6,1,1,1,1,1,1,6,6,1,6,1,1,1,1,1,1,1,6,1,1,1,1,1,1,1,6,1,1,1,1,1,6,1,1,1,1,1,9,1,1,1,6,1,1,1,1,1,1,1,1,1,1,1,1,6,1,1,1,6,6,1,1,6,1,1,1,6,1,1,1,1,1,1,1,6,1,1,1,1,1,1,1,1,1,1,1,6,1,1,1,1,1,1,6,1,6,1,1,1,1,1,1,1,6,1,1,1,1,1,1,1,1,1,6,1,1,1,1,1,1,1,1,1,1,1,1,6,9,9,1,1,1,9,9,9,6,6,1,1,1,1,1,1,1,1,1,1,1,9,9,9,9,6,1,1,1,1,1,6,1,9,1,1,1,1,1,1,1,1,1,1,9,9,1,1,1,9,9,9,9,1,9,9,9,9,9,9,1,1,1,1,1,1,1,1,1,6,1,1,6,1,9,9,1,1,1,1,9,6,1,1,1,1,1,6,1,9,9,6,1,6,1,1,1,1,1,1,6,1,6,1,6,1,1,1,1,1,1,1,1,9,1,1,1,1,1,1,1,1,9,1,1,9,1,1,1,6,1,1,1,1,1,1,1,1,1,1,1,1,1,1,1,6,1,1,6,6,6,6,1,6,1,6,1,6,1,9,1,1,1,1,1,1,1,1,1,6,1,6,1,1,9,9,9,9,1,1,1,1,1,1,1,1,1,6,6,1,6,1,1,6,6,1,1,6,1,1,1,1,1,1,1,1,6,1,1,1,1,1,6,6,6,6,1,1,6,1,1,6,1,1,1,1,1,1,1,1,6,1,1,1,1,6,9,6,6,1,6,6,6,6,6,6,9,9,9,6,1,1,1,9,9,9,1,1,1,1,1,1,1,1,9,1,1,1,6,1,6,1,1,1,6,6,1,1,1,1,6,1,1,1,1,1,1,1,1,6,1,1,1,6,1,6,6,1,1,1,1,1,6,6,1,6,1,1,1,9,9,9,9,6,1,1,1,6,1,1,6,1,1,1,1,1,9,9,9,9,9,9,9,9,9,9,9,9,9,9,9,9,9,9,9,9,9,9,9,9,9,9,9,9,9,9,1,6,1,1,1,1,1,1,1,1,1,1,6,1,1,1,1,6,1,1,1,6,1,9,1,9,6,6,6,1,1,1,1,1,1,1,1,1,1,1,1,1,1,1,1,1,1,1,1,1,6,1,1,1,1,9,9,9,1,1,1,1,1,9,9,1,1,1,9,9,9,1,1,9,9,9,9,9,9,9,9,9,9,9,9,1,9,1,1,1,1,1,1,1,1,1,1,1,1,1,1,1,1,1,1,1,1,1,1,1,1,9,9,9,9,9,9,9,9,9,9,9,9,9,9,9,9,9,9,9,9,9,9,9,9,9,9
31,20136,LANGEVIN,100,6,6,6,1,6,1,6,6,6,1,6,1,1,1,1,1,1,1,1,6,1,6,1,1,6,6,6,1,1,6,6,6,1,6,6,1,1,1,1,1,1,1,1,6,1,1,1,1,1,6,6,1,6,6,6,1,6,6,1,1,6,6,1,6,9,1,6,6,6,6,6,6,6,6,6,6,6,1,1,6,6,6,6,6,1,1,6,6,6,6,6,6,6,6,6,6,6,6,1,6,1,6,6,1,1,1,1,1,1,1,1,1,6,6,6,6,1,1,6,6,1,6,1,1,6,1,6,6,6,6,1,6,1,1,1,1,6,6,9,1,1,1,1,1,1,1,6,1,1,1,6,9,1,1,1,1,6,1,1,6,6,6,6,1,1,1,6,6,1,1,6,1,1,1,6,6,1,6,6,1,6,1,1,1,6,1,6,6,6,6,6,1,6,1,1,6,6,6,6,6,6,6,6,1,6,1,6,1,1,6,6,6,6,1,6,6,6,6,1,1,1,1,6,6,1,1,6,6,6,1,1,1,6,6,1,1,1,1,6,6,1,1,6,6,6,6,1,1,1,6,6,6,6,1,6,1,1,6,6,6,1,6,6,6,1,1,1,1,1,6,6,1,6,6,6,1,1,1,1,1,6,1,1,1,1,1,6,6,6,6,6,1,1,6,6,6,6,6,1,1,6,6,6,1,6,1,6,1,1,6,6,6,1,6,6,6,1,6,1,6,1,1,1,6,6,6,1,1,1,6,6,6,9,6,1,6,1,6,6,1,6,1,1,1,1,6,6,1,1,1,6,6,6,6,6,6,1,1,1,1,6,1,6,1,1,6,6,6,6,6,6,6,6,6,1,1,1,1,1,1,6,6,1,1,1,1,1,1,1,6,6,6,6,1,1,1,6,1,1,1,6,1,1,1,6,6,6,1,9,6,6,1,6,6,6,6,1,6,1,1,1,1,1,1,6,6,6,6,1,1,1,1,1,6,6,1,1,1,1,1,6,6,6,6,6,6,6,6,1,6,6,6,6,6,6,6,6,1,1,1,1,6,6,1,1,6,6,6,6,1,6,1,6,1,1,1,6,6,1,6,6,1,6,1,6,6,6,6,1,1,6,1,6,1,1,6,6,1,1,1,1,1,6,1,1,1,6,6,6,6,6,6,1,6,1,6,6,6,1,1,1,1,6,6,1,1,6,1,6,1,6,6,6,1,1,6,6,6,1,1,6,6,9,1,6,6,1,6,1,6,6,6,6,6,1,6,1,1,6,6,1,1,1,1,1,1,1,1,1,6,6,6,1,1,1,1,1,1,6,1,6,6,6,1,1,1,6,6,1,1,6,6,1,1,6,1,6,1,6,6,6,6,6,1,6,9,9,9,6,6,6,1,6,1,6,6,1,1,6,1,6,1,1,1,6,6,6,1,6,1,6,6,1,1,1,6,1,6,6,6,1,6,6,6,1,1,6,1,1,6,1,6,1,1,1,6,1,6,6,1,1,6,1,6,6,1,6,1,6,1,1,1,1,6,6,6,6,6,6,1,6,1,6,6,1,1,6,6,1,1,6,1,6,1,6,6,6,6,1,1,6,6,6,6,1,6,6,6,1,1,1,1,6,9,9,6,6,6,6,1,1,6,1,1,1,1,1,6,6,1,1,6,1,6,6,6,6,6,1,6,6,1,1,1,6,6,6,6,6,1,1,1,1,6,6,6,1,1,6,6,6,6,6,6,6,6,6,1,1,6,9,6,6,6,6,1,1,1,6,6,1,1,1,6,6,1,6,1,1,6,6,6,6,6,1,6,1,1,1,1,1,6,6,6,1,6,1,6,9,9,6,6,1,1,6,1,6,1,6,6,6,1,1,6,6,1,1,6,6,6,6,1,1,1,1,1,1,1,1,6,6,6,1,6,6,6,1,1,1,6,6,1,1,1,1,1,6,6,1,6,1,1,6,6,6,6,1,1,6,6,1,1,6,1,1,6,6,6,6,6,6,6,1,6,6,1,6,1,1,1,6,6,6,1,1,1,6,6,6,1,6,6,6,6,6,6,6,6,6,6,1,6,6,1,1,1,6,6,6,1,6,1,6,6,6,6,6,1,1,6,1,1,1,1,1,6,1,1,1,1,6,6,6,1,1,1,6,6,6,6,1,1,6,1,1,6,1,6,6,6,6,1,1,6,1,1,6,6,6,1,1,1,6,6,1,1,1,9,6,6,6,1,6,1,1,6,6,1,6,6,6,6,6,1,1,1,1,6,6,1,6,1,1,6,6,6,1,1,1,6,6,6,6,6,6,1,1,1,1,1,1,1,6,6,6,6,1,6,6,6,1,6,1,1,6,1,1,6,6,1,1,1,1,7,1,6,6,6,1,1,1,6,6,6,6,6,6,6,1,6,6,6,6,6,1,6,6,6,6,6,1,6,9,9,6,6,6,6,6,1,1,1,6,6,6,1,1,1,6,6,1,1,6,6,1,1,1,1,6,6,1,1,1,6,1,1,1,1,6,6,1,1,1,1,1,6,6,6,6,1,6,1,1,1,6,1,6,1,1,6,1,1,1,1,1,1,1,6,6,6,1,1,1,1,1,1,1,1,1,1,1,1,9,1,1,1,1,1,1,1,1,1,1,1,1,1,1,1,1,6,1,1,1,6,6,6,6,1,6,1,1,1,1,1,1,1,1,1,1,1,1,6,9,1,1,1,1,1,1,1,6,1,1,6,6,1
32,20138,WILSON,200,1,1,1,6,1,6,1,1,1,1,1,6,6,6,6,6,6,6,6,1,6,1,1,1,1,1,1,6,6,1,1,1,1,1,1,6,6,6,6,6,6,6,6,1,6,6,6,6,6,1,1,6,1,1,1,6,1,1,1,1,1,1,6,1,1,1,1,1,1,1,1,1,1,1,1,1,1,1,1,1,1,1,1,1,1,1,1,1,1,1,1,1,1,1,1,1,1,1,1,1,1,1,1,1,6,6,6,6,6,6,6,6,1,1,1,1,6,6,1,1,6,1,6,6,1,1,1,1,1,1,6,1,6,6,1,1,1,1,6,6,6,6,6,6,6,6,1,6,6,6,1,6,6,6,6,6,1,1,1,1,1,1,1,6,6,6,1,1,1,1,1,1,1,1,1,1,1,1,1,1,1,6,1,6,1,1,1,1,9,1,1,1,1,1,1,1,1,1,1,1,1,1,1,6,1,6,1,1,1,1,1,1,1,6,1,1,1,1,1,1,1,1,1,1,1,1,1,1,1,1,1,1,1,1,1,1,1,1,1,1,1,6,1,1,1,1,1,1,1,1,1,1,1,1,1,1,1,1,1,1,1,1,1,1,1,6,1,1,1,1,1,1,1,1,1,1,1,6,9,9,1,6,1,1,1,1,1,1,1,1,1,6,1,1,1,1,1,1,1,1,1,1,1,6,1,1,1,1,1,1,1,1,6,1,1,1,6,1,1,1,1,1,1,1,1,1,1,1,1,1,1,1,1,1,6,1,1,1,1,6,1,6,1,1,1,1,1,1,6,6,1,6,1,1,1,6,6,6,6,6,1,6,6,6,6,1,1,1,1,6,1,1,1,1,1,6,1,1,1,1,1,1,1,6,6,6,6,6,6,1,1,1,1,6,6,6,1,6,6,6,1,1,6,6,1,1,1,1,1,1,1,1,1,1,1,1,6,1,6,6,6,6,6,6,1,1,6,1,6,6,6,6,6,1,1,1,1,1,1,1,1,1,1,1,1,1,1,1,6,1,1,1,1,1,1,1,1,6,6,6,6,1,1,6,6,1,1,6,1,6,1,6,1,6,6,6,1,1,1,1,1,6,1,1,1,1,1,1,6,6,1,1,1,6,6,1,1,6,6,6,6,6,1,6,6,6,6,1,6,1,1,1,6,1,6,1,1,1,6,6,6,6,1,1,6,6,1,1,1,1,1,1,1,6,6,1,1,1,1,6,1,1,1,1,1,1,6,1,1,1,1,6,6,1,6,1,1,1,1,1,1,1,6,1,1,6,1,1,1,1,1,1,1,6,6,6,6,6,1,1,1,1,1,6,6,6,1,1,1,1,1,1,6,6,1,6,1,1,1,1,1,1,1,6,1,1,1,1,1,1,1,6,1,1,1,1,1,6,1,1,1,1,1,1,1,1,1,6,1,1,1,1,1,1,1,1,1,1,1,1,6,1,1,1,6,6,1,1,6,1,1,1,6,1,1,1,1,1,1,1,6,1,1,1,1,1,1,1,1,1,1,1,6,1,1,1,1,1,1,6,1,6,1,1,1,1,1,1,1,6,1,1,1,1,1,1,1,1,1,6,1,1,1,1,1,1,1,1,1,1,1,1,6,6,6,1,1,1,1,1,1,6,6,1,1,1,1,1,1,1,1,1,1,1,1,1,1,1,6,1,1,1,1,1,6,1,1,1,1,1,1,1,1,1,1,1,1,1,1,1,1,1,1,1,1,1,1,1,1,1,1,1,1,1,1,1,1,1,1,1,1,1,6,1,1,6,1,1,1,1,1,1,1,1,6,1,1,1,1,1,6,1,1,1,6,1,6,1,1,1,1,1,1,6,1,6,1,6,1,1,1,1,1,1,1,1,6,1,1,1,1,1,1,1,1,1,1,1,1,1,1,1,6,1,1,1,1,1,1,1,1,1,1,1,1,1,1,1,6,1,1,6,1,1,1,1,6,1,1,1,6,1,1,1,1,1,1,1,1,1,1,9,6,1,6,1,1,1,1,9,1,1,1,1,1,1,1,1,1,6,6,6,1,6,1,1,6,6,1,1,6,1,1,1,1,1,1,1,1,6,1,1,1,1,1,6,6,6,6,1,1,6,1,1,6,1,1,1,1,1,1,1,1,6,1,1,1,1,1,1,6,6,6,6,6,1,6,6,6,1,1,6,6,1,9,9,9,1,1,1,1,1,1,1,1,1,1,1,1,1,1,6,1,6,1,1,1,6,1,1,1,1,1,6,1,9,9,9,9,9,9,9,6,1,1,1,6,1,1,6,1,1,1,1,1,1,6,6,6,1,1,1,1,1,1,1,6,1,1,1,6,1,1,6,1,1,1,1,1,1,1,1,1,1,1,1,1,1,6,6,6,1,1,1,1,1,1,1,6,1,1,1,1,1,6,1,1,1,1,1,6,1,1,1,1,1,1,1,1,1,1,6,1,1,1,1,6,1,1,1,6,1,1,1,6,6,6,6,1,1,1,1,1,1,1,1,1,1,1,1,1,1,1,1,1,1,1,1,1,6,1,1,1,1,1,1,1,1,1,1,1,1,1,1,1,1,1,1,1,1,1,1,1,1,1,1,1,1,1,1,1,1,1,1,6,1,1,1,1,1,1,1,1,1,1,1,1,1,1,1,1,1,1,1,1,1,1,1,1,1,1,1,1,1,1,1,1,1,1,1,1,1,1,1,1,1,1,1,1,1,1,1,1,1,1,1
33,20139,CULBERSON,200,1,1,1,6,1,6,1,1,1,1,1,6,6,6,6,6,6,6,6,9,6,1,1,1,1,1,1,6,6,1,1,1,1,1,1,6,6,6,6,6,6,6,6,1,6,6,6,6,6,1,1,6,1,1,1,6,1,1,1,1,1,1,6,1,1,1,1,1,1,1,1,1,1,1,1,1,1,1,1,1,1,1,1,1,1,1,1,1,1,1,1,1,1,1,1,1,1,1,1,1,1,1,1,1,6,6,6,6,6,6,6,6,1,1,1,1,6,6,1,1,6,1,6,6,1,9,9,1,1,1,6,1,6,6,1,1,1,1,6,6,6,6,6,6,6,6,1,6,6,6,1,6,6,6,6,6,1,1,1,1,1,1,1,6,6,6,1,1,1,1,1,1,1,1,1,1,1,1,1,1,1,6,1,6,1,1,1,1,1,1,1,1,1,1,1,1,1,1,1,1,1,1,1,6,1,6,1,1,1,1,1,1,1,6,1,1,1,1,1,1,1,1,1,1,1,1,1,1,1,1,1,1,1,1,1,1,1,1,1,1,1,6,1,1,1,1,1,1,1,6,1,1,1,1,1,1,1,1,1,1,1,1,1,1,1,6,1,1,1,1,1,1,1,1,1,1,1,6,6,6,1,6,1,1,1,1,1,1,1,1,1,6,1,1,1,1,1,1,1,1,1,1,1,6,1,1,1,1,1,1,1,1,6,1,1,1,6,1,1,1,1,1,1,1,1,1,1,1,1,1,1,1,1,6,6,1,1,1,1,6,1,6,1,1,1,1,1,1,6,6,1,6,1,1,1,6,6,6,6,6,1,6,6,6,1,1,1,1,1,6,1,1,1,1,1,6,1,1,1,1,9,1,1,6,6,6,6,6,6,1,1,1,1,6,6,6,1,6,6,6,1,1,6,6,1,1,1,1,1,1,1,1,1,1,1,6,6,1,6,6,6,6,6,1,1,1,1,6,6,6,6,6,6,1,1,1,1,1,1,1,1,1,1,1,1,1,6,1,6,1,1,1,1,1,1,1,1,6,6,6,6,1,1,6,6,6,1,6,1,6,1,6,1,6,6,6,1,1,1,1,6,6,1,1,1,1,1,1,6,6,1,6,6,6,6,1,1,6,6,6,6,6,6,6,6,6,1,1,1,1,1,6,6,6,6,1,1,1,6,6,6,6,1,1,1,6,1,1,1,1,1,1,1,6,6,1,1,1,1,6,1,1,1,1,1,1,6,1,1,1,1,6,6,1,6,1,1,1,1,1,1,1,6,1,1,6,1,9,9,9,1,1,1,6,6,6,6,6,1,1,1,1,1,6,6,6,1,1,1,1,1,1,6,6,1,6,1,1,1,1,1,1,1,6,1,1,1,1,1,1,1,6,1,1,1,1,1,6,1,1,1,1,1,1,1,1,1,6,1,1,1,1,1,1,1,1,1,1,1,1,6,1,1,1,6,6,1,1,6,1,1,1,6,1,1,1,1,1,1,1,6,1,1,1,1,1,1,1,1,1,1,1,6,1,1,1,1,1,1,6,1,6,1,1,1,1,1,1,1,6,1,1,1,1,1,1,1,1,1,6,1,1,1,1,1,1,1,1,1,1,1,1,9,6,6,1,1,1,1,1,6,6,6,1,1,9,9,1,1,1,1,1,1,6,1,1,1,1,6,1,1,1,1,1,6,1,1,1,1,1,1,1,1,1,1,1,1,1,1,1,1,1,1,1,1,1,1,1,1,9,1,1,1,1,1,1,1,1,1,1,1,1,6,1,1,6,1,1,1,1,1,1,1,1,6,1,1,1,1,1,6,1,1,1,6,1,6,1,1,1,1,1,1,6,1,6,1,6,1,1,1,1,1,1,1,1,6,1,1,1,1,1,1,1,1,1,1,1,1,1,1,1,6,1,1,1,1,1,1,1,1,1,1,1,1,1,1,1,6,1,1,6,6,1,6,1,6,1,1,1,6,1,1,1,1,1,1,1,1,1,1,1,6,1,6,1,1,1,1,1,1,1,1,1,1,1,1,1,1,6,6,6,1,1,1,1,6,1,1,1,6,1,1,1,1,1,1,1,1,6,1,1,1,1,1,6,6,6,6,1,1,6,6,1,6,1,1,1,1,1,1,1,1,6,1,1,1,1,1,1,6,6,6,6,6,1,6,1,6,1,1,6,6,1,1,1,1,1,1,1,1,1,1,9,9,9,1,1,1,1,1,6,1,6,1,1,1,6,1,1,1,1,1,6,1,1,1,1,1,1,1,1,6,6,1,1,6,1,1,1,1,1,1,6,6,1,6,6,6,1,1,1,1,1,1,1,6,6,1,1,6,1,1,6,1,1,1,1,1,1,1,1,1,1,1,1,1,1,6,6,6,6,1,1,1,1,1,1,6,1,1,1,1,1,6,1,1,1,1,1,6,1,1,1,1,1,1,1,1,1,1,6,1,1,1,1,9,9,1,1,6,1,1,1,6,6,6,6,1,9,1,1,1,1,1,1,1,1,1,1,1,1,1,1,1,1,1,1,1,6,1,1,1,1,1,9,9,9,9,1,1,1,1,1,1,1,1,1,1,1,1,1,1,1,1,1,1,1,1,1,1,1,1,1,1,1,1,1,1,1,1,1,1,1,1,1,1,1,1,1,1,1,1,1,1,1,1,9,1,1,9,9,9,9,9,9,9,9,9,1,1,1,1,1,1,1,1,1,1,1,1,1,1,1,1,1
34,20145,LARSEN,100,6,6,6,1,6,1,6,6,6,1,6,1,1,1,1,1,1,1,1,6,1,6,1,1,6,6,1,1,1,1,6,6,1,6,6,1,1,1,1,1,1,1,1,6,1,1,1,1,1,6,6,1,6,6,6,1,6,6,1,1,6,6,1,6,1,1,6,6,6,6,6,6,6,6,6,6,6,1,1,6,6,6,6,6,1,1,6,6,6,6,6,6,6,6,6,6,6,6,1,6,1,6,6,1,1,1,1,1,1,1,1,1,6,6,6,6,1,1,6,6,1,6,1,1,6,1,6,6,6,6,6,6,6,9,1,6,6,6,1,1,1,1,1,1,1,1,6,1,1,1,6,1,1,1,1,1,6,1,1,6,6,6,9,1,1,1,6,6,1,1,9,1,1,1,6,6,1,6,6,1,6,1,1,1,6,1,6,6,6,6,6,1,6,1,1,6,6,6,6,6,6,6,6,1,6,1,6,1,1,6,6,6,6,1,1,6,6,6,1,1,1,1,6,6,1,1,1,6,6,1,1,1,9,6,1,1,1,1,6,6,1,1,6,9,6,6,1,1,1,6,6,6,6,1,6,1,1,6,6,6,1,6,6,6,1,1,6,1,1,6,6,1,6,6,6,1,1,1,1,1,6,1,1,1,9,9,6,6,6,6,6,1,6,6,6,6,6,6,1,1,6,6,1,1,6,1,6,9,9,9,9,9,9,9,9,9,9,9,9,9,9,1,1,6,6,1,1,1,1,6,6,1,6,6,1,6,1,6,6,9,6,1,6,1,1,6,6,1,1,1,6,9,6,6,6,6,1,1,1,1,6,1,1,1,1,6,6,6,6,1,6,6,6,6,1,1,1,1,1,1,9,6,1,1,1,1,1,1,1,6,6,6,6,1,1,1,1,1,1,1,6,1,1,1,1,6,6,1,6,6,6,1,6,6,6,6,1,6,6,1,1,1,1,1,6,6,6,6,1,1,1,1,1,6,6,1,1,1,1,1,6,6,1,6,6,6,6,6,1,6,6,6,6,6,6,6,6,1,1,1,1,6,6,1,1,6,6,6,6,1,6,1,6,1,1,1,6,6,1,6,6,1,6,1,6,6,6,6,1,1,6,1,6,1,1,6,6,1,1,1,1,1,1,1,1,1,6,6,6,6,6,6,1,6,1,6,6,6,1,1,1,1,6,6,6,1,6,1,6,1,6,6,1,1,1,6,6,6,1,1,6,6,1,1,6,6,1,6,1,6,6,6,1,6,1,6,1,1,6,6,1,1,1,1,1,1,1,1,1,1,6,6,1,1,1,1,1,1,6,1,6,6,1,1,1,1,6,6,1,1,6,6,1,1,6,1,6,1,6,6,6,6,6,1,6,1,1,9,6,6,6,1,6,1,6,6,1,1,6,1,6,1,1,1,6,6,1,1,6,1,6,6,1,1,1,6,1,1,6,6,1,6,6,6,1,1,6,1,1,6,1,6,1,1,1,1,1,6,6,1,1,6,9,6,6,1,6,1,6,1,1,1,1,1,6,6,6,6,6,1,6,1,6,6,1,1,6,6,1,1,6,1,1,1,1,6,6,6,1,1,6,6,6,6,1,6,6,1,1,1,1,1,9,9,9,6,6,6,6,1,1,1,1,6,1,1,1,6,6,1,1,6,1,1,6,6,6,6,1,6,6,1,1,6,6,6,6,6,6,1,6,1,1,6,6,6,1,1,9,6,6,6,6,6,6,6,6,1,1,9,6,1,6,6,6,1,1,1,6,6,1,1,1,1,6,1,6,1,1,6,6,6,6,6,1,6,1,1,1,1,1,6,6,6,1,6,1,6,6,1,6,6,1,1,6,1,6,1,6,6,6,1,1,6,6,1,1,6,1,6,6,1,1,1,1,1,1,1,1,6,6,1,1,6,6,1,1,1,1,6,6,1,1,1,1,1,6,6,1,6,1,1,6,6,6,6,1,1,6,6,1,1,6,1,1,6,6,6,6,6,6,6,1,6,6,1,1,1,9,9,6,6,6,1,1,1,6,6,1,6,6,6,6,6,6,6,6,6,1,6,1,6,6,9,9,9,6,6,6,1,6,6,1,6,6,6,1,1,1,6,1,6,6,1,1,6,1,1,1,1,6,6,1,1,1,1,6,6,1,6,1,1,6,1,1,6,1,6,6,6,6,1,1,1,1,1,1,6,6,1,1,1,6,6,6,1,1,6,6,6,6,1,6,1,1,6,6,1,6,6,6,6,6,1,1,1,1,6,6,1,1,1,1,6,6,6,1,1,1,6,6,6,6,1,6,1,1,1,1,1,1,1,6,6,6,6,1,6,6,6,1,6,1,1,6,1,1,6,6,1,1,1,1,7,1,6,6,6,1,1,1,6,6,6,6,6,6,6,1,6,6,6,6,6,1,6,6,6,6,6,1,6,1,1,6,6,6,6,6,1,1,1,6,6,6,1,1,6,6,6,1,1,6,6,1,1,1,1,1,6,1,1,1,6,1,1,1,1,6,6,1,1,1,1,1,6,6,6,6,1,6,1,1,9,6,1,6,1,1,6,1,1,1,1,1,1,1,6,6,9,1,1,1,1,1,1,1,1,1,1,1,1,6,1,1,1,1,1,1,1,1,1,1,1,1,1,1,1,1,6,1,1,1,6,6,6,6,1,6,1,1,1,1,1,1,1,1,1,1,1,1,6,1,1,1,1,1,1,1,1,6,1,1,6,6,1
35,20147,CLAY,100,6,6,6,1,6,1,6,6,6,6,6,1,1,1,1,1,1,1,1,6,1,6,1,1,6,6,6,1,1,6,9,9,9,6,6,1,1,1,1,1,1,1,1,6,1,1,1,1,1,6,6,1,6,6,6,1,6,6,1,1,6,6,1,6,1,1,6,6,6,6,6,6,6,6,6,6,9,1,1,6,6,6,6,6,1,1,6,6,6,6,6,6,6,6,6,6,6,6,1,6,1,6,6,1,1,1,1,1,1,1,1,1,6,6,6,6,1,1,6,6,1,6,1,1,6,1,6,6,6,6,1,6,1,1,1,6,6,6,1,1,1,1,9,1,1,1,6,1,1,1,6,1,1,1,1,1,6,1,1,6,6,6,1,1,1,1,6,6,1,1,1,1,1,1,6,6,1,6,6,1,6,1,1,1,6,1,6,6,1,6,6,1,1,1,1,6,6,6,6,6,6,6,6,1,6,1,6,9,9,6,6,6,6,1,1,6,6,6,1,1,1,1,6,6,1,1,1,6,6,1,1,1,1,6,1,1,1,1,6,6,1,1,6,1,6,6,1,1,1,1,6,6,1,1,6,1,1,6,6,6,1,6,6,6,1,9,9,1,1,6,6,1,6,6,6,1,1,1,1,1,6,1,6,1,1,1,6,6,6,6,6,1,6,6,6,6,6,6,1,1,6,6,1,1,6,1,6,1,1,6,6,6,1,6,6,6,1,6,1,6,1,1,1,6,6,1,1,1,1,6,6,1,6,6,1,6,1,6,6,1,6,1,6,1,1,6,6,1,1,1,6,1,6,6,6,1,1,1,1,1,6,1,1,1,1,6,6,6,6,1,6,6,6,6,1,1,1,1,1,1,6,6,1,1,1,1,1,1,1,6,6,6,6,1,1,1,6,1,1,1,6,1,1,1,1,6,6,1,6,6,6,1,6,6,6,6,1,6,1,1,1,1,1,1,6,6,6,6,1,1,1,1,1,6,9,9,9,1,1,1,6,6,1,6,6,6,6,6,1,6,6,6,6,6,6,6,6,1,1,1,1,6,6,1,1,6,6,6,6,1,6,1,6,1,1,1,6,6,1,6,6,1,6,1,6,6,6,6,1,1,6,1,6,1,1,6,6,1,1,1,1,1,6,1,1,1,6,6,6,6,6,6,1,6,1,6,6,6,1,1,1,1,6,6,1,1,6,1,6,1,6,6,1,1,1,6,6,6,1,1,6,6,1,1,6,6,1,6,1,6,6,1,1,6,1,6,1,1,6,6,1,1,1,1,1,1,1,9,9,9,6,6,1,1,1,1,1,1,6,1,6,6,1,1,1,1,6,6,1,1,6,6,1,1,6,1,6,1,6,6,6,6,6,1,6,1,1,1,6,6,1,1,6,1,6,6,1,1,6,1,6,1,9,9,6,6,1,1,1,1,6,6,1,1,1,6,1,6,6,6,1,6,6,6,1,1,6,1,1,6,1,6,1,1,1,1,6,6,6,1,1,6,1,6,6,1,1,1,6,1,9,9,1,6,6,6,6,1,6,6,1,1,6,6,1,1,6,6,1,1,6,1,1,1,1,6,6,6,1,1,6,1,6,6,1,1,6,6,1,1,1,1,6,6,6,6,6,6,6,1,1,1,1,6,1,1,1,6,6,1,1,6,1,1,6,6,6,6,1,6,6,1,6,6,6,9,9,9,9,9,6,1,1,6,6,6,1,9,9,9,9,9,9,6,6,6,6,1,1,1,6,1,6,6,6,6,1,1,6,6,1,1,1,6,6,1,6,1,1,6,6,6,6,6,1,6,6,1,1,1,1,6,6,6,1,6,1,6,6,1,6,6,1,1,6,1,6,1,6,6,6,1,1,6,6,1,9,9,9,6,6,1,1,1,1,1,1,1,1,6,6,6,1,6,6,1,1,1,1,6,6,1,1,1,1,1,6,6,1,6,1,1,6,6,6,6,1,1,6,6,1,1,6,1,1,6,6,6,6,6,6,6,1,6,6,1,1,1,1,1,6,6,6,1,6,6,6,6,1,9,9,9,9,9,9,9,9,9,9,9,9,9,9,1,1,1,6,6,1,1,6,1,6,6,6,1,1,1,1,6,1,1,1,1,1,6,1,1,1,1,6,6,1,1,1,1,6,6,1,6,1,1,6,1,1,6,1,6,6,6,6,1,1,6,1,1,1,6,6,1,1,6,6,6,6,1,1,1,6,6,6,1,6,1,1,6,6,1,6,6,6,6,6,1,1,1,1,6,6,1,6,1,1,6,6,6,1,1,1,6,6,6,6,6,6,1,1,6,1,1,1,1,6,6,6,6,1,6,6,6,1,6,1,1,6,1,1,6,6,1,1,1,1,6,1,6,6,6,1,1,1,6,6,6,6,6,6,6,1,6,6,6,6,6,1,6,6,6,6,6,1,6,1,1,6,6,6,6,6,1,1,1,6,6,6,1,1,6,6,6,1,1,6,6,1,1,1,1,6,6,1,1,1,6,1,1,9,9,6,6,1,1,7,1,6,6,6,6,6,1,6,1,1,1,6,1,6,1,1,6,1,1,1,1,1,1,1,6,6,1,1,9,1,1,1,1,1,1,1,1,1,1,6,1,1,1,1,1,1,1,1,1,1,1,1,1,1,1,1,6,1,1,1,6,6,6,6,1,6,1,9,9,9,9,9,9,9,9,1,1,1,1,1,1,1,1,1,1,1,1,6,1,1,6,6,1
36,20301,ROGERS,200,1,1,1,6,1,6,1,1,1,1,1,6,6,6,6,6,6,6,6,1,6,1,1,1,1,1,1,6,6,1,1,1,1,1,6,6,6,6,6,6,6,6,6,1,6,6,6,6,6,1,1,6,1,1,1,6,1,1,1,1,1,1,6,1,1,1,1,1,1,1,1,1,1,1,1,1,1,1,1,1,1,1,1,1,1,1,1,1,1,1,1,1,1,1,1,1,1,1,1,1,1,1,1,1,6,6,6,6,6,6,6,6,1,1,1,1,6,6,1,1,6,1,6,6,1,1,1,1,1,1,6,1,6,6,1,1,1,1,6,6,6,6,6,6,6,6,6,6,6,6,1,6,6,6,6,6,1,1,1,1,1,1,1,6,6,6,1,1,6,1,1,1,1,1,1,1,1,1,1,1,1,6,1,6,1,1,1,1,6,1,1,1,6,1,1,1,9,1,1,1,1,1,1,6,1,6,1,9,9,9,9,9,9,9,9,1,1,1,1,1,1,1,1,1,1,1,1,1,1,1,1,1,6,1,1,1,1,1,1,1,1,6,1,6,1,1,1,6,1,6,1,1,6,1,1,1,1,1,1,1,1,1,1,1,1,6,1,1,1,1,1,1,1,1,1,1,1,6,6,6,1,6,1,1,1,1,1,1,1,1,1,6,1,1,1,1,1,1,1,1,1,1,1,6,1,1,1,1,1,1,1,1,6,1,1,1,9,9,1,1,1,1,1,1,1,6,1,1,1,1,1,6,9,6,6,1,1,1,1,6,1,6,1,1,1,1,1,1,6,6,1,6,1,1,1,6,6,6,6,6,1,6,6,6,6,1,1,1,1,6,1,1,1,1,1,6,1,1,1,1,1,1,1,6,6,6,6,6,6,1,1,1,1,6,6,6,1,6,6,6,1,1,6,6,1,1,1,1,1,1,1,1,1,1,6,6,6,1,6,6,6,6,6,6,9,1,6,6,6,1,6,1,6,1,1,1,1,1,1,1,1,1,6,1,1,1,6,1,6,6,6,1,6,1,1,1,1,6,6,6,6,6,1,6,6,1,1,6,1,6,1,6,1,6,6,6,1,1,1,1,1,6,1,1,1,1,1,1,6,6,1,1,6,6,6,9,1,6,6,6,6,6,1,6,6,6,1,6,1,1,1,1,6,1,6,1,1,1,6,6,6,6,6,1,6,6,1,1,1,1,1,1,6,6,6,1,1,1,1,6,1,1,1,1,1,1,6,1,1,1,1,6,6,6,6,1,1,1,1,1,1,1,6,1,1,6,1,1,1,6,1,1,1,6,6,6,6,6,1,1,1,1,6,6,6,6,1,1,1,1,1,1,6,6,1,6,1,1,1,1,1,1,1,6,1,1,1,6,1,1,6,6,1,1,1,1,1,6,1,1,1,1,1,6,1,1,6,6,1,1,1,1,1,1,1,1,1,1,1,1,6,1,1,1,6,6,1,1,6,1,6,1,6,1,1,6,1,1,1,1,6,1,1,1,1,1,6,1,1,1,1,1,6,1,1,1,1,1,1,6,1,6,1,1,1,1,1,1,1,6,1,1,1,1,6,1,1,1,1,6,1,6,1,1,1,6,1,1,1,1,1,1,6,6,6,1,1,1,1,1,6,6,6,1,1,1,1,1,1,1,1,1,1,6,1,1,1,1,6,1,1,1,1,1,6,1,1,1,1,1,1,1,1,1,1,1,1,1,6,1,1,1,9,1,1,1,1,1,1,6,1,6,1,1,1,1,1,1,1,1,1,1,6,1,1,6,1,1,1,1,1,1,1,1,6,1,1,1,1,1,6,1,1,1,6,1,6,1,1,1,1,1,1,6,1,6,1,6,1,1,1,1,1,1,1,1,6,1,6,1,1,1,1,1,1,1,1,1,6,1,1,1,6,1,1,1,1,1,1,1,1,1,1,1,1,1,1,1,6,1,1,6,6,1,6,1,6,1,6,1,6,1,1,1,1,1,1,1,1,1,1,1,6,1,6,1,6,1,1,1,1,1,1,1,1,1,1,1,9,6,6,6,1,6,1,6,6,6,6,1,6,1,6,1,1,1,1,1,6,6,1,1,1,1,1,6,6,6,6,1,1,6,6,1,6,1,1,1,1,1,1,1,6,6,1,1,1,1,6,1,6,6,1,6,6,6,6,6,6,1,1,6,6,1,1,1,6,1,1,1,1,1,1,1,1,1,1,6,1,1,1,6,1,6,1,1,1,6,1,1,1,1,1,6,1,1,1,1,1,1,1,1,6,6,1,1,6,1,1,6,1,1,1,1,1,1,6,1,6,1,1,1,1,1,1,1,6,1,1,1,6,1,1,6,1,1,1,1,1,1,1,1,1,1,1,1,1,1,6,6,6,1,1,1,1,1,1,1,6,1,1,1,1,1,6,1,1,1,1,1,6,1,1,1,1,1,1,1,1,1,1,6,1,1,1,1,6,1,1,1,6,1,1,1,1,6,6,6,1,1,1,1,1,1,1,1,1,1,1,1,1,1,1,1,1,1,1,1,1,6,1,1,1,1,1,1,1,1,1,1,1,1,1,1,1,1,1,1,1,6,1,1,1,1,1,1,1,1,1,1,1,1,1,1,6,1,1,1,1,1,1,1,1,1,1,1,1,1,1,1,1,1,1,1,1,1,1,1,1,1,9,9,9,1,1,1,1,1,1,1,1,1,1,1,1,1,1,1,1,1,1,1,1,1,1,1
37,20305,GRIJALVA,100,6,6,6,1,6,1,6,6,6,6,6,1,1,1,1,1,1,1,1,6,1,6,9,9,6,6,9,1,1,6,6,6,1,6,6,1,1,1,1,1,1,1,1,6,1,1,1,1,1,6,6,1,6,6,6,1,6,6,9,9,6,6,1,6,9,9,6,6,6,6,6,6,6,6,6,6,6,9,9,6,6,6,6,6,1,1,6,6,6,6,6,6,6,6,6,6,6,6,9,9,9,6,6,1,1,1,1,1,1,1,1,1,6,6,6,6,1,1,6,6,1,6,1,1,6,1,6,6,6,6,1,6,9,9,6,1,6,6,1,1,1,1,1,1,1,1,6,1,1,1,6,1,1,1,1,1,6,1,1,6,6,6,6,1,1,1,6,6,1,1,1,1,1,1,6,6,1,6,6,1,6,1,1,1,6,1,6,6,9,6,6,1,6,9,9,6,6,6,6,6,6,6,6,1,6,1,6,9,9,6,6,6,6,1,6,6,6,6,6,1,1,1,6,6,1,1,1,6,6,1,9,1,7,9,1,1,1,1,6,6,1,1,6,7,6,6,1,6,9,9,6,6,6,1,6,1,9,6,6,6,1,6,6,6,9,1,6,1,1,6,6,1,6,6,6,1,1,1,1,1,6,1,6,1,1,1,6,6,6,6,6,1,6,6,6,6,6,6,1,1,6,6,9,1,6,6,6,1,1,6,6,6,1,6,6,6,1,6,1,6,1,1,1,6,6,6,1,1,1,6,6,9,6,6,1,6,1,6,6,1,6,1,6,9,1,6,6,1,1,1,6,9,6,6,6,1,1,1,1,1,6,1,1,6,1,6,6,6,6,6,6,6,6,6,1,1,6,9,9,9,6,6,1,1,1,1,1,1,1,6,6,6,6,1,1,1,6,1,1,1,6,6,1,1,6,6,6,1,6,6,6,1,6,6,6,6,1,6,1,1,1,1,1,1,6,6,6,6,1,1,1,1,1,6,6,6,1,9,9,1,6,6,9,6,6,6,6,6,1,6,6,6,6,6,6,6,6,1,1,1,1,6,6,1,1,6,6,6,6,1,6,1,6,1,1,1,6,6,1,6,6,1,6,9,6,6,6,6,1,1,6,1,6,1,1,6,6,1,1,1,1,1,6,1,1,1,6,6,6,6,6,6,1,6,1,6,6,6,1,1,1,1,6,6,1,1,6,1,6,1,6,6,6,1,1,6,6,6,1,1,6,6,1,1,6,6,1,6,1,6,6,1,1,6,1,6,9,9,6,6,1,1,1,6,1,1,1,1,1,9,6,6,1,1,1,1,1,1,6,1,6,6,9,1,1,1,6,6,1,9,6,6,1,1,6,1,6,9,6,6,6,6,6,1,6,1,1,9,6,6,9,1,6,6,6,6,1,1,6,1,6,1,1,9,6,6,6,1,6,9,6,6,1,1,1,6,1,6,6,6,1,6,6,6,1,1,9,1,1,6,6,6,1,1,1,9,6,6,6,1,1,6,1,6,6,1,6,1,6,1,1,1,1,6,6,6,6,6,6,1,6,1,6,6,1,1,6,6,1,1,6,1,6,1,6,6,6,6,1,1,6,6,6,6,1,6,6,6,1,1,9,1,1,1,1,6,6,6,6,1,9,1,1,6,1,1,1,6,6,1,1,6,1,6,6,6,6,6,1,6,6,1,6,6,9,9,6,6,6,9,6,1,1,6,6,6,1,1,6,6,6,6,6,6,6,6,6,1,1,6,6,6,6,6,6,6,1,1,6,6,1,1,1,6,6,1,6,1,9,6,6,6,6,6,1,6,1,1,9,9,1,6,6,6,1,6,1,6,6,1,6,6,1,1,6,1,6,1,6,6,6,1,1,6,6,6,1,6,9,6,6,1,1,6,1,1,1,1,9,6,6,6,1,6,6,6,1,1,1,6,6,1,1,1,1,1,6,6,1,6,1,1,6,6,1,6,1,1,6,6,1,1,6,1,1,6,6,6,6,6,6,6,1,6,1,9,6,1,1,1,6,6,6,1,1,6,6,6,6,6,6,6,6,6,6,6,6,6,1,6,1,6,9,1,1,1,6,6,9,1,6,6,6,6,6,1,1,1,1,6,1,1,6,1,1,6,6,1,1,1,6,9,6,1,1,1,6,6,6,6,1,1,6,1,1,6,1,6,6,6,6,1,1,6,1,1,9,9,9,9,9,6,6,6,6,1,1,9,6,6,6,1,6,1,6,6,6,1,6,6,6,6,6,1,1,1,1,6,6,1,6,1,1,6,6,6,1,1,6,6,6,6,9,6,6,6,1,1,1,6,9,9,6,6,6,6,1,6,6,6,1,6,6,1,6,9,9,6,6,1,1,1,1,6,1,6,6,6,1,1,1,6,6,6,9,6,6,6,1,6,6,6,6,6,1,6,6,6,6,6,1,6,9,9,6,6,6,6,6,1,1,1,6,6,6,6,9,9,6,6,1,1,6,6,1,1,1,1,6,6,1,1,1,6,1,1,1,1,6,6,1,1,7,1,1,6,6,6,6,1,6,1,9,9,6,1,6,1,1,9,9,1,9,9,1,1,1,6,9,9,1,9,1,1,1,1,1,1,1,1,1,9,6,1,1,1,1,1,1,1,1,1,1,1,1,1,1,1,1,6,1,1,1,6,6,6,6,1,6,1,1,1,1,1,1,1,1,1,1,1,1,6,1,1,1,1,1,1,1,6,6,1,1,6,6,1
38,20307,NUNES,200,1,1,1,6,1,6,1,1,1,1,1,6,6,6,6,6,6,6,6,1,6,1,1,1,1,1,1,6,6,1,1,1,1,1,1,6,6,6,6,6,6,6,6,1,6,6,6,6,6,1,1,6,1,1,1,6,1,1,1,1,1,1,6,1,1,1,1,1,1,1,1,1,1,1,1,1,9,1,1,1,1,1,1,1,1,1,1,1,1,1,1,1,1,1,1,1,1,1,1,1,1,1,1,6,6,6,6,6,6,6,6,6,1,1,1,1,6,6,1,1,6,1,6,6,1,1,1,1,1,1,6,1,6,6,1,1,1,1,6,6,6,6,6,6,6,6,1,6,6,6,1,6,6,6,6,6,1,1,1,1,1,1,1,6,6,6,1,1,1,1,1,1,1,1,1,1,1,1,1,1,1,6,1,9,1,1,1,1,1,1,1,1,1,1,1,1,1,1,1,1,1,1,1,6,1,6,1,1,1,1,1,1,1,6,1,1,1,1,1,1,1,1,1,1,1,1,1,1,1,1,1,1,1,1,1,1,1,1,1,1,1,6,1,1,1,1,1,1,1,1,1,1,1,1,1,1,1,1,1,9,9,1,1,1,1,6,1,1,1,1,1,1,1,1,1,1,1,6,6,6,1,6,1,1,1,1,1,1,1,1,1,6,1,1,1,1,1,1,1,1,1,1,1,6,1,1,1,1,1,1,1,1,6,1,1,1,6,1,1,1,1,1,1,1,1,1,1,1,1,1,1,1,1,1,6,1,1,1,1,9,9,9,9,1,1,1,1,1,6,6,1,6,1,1,1,6,6,6,6,6,1,6,6,6,6,1,1,1,1,1,1,1,1,1,1,6,1,1,1,1,1,1,1,6,6,6,6,6,6,1,1,1,1,6,6,6,1,6,6,6,1,1,6,6,1,1,1,1,1,1,1,1,1,1,6,6,6,1,6,6,6,6,6,6,1,1,6,1,6,6,6,6,6,1,1,1,1,1,1,1,1,1,1,1,6,1,6,6,6,6,6,1,6,1,1,1,1,6,6,6,6,1,1,6,6,6,1,6,1,6,1,6,1,6,6,6,1,1,1,6,1,6,1,1,1,1,1,1,6,6,6,6,6,6,6,1,1,6,6,6,6,6,6,6,6,6,6,6,6,6,1,6,6,1,6,1,1,1,6,6,6,6,6,1,6,6,1,1,1,1,1,1,1,6,6,1,1,1,1,6,1,1,1,1,1,1,6,1,1,1,1,6,6,6,6,1,1,1,1,1,1,1,6,1,1,6,1,1,1,1,1,1,1,6,6,6,6,6,1,1,1,1,1,6,6,6,1,1,1,1,1,1,6,6,1,6,1,1,1,1,1,1,9,6,1,1,1,1,1,1,1,6,1,1,1,1,1,6,1,1,1,1,1,1,1,1,1,6,1,1,1,1,1,1,1,1,1,1,1,1,6,1,1,1,6,6,1,1,6,1,1,1,6,1,1,1,1,1,1,1,6,1,1,1,1,1,1,1,1,1,1,1,6,1,1,1,1,1,1,6,1,6,1,1,1,1,1,1,1,6,1,1,1,1,1,1,1,1,1,6,1,1,1,1,1,1,1,1,9,1,1,1,6,6,6,1,1,1,1,1,1,6,6,1,1,1,1,1,1,1,1,1,1,1,1,1,1,1,6,1,1,1,1,1,6,1,1,1,1,1,1,1,1,1,1,1,1,1,1,1,1,1,1,1,1,1,1,1,1,1,1,1,1,1,1,1,9,9,1,1,1,1,6,1,1,6,1,1,1,1,1,1,1,1,6,1,1,1,1,1,6,1,1,1,6,1,6,1,1,1,1,1,1,6,1,6,1,6,1,1,1,1,1,1,1,1,6,1,1,1,1,1,1,1,1,1,1,1,1,1,1,1,6,1,1,1,1,1,1,1,1,9,9,9,1,1,1,1,6,1,1,6,6,1,6,1,6,1,6,1,6,1,1,1,1,1,1,1,1,1,1,1,6,1,6,1,1,1,1,1,1,1,1,1,1,1,1,1,1,6,6,6,1,6,1,1,6,6,1,1,6,1,1,1,1,1,1,1,1,6,1,1,1,1,1,6,6,6,6,1,1,6,6,1,6,1,1,1,1,1,1,1,1,6,1,1,1,1,1,1,6,6,1,6,6,6,6,6,6,1,1,6,6,1,1,1,1,1,1,1,1,1,1,1,1,1,1,1,1,1,1,6,1,6,1,1,1,6,1,1,1,1,1,6,1,1,1,1,1,1,1,1,6,1,1,1,6,1,6,6,1,1,1,6,6,6,6,6,6,1,1,1,1,1,1,1,6,1,1,1,6,1,1,6,1,1,1,1,1,1,1,1,1,1,1,1,1,1,6,6,6,1,1,1,1,1,1,1,6,1,1,1,6,1,6,1,1,1,1,1,6,1,1,1,1,1,1,1,1,1,1,6,1,1,1,1,6,1,1,1,6,1,1,1,6,6,6,6,1,1,1,1,1,1,1,1,1,1,1,1,1,1,1,1,1,1,1,1,1,6,1,1,1,1,1,9,9,1,1,1,1,1,1,1,1,1,1,1,1,1,1,1,9,9,9,9,9,9,9,9,9,9,1,1,1,1,1,1,1,1,1,1,1,1,1,1,1,1,1,1,1,1,1,1,1,1,1,1,1,1,1,1,1,1,1,1,1,1,1,1,1,1,1,1,1,1,1,1,1,1,1,1,1,1,1,1
39,20310,SÁNCHEZ,100,6,6,6,1,6,1,6,6,6,1,6,1,1,1,9,1,1,1,1,6,1,6,1,1,6,6,9,1,1,6,6,6,1,6,6,1,1,1,1,1,1,1,1,6,1,1,1,1,1,6,6,1,6,6,6,1,6,6,1,1,6,6,1,6,1,1,6,6,6,6,6,6,6,6,6,6,6,1,1,6,6,6,6,6,1,1,6,6,6,6,6,6,6,6,6,6,6,6,1,6,1,6,6,1,1,1,1,1,1,1,1,1,6,6,6,6,1,1,6,6,1,6,1,1,6,1,6,6,6,6,1,6,1,1,1,1,6,6,1,1,1,1,1,1,1,1,6,1,1,1,6,1,1,1,1,1,6,1,1,6,6,6,6,1,1,1,6,6,1,9,6,1,1,1,6,6,1,6,6,1,6,1,1,1,6,1,6,6,6,6,6,1,6,1,1,6,6,6,6,6,6,6,6,1,6,1,6,1,1,6,6,6,6,1,6,6,6,9,9,1,1,1,6,6,1,1,6,6,6,1,1,1,6,9,9,1,1,1,6,6,1,1,6,6,6,6,1,1,1,6,6,6,6,1,6,1,1,6,6,6,1,6,6,6,1,1,6,1,1,6,6,1,6,6,6,1,1,1,1,1,6,1,1,1,1,1,6,6,6,6,6,1,6,6,6,6,6,6,1,1,6,6,6,1,6,6,6,9,9,6,6,6,1,6,6,6,1,6,1,6,1,1,1,6,6,6,1,1,1,6,9,6,6,6,1,6,1,6,6,1,6,1,6,1,1,6,6,1,1,1,6,6,6,6,6,1,1,1,1,1,6,1,1,6,1,6,6,6,6,6,6,6,6,6,1,1,6,1,1,1,6,6,1,1,1,1,1,1,1,6,6,6,6,1,1,1,6,1,1,1,6,1,1,1,6,6,6,1,6,6,6,1,6,6,6,6,1,6,1,1,1,1,1,1,6,6,6,6,1,1,1,1,1,6,6,1,1,1,1,1,6,6,6,6,6,6,6,6,1,6,6,6,6,6,6,6,6,1,1,1,1,6,6,1,1,6,6,6,6,1,6,1,6,1,1,1,6,6,1,6,6,1,6,1,6,6,6,6,1,1,6,1,6,1,1,6,6,1,1,1,1,1,6,1,1,1,6,6,6,6,6,6,1,6,1,6,6,6,1,1,1,1,6,6,1,1,6,1,6,1,6,6,6,1,1,6,6,6,1,1,6,6,1,1,6,6,1,6,1,6,6,1,1,6,1,6,1,1,6,6,1,1,1,1,1,1,1,1,1,6,6,6,1,1,1,1,1,1,6,1,6,6,6,1,1,1,6,6,1,1,6,6,1,1,6,1,6,1,6,6,6,6,1,1,6,1,1,1,6,6,6,1,6,1,6,6,1,1,6,1,6,1,1,6,6,6,6,1,6,1,6,6,1,1,1,6,1,1,6,6,1,6,6,6,1,1,6,1,1,6,6,6,1,1,1,6,1,6,6,1,1,6,1,6,6,1,6,1,6,1,1,1,1,6,6,6,6,6,6,1,6,1,6,9,9,9,6,6,1,1,6,1,6,1,9,6,6,6,1,1,6,6,6,6,1,6,6,6,1,1,1,1,1,1,9,6,6,6,6,1,6,1,1,6,1,1,1,6,6,1,1,6,1,6,6,6,6,6,1,6,6,1,1,6,6,6,6,6,6,1,6,1,1,6,6,6,1,1,6,6,6,6,6,6,6,6,6,1,1,9,6,6,6,6,6,6,1,1,6,6,1,1,1,6,6,1,6,1,1,6,6,6,6,6,1,6,1,1,1,1,1,6,6,6,1,6,1,6,6,1,6,6,1,1,6,1,6,1,6,6,6,1,1,6,6,6,1,6,6,6,6,1,1,6,1,1,1,1,6,6,6,6,1,6,6,6,1,1,1,6,6,1,1,1,1,1,6,6,1,6,1,1,6,6,6,6,1,1,9,9,9,9,9,1,1,6,6,6,6,6,6,6,1,9,1,1,6,1,1,1,6,6,6,1,1,6,6,6,6,6,6,6,6,6,6,6,6,6,1,6,1,6,6,1,1,1,6,6,6,1,6,1,6,6,6,6,1,1,1,6,1,1,1,1,1,6,6,9,9,9,9,9,9,1,1,1,6,6,6,6,1,1,6,1,1,6,1,6,6,6,6,1,1,6,1,1,6,6,6,1,1,1,6,9,9,1,9,6,6,6,6,1,6,1,6,6,6,1,6,6,6,6,6,1,1,1,1,6,6,1,1,1,1,6,6,6,1,1,1,6,6,6,6,6,6,1,1,1,1,1,1,1,6,6,6,6,1,6,6,6,1,6,1,1,6,1,1,6,6,1,1,1,1,7,1,6,6,6,1,1,1,6,6,6,6,6,6,6,1,6,6,6,6,6,1,6,6,6,6,6,1,6,1,1,6,6,6,6,6,1,1,1,6,6,6,1,1,6,6,6,1,1,6,6,1,1,1,1,6,6,1,1,1,6,1,1,1,1,6,6,1,1,7,1,6,6,6,6,6,1,6,1,1,1,6,1,6,1,1,6,1,1,1,1,1,1,1,6,6,6,1,1,1,1,1,1,1,1,1,1,1,1,6,1,1,1,1,1,1,1,1,1,1,1,1,1,1,1,1,6,1,1,1,6,6,6,6,1,6,1,1,1,1,1,1,1,1,1,1,1,1,6,1,1,1,1,1,1,1,1,6,1,1,6,6,1
40,20316,DIAZ-BALART,200,1,1,1,6,1,6,1,1,1,1,1,6,6,6,9,6,6,6,6,1,6,1,1,1,1,1,1,6,6,1,1,1,1,1,1,6,6,6,6,6,6,6,6,1,6,6,6,6,6,1,1,6,1,1,1,6,1,1,1,1,1,1,6,1,1,1,1,1,1,1,1,1,1,1,1,1,1,1,1,1,1,1,1,1,1,1,1,1,1,1,1,1,1,1,1,1,1,1,1,1,1,1,1,1,6,6,6,6,6,6,6,6,1,1,1,1,6,6,1,1,6,1,6,6,1,1,1,1,1,1,6,1,6,6,1,1,1,1,6,6,6,6,6,6,1,6,6,6,6,6,6,6,6,6,6,6,1,1,1,1,1,1,1,6,6,6,1,1,1,1,1,1,1,1,1,1,1,1,1,1,1,6,1,6,1,1,1,9,1,1,1,1,6,1,1,1,1,1,1,1,1,1,1,6,1,6,1,1,1,1,1,1,1,6,1,1,1,1,1,1,1,1,1,1,1,1,6,1,1,1,1,1,6,1,1,1,1,1,1,1,1,6,1,6,1,1,1,1,9,9,1,1,6,1,1,1,1,1,1,1,1,1,1,1,1,6,1,1,1,1,1,1,1,1,1,1,1,6,6,6,1,6,1,1,1,1,1,1,1,1,1,6,1,1,1,1,1,1,1,1,1,1,1,6,6,1,1,1,1,1,1,1,6,1,1,1,6,1,1,1,1,1,1,1,1,6,1,1,1,1,1,6,6,6,6,1,1,1,1,6,6,6,1,1,1,1,1,1,6,6,1,6,1,1,1,6,6,6,6,6,1,6,6,6,6,1,6,1,6,6,1,1,1,1,1,6,1,1,1,1,1,1,1,6,6,6,6,6,6,1,1,1,1,6,6,6,1,6,6,6,1,1,6,6,1,1,1,1,1,1,1,1,1,1,6,6,6,6,6,6,6,6,6,1,1,1,6,1,6,6,6,1,6,1,1,1,1,1,1,1,1,1,6,6,6,6,6,6,6,6,6,6,6,1,6,9,9,9,9,9,9,9,9,9,9,9,9,9,9,9,9,9,9,9,9,9,9,9,9,9,9,9,9,9,9,9,9,9,9,9,9,9,9,9,9,9,9,9,9,9,9,9,9,9,9,9,9,9,9,9,9,9,9,9,9,9,9,9,9,9,9,9,9,9,9,9,9,9,1,1,1,1,6,6,6,1,1,1,1,6,1,1,1,1,1,1,6,1,1,1,1,6,6,6,6,1,1,1,1,1,1,1,6,1,1,6,1,1,1,6,1,1,1,6,6,6,1,6,1,1,1,1,6,6,6,6,1,1,1,1,1,1,6,6,1,6,1,1,1,1,1,1,1,6,1,9,9,9,1,1,1,6,1,1,1,1,1,6,1,1,1,1,1,6,1,9,6,6,6,1,1,1,1,1,1,1,1,1,1,1,6,6,1,1,6,6,1,1,6,1,9,1,6,1,1,1,1,1,1,1,6,1,1,1,1,1,6,1,1,1,1,1,6,1,1,1,1,1,1,6,1,6,1,1,1,1,1,1,1,6,1,1,1,1,6,1,1,1,1,6,1,6,1,1,1,6,1,1,1,1,1,1,6,6,6,1,1,1,1,1,6,6,6,1,1,1,1,1,1,1,1,1,1,1,1,1,1,1,6,1,1,1,1,1,6,1,1,1,1,1,1,1,1,1,1,1,1,1,6,1,1,1,1,1,1,1,1,1,1,6,1,6,1,1,1,1,1,1,1,1,1,1,6,1,1,6,6,1,1,1,1,1,1,1,6,1,1,1,1,1,6,1,1,1,6,1,6,1,1,1,1,1,1,6,1,6,1,6,1,1,1,1,1,1,9,1,6,1,1,1,1,1,1,1,1,1,1,1,6,1,1,1,6,1,1,1,9,9,1,1,1,1,1,1,1,1,1,1,6,1,1,6,6,6,6,1,6,1,6,1,6,1,1,1,1,1,1,1,1,1,1,1,6,1,6,1,6,1,1,1,1,1,1,1,1,1,1,1,6,6,6,6,1,6,1,1,6,6,1,1,6,1,1,1,1,1,1,1,1,6,1,1,1,1,1,6,6,6,6,1,1,6,6,1,6,1,1,1,1,1,1,1,6,6,1,1,1,1,6,6,6,6,6,6,6,6,6,6,6,9,1,6,6,1,1,1,6,1,1,1,1,1,1,1,1,1,1,6,1,1,1,6,1,6,1,1,1,6,6,1,1,1,1,6,1,1,1,9,9,9,1,1,6,1,1,1,6,1,6,6,1,1,1,6,6,6,6,6,6,1,1,1,1,1,1,1,6,6,1,1,6,1,1,6,1,1,1,1,1,1,1,1,1,1,1,1,1,6,6,6,6,6,1,1,1,1,1,1,6,1,1,1,6,1,6,1,1,1,1,1,6,1,1,1,1,9,1,1,1,1,1,6,1,1,1,1,6,1,1,1,6,1,1,1,6,6,6,6,1,1,1,1,1,1,1,1,1,1,1,1,1,1,1,1,1,1,1,1,1,6,1,1,1,1,1,1,1,1,1,1,1,1,1,1,1,1,1,1,1,9,1,1,1,1,1,1,1,1,1,1,1,1,1,1,1,1,1,1,1,1,1,1,1,1,1,1,1,1,1,1,1,1,1,1,1,1,1,1,1,1,1,1,1,1,1,1,1,1,1,1,1,1,1,1,1,1,1,1,1,1,1,1,1,6,1,1
41,20321,SCOTT,100,6,6,6,1,6,1,9,6,6,1,6,1,1,1,1,1,1,1,1,6,1,6,1,1,6,6,1,1,1,1,6,6,1,6,1,1,1,1,1,1,1,1,1,6,1,1,1,1,1,6,6,1,1,6,6,1,6,1,1,1,6,6,1,6,1,1,6,6,6,6,6,6,6,6,6,6,6,1,1,6,6,6,6,9,1,1,6,6,6,6,6,6,6,6,6,6,6,6,1,6,1,9,6,1,1,1,1,1,1,9,9,9,9,9,9,6,1,1,6,6,9,9,1,1,6,1,6,6,6,6,1,6,9,1,1,1,6,6,1,1,1,1,1,1,1,1,6,1,1,1,6,1,1,1,1,1,6,1,9,6,6,6,1,1,1,1,6,6,1,1,1,1,1,1,6,6,1,6,6,1,6,1,1,1,6,1,6,6,1,6,6,1,1,1,1,9,9,9,9,6,6,6,6,1,6,1,6,1,1,6,6,6,6,1,1,6,6,6,1,1,1,1,6,6,1,1,1,6,6,1,1,1,1,6,1,1,1,1,6,6,1,1,6,1,6,6,1,1,1,1,6,6,1,1,6,1,1,6,6,6,1,6,6,6,1,1,6,1,1,6,6,1,6,6,6,1,1,1,1,1,1,1,1,1,1,1,6,6,6,6,6,1,6,6,6,6,6,6,1,1,6,6,1,1,6,1,6,1,1,6,9,6,1,1,6,6,1,6,1,1,1,1,1,6,6,1,1,1,1,6,6,1,6,6,1,6,1,6,6,1,6,1,6,1,1,6,6,1,1,1,6,6,6,6,6,6,1,6,1,1,1,1,1,6,1,6,6,6,6,1,6,6,6,6,1,1,1,1,1,1,6,6,9,1,1,1,1,1,1,6,6,6,6,1,1,1,6,1,1,1,6,1,1,1,6,6,6,1,6,6,6,1,6,6,6,6,1,6,1,1,1,1,1,1,6,6,6,6,1,1,1,1,1,6,6,1,1,1,1,1,6,6,1,6,6,6,6,6,1,9,6,6,6,6,6,6,6,1,1,1,1,6,6,1,1,6,6,6,6,1,6,1,6,1,1,1,6,6,1,6,6,1,6,1,6,6,6,6,1,1,6,1,6,1,1,6,6,1,1,1,1,1,6,1,1,1,6,6,6,6,6,6,1,6,1,6,6,6,1,1,6,1,6,6,1,1,6,1,6,1,6,6,1,1,1,6,6,6,1,1,6,6,1,1,6,6,1,6,1,6,9,1,1,6,1,6,1,1,6,6,1,1,1,1,1,1,9,1,1,1,6,6,1,1,1,1,1,1,6,1,6,6,1,1,1,1,6,6,1,1,6,6,1,1,6,1,6,1,6,9,6,6,9,1,6,1,1,1,6,6,1,1,6,1,6,6,1,9,1,1,6,1,1,1,6,6,1,1,6,1,6,6,1,1,1,6,1,1,6,6,1,6,6,6,1,1,6,1,1,1,1,6,1,1,1,1,1,6,6,1,1,6,1,6,9,1,1,1,1,9,1,1,1,1,6,6,6,6,1,1,1,1,6,6,1,1,6,6,1,1,6,1,1,1,1,6,6,6,1,1,6,1,6,6,1,1,6,1,1,1,1,1,6,9,9,6,6,6,9,1,1,1,1,1,1,1,1,6,6,1,1,6,1,1,6,6,6,6,1,1,6,1,6,6,6,6,6,6,6,1,1,1,1,6,6,6,9,1,1,6,6,6,1,6,6,6,6,1,1,6,1,1,1,6,6,1,1,1,6,6,1,1,1,1,1,1,6,1,1,6,6,6,6,6,1,1,1,1,1,1,1,1,6,6,1,6,1,6,9,1,6,6,1,1,6,1,6,1,1,6,6,1,1,6,6,1,1,6,1,6,6,1,9,1,1,1,1,1,1,6,6,1,1,1,9,9,1,1,1,6,9,1,1,1,1,1,6,6,1,6,1,1,6,6,6,6,9,1,6,6,1,1,9,1,1,6,6,1,9,6,6,6,1,6,6,1,1,1,1,1,6,6,6,1,1,1,6,6,1,6,6,6,6,6,6,6,6,6,1,1,1,6,9,1,1,1,6,6,1,1,6,6,1,6,6,6,6,1,1,6,1,6,6,1,1,6,1,1,1,1,6,6,1,1,1,1,6,6,1,6,1,1,6,1,1,6,1,6,6,6,6,1,1,6,1,1,1,6,6,1,1,1,6,6,6,1,1,1,6,6,6,1,6,1,6,6,6,1,6,6,6,6,6,1,1,9,9,6,6,1,1,1,1,6,6,6,1,1,6,6,6,6,6,6,6,1,1,6,1,1,1,1,6,9,6,6,1,6,6,6,1,6,1,1,6,1,1,6,6,1,1,1,1,1,1,6,6,6,1,1,1,6,6,6,9,6,6,6,1,6,6,6,6,6,1,6,6,6,6,6,1,6,1,1,6,6,6,6,1,1,1,1,6,6,6,1,1,1,6,6,1,1,6,6,1,1,1,1,6,6,1,1,1,6,1,1,1,1,6,6,1,1,1,1,1,6,6,6,6,1,6,1,1,1,6,1,6,1,1,6,1,1,1,1,1,1,1,6,1,1,1,1,9,9,9,9,9,9,9,9,9,9,9,9,9,9,9,9,9,9,9,9,9,9,9,9,9,9,9,9,9,9,9,9,9,9,9,9,9,9,9,9,9,9,9,9,9,9,9,1,1,1,1,1,1,1,1,1,1,1,6,1,1,6,6,1
42,20325,KING,200,1,9,1,6,1,6,1,1,1,1,1,6,6,6,6,6,6,6,6,1,6,1,1,1,1,1,1,6,6,1,1,1,1,1,1,6,6,6,6,6,6,6,6,1,6,6,6,6,6,1,1,6,1,1,1,6,1,1,1,1,1,1,6,1,1,1,1,1,1,1,1,1,1,1,1,1,1,1,1,1,1,1,1,1,1,1,1,1,1,1,1,1,1,9,9,1,1,1,1,1,6,1,1,6,6,6,6,6,6,6,6,6,1,1,1,1,6,6,1,1,6,1,6,6,1,1,1,1,1,1,6,1,6,6,1,6,1,1,6,6,6,6,6,6,6,6,1,6,9,6,1,6,6,6,6,6,1,1,1,1,1,1,1,6,6,6,1,1,1,1,1,1,1,1,1,1,1,1,1,1,9,9,9,6,1,1,1,1,1,1,1,1,1,1,1,1,1,1,1,1,1,1,1,6,1,6,1,1,1,1,1,1,1,6,1,1,1,1,1,1,1,1,1,1,1,1,1,1,1,1,1,1,1,1,6,1,1,1,1,1,1,6,1,1,1,1,1,6,1,1,1,1,1,1,1,1,1,1,1,1,1,1,1,1,1,6,1,1,1,1,1,1,1,1,1,1,1,6,6,6,1,6,1,1,1,1,1,1,1,1,1,6,1,1,1,1,1,1,1,1,1,1,1,6,1,1,1,1,1,1,1,1,6,1,1,1,6,1,1,1,1,1,1,1,1,1,1,1,1,1,1,1,1,1,6,1,1,1,1,6,1,6,1,1,1,1,1,1,6,6,1,6,1,1,6,6,6,6,6,6,6,6,6,6,6,6,1,1,1,6,1,1,1,1,1,6,1,1,1,1,1,1,1,6,6,6,6,6,6,1,1,1,1,6,6,6,1,6,6,6,1,1,6,6,1,1,1,1,1,1,1,1,1,1,1,1,6,1,1,1,1,6,6,6,1,1,1,1,6,6,6,6,6,1,1,1,1,1,1,1,1,1,1,1,1,6,1,1,6,1,1,1,1,1,1,1,1,6,6,6,6,1,1,6,6,1,1,1,1,6,1,6,1,6,6,6,1,1,1,1,1,6,1,1,1,1,1,1,6,6,1,6,1,6,6,1,1,6,6,6,6,6,1,6,6,6,1,1,1,1,1,1,6,1,6,1,1,1,6,6,6,6,1,1,1,6,1,1,1,1,1,1,1,6,6,1,1,1,1,6,1,1,1,1,1,1,6,1,1,1,1,6,6,6,6,1,1,1,1,1,1,1,6,1,1,6,1,1,1,1,1,1,1,6,6,6,6,6,1,1,1,1,1,6,6,6,1,1,1,1,1,1,6,6,1,6,1,1,1,1,1,1,1,6,1,1,1,1,1,1,1,6,1,1,1,1,1,6,1,1,1,1,1,1,1,1,1,6,1,1,1,1,1,1,1,1,1,1,1,1,6,1,1,1,6,6,1,1,6,1,1,1,6,1,1,1,1,1,6,1,6,1,1,1,1,1,1,1,1,1,1,1,6,1,1,1,1,1,1,6,1,6,1,1,1,1,1,1,6,6,1,1,1,1,1,1,1,1,1,6,1,1,1,1,1,1,1,1,1,1,1,1,6,6,6,1,1,9,1,1,1,6,6,1,1,1,1,1,9,1,1,1,1,1,1,1,1,6,6,1,1,1,1,1,6,1,1,1,1,1,1,1,1,1,1,1,1,1,1,1,1,1,1,1,1,1,1,1,1,1,1,1,1,1,1,6,1,1,1,1,1,1,6,1,1,6,1,1,1,1,1,1,1,1,6,1,6,1,1,1,6,1,1,1,6,1,6,1,1,1,1,1,1,6,1,6,1,6,1,1,1,1,1,1,1,1,6,1,1,1,1,1,1,6,1,1,1,1,1,1,1,1,6,1,1,1,1,1,1,1,1,1,1,1,1,1,1,1,6,1,1,6,6,1,6,1,6,1,6,1,6,1,1,1,1,1,1,1,1,1,1,1,6,1,6,1,9,1,1,1,1,1,1,1,1,1,1,1,1,6,6,1,1,6,1,6,6,6,6,1,6,1,9,1,1,1,1,1,1,6,1,6,1,1,1,6,6,6,6,1,1,6,1,6,6,1,1,1,1,1,1,1,1,6,1,1,1,1,1,1,1,6,6,6,6,6,6,1,1,1,1,6,6,1,1,1,1,1,1,1,1,1,1,1,1,1,1,1,1,1,1,6,6,6,1,1,6,6,6,1,1,1,6,6,1,1,1,1,1,1,1,1,6,6,1,1,6,1,6,1,1,1,1,1,9,1,6,6,6,1,1,1,1,1,1,1,6,1,1,1,6,1,1,6,1,1,1,1,1,1,1,1,1,1,1,1,1,1,6,6,6,1,1,1,1,1,1,1,6,1,1,1,1,1,6,1,1,1,1,1,6,1,9,9,9,9,9,9,1,1,1,6,1,1,1,1,6,1,1,1,6,1,1,1,6,6,6,6,1,1,1,1,1,1,1,1,1,6,1,1,1,6,1,1,1,1,1,1,1,6,1,1,1,1,1,1,1,1,1,1,1,1,1,1,1,1,1,1,1,1,1,1,1,1,1,1,1,1,1,1,1,1,1,1,6,6,1,1,1,1,1,1,1,1,1,1,1,1,1,1,1,1,1,1,1,1,1,1,1,1,1,1,1,1,1,1,1,1,1,1,1,1,1,1,1,1,1,9,6,1,1,1,1,6,1,1
43,20329,RUPPERSBERGER,100,6,6,6,1,6,1,6,6,6,1,6,1,1,1,1,1,1,1,1,6,1,6,1,1,6,6,1,1,1,1,6,6,1,6,1,1,1,1,1,1,1,1,1,6,1,1,1,1,1,6,6,1,6,6,6,1,6,1,1,1,6,6,1,6,1,1,6,6,6,6,6,6,6,6,6,6,6,1,1,6,6,6,6,6,1,1,6,6,6,6,6,6,6,6,6,6,6,6,1,6,1,6,6,1,1,1,1,1,1,1,1,1,6,6,6,6,1,1,6,6,1,6,1,1,6,1,6,6,6,6,1,6,1,9,1,1,6,6,1,1,1,1,1,1,1,1,6,1,1,1,6,1,1,1,1,1,6,1,1,6,6,6,1,1,1,1,6,6,1,1,1,1,1,1,6,6,1,6,6,1,6,1,1,1,6,1,6,6,1,6,6,1,1,1,1,6,6,6,6,6,6,6,6,1,6,1,6,1,1,6,6,6,6,1,1,6,6,6,1,1,1,1,6,6,1,1,1,6,6,1,1,1,1,6,1,1,1,1,6,6,1,1,6,1,6,6,1,1,1,1,6,6,1,1,6,1,1,6,6,6,1,6,6,1,1,1,6,1,1,6,6,1,6,6,6,1,1,1,1,1,6,1,1,1,1,1,6,6,6,6,6,1,1,6,6,6,6,6,1,1,6,6,1,1,6,1,6,1,1,6,6,6,1,6,6,6,1,6,1,6,1,1,1,6,6,1,1,1,1,6,6,1,6,6,1,6,1,6,6,1,6,1,1,1,1,6,6,1,1,1,6,6,6,6,6,6,1,6,1,1,6,1,6,1,1,6,6,6,6,1,6,1,6,6,1,1,1,1,1,1,6,9,1,1,1,1,1,1,9,6,6,6,6,1,1,1,6,1,1,1,6,1,1,1,6,6,6,1,6,6,6,1,6,6,6,6,1,6,1,1,1,6,1,1,6,6,6,6,1,1,6,1,1,6,6,1,1,1,1,1,6,6,1,6,1,6,6,6,1,6,6,6,6,6,6,6,6,1,1,1,1,6,6,1,1,6,6,6,6,1,6,1,6,1,1,9,6,6,1,6,6,1,6,1,6,6,6,6,1,1,6,1,6,1,1,6,6,1,1,1,1,1,6,1,1,1,6,6,6,6,6,6,1,6,1,6,6,6,1,1,1,1,6,6,1,1,6,1,6,1,6,6,1,1,1,6,6,6,1,1,1,6,1,9,6,6,1,6,1,6,6,6,6,6,1,6,1,1,6,6,1,1,1,1,1,1,1,1,1,9,6,6,1,1,1,1,1,1,6,1,6,6,9,1,1,1,6,6,1,9,6,6,1,1,6,1,6,1,6,6,6,6,1,1,6,1,1,1,6,6,1,1,6,1,6,6,1,1,6,1,6,1,1,1,6,6,1,1,6,6,6,6,1,1,1,6,1,1,6,6,1,6,6,6,1,9,6,1,1,1,1,6,9,1,1,1,1,6,6,1,1,6,1,6,6,1,1,1,6,1,1,1,1,1,6,6,6,6,1,1,6,1,6,6,1,1,6,6,1,1,6,1,6,1,1,6,6,6,1,1,6,1,6,6,1,1,6,1,1,1,1,1,6,6,6,6,6,6,6,1,1,6,1,1,1,1,1,6,6,1,1,6,1,1,6,6,6,6,1,6,6,1,1,6,6,9,6,6,6,1,1,1,1,6,6,6,1,1,1,6,6,6,1,6,6,6,6,1,1,1,1,1,1,6,6,1,1,1,6,6,1,1,1,1,6,1,6,1,1,6,6,6,6,6,1,1,1,1,1,1,1,1,6,6,1,6,1,6,6,1,6,6,1,1,6,1,6,1,1,6,6,1,1,6,6,1,1,6,1,6,6,1,1,1,1,1,1,1,1,6,6,1,1,6,6,1,1,1,1,6,6,1,1,1,1,1,6,6,1,6,1,1,6,6,6,6,1,1,9,9,9,9,9,1,1,6,6,6,6,6,6,6,1,6,6,1,1,1,1,1,6,6,6,1,1,1,6,6,1,1,6,6,6,6,6,6,6,6,1,6,1,6,1,1,1,1,6,6,1,1,6,1,6,6,6,6,6,1,1,6,1,6,6,1,6,6,1,1,1,1,6,6,1,1,1,1,6,6,1,6,1,1,6,6,6,6,1,6,6,6,6,1,1,6,1,1,1,6,6,1,1,1,6,6,1,1,1,1,6,6,6,1,6,1,1,6,6,1,6,6,6,6,6,1,1,9,9,6,6,1,1,1,1,6,6,6,1,1,1,6,6,6,6,6,6,6,6,6,1,1,1,1,6,6,6,9,1,6,6,6,1,6,1,1,6,1,1,6,6,1,1,1,1,7,1,6,6,6,1,1,1,6,6,6,6,6,6,6,1,6,6,6,6,6,1,6,6,6,6,6,1,6,1,1,6,9,6,6,6,1,1,1,6,6,6,1,1,1,6,6,1,1,6,6,1,1,1,1,6,6,1,1,1,6,1,1,1,1,6,6,1,1,7,1,1,6,6,6,6,1,6,1,1,1,6,1,6,1,1,9,9,9,1,1,1,1,1,6,1,1,1,1,1,1,1,1,1,1,1,1,1,1,6,1,1,1,1,1,1,1,1,1,1,1,1,1,1,1,1,6,1,1,1,6,6,6,6,1,6,1,1,1,1,1,1,1,1,1,1,1,1,1,1,1,1,1,1,1,1,1,6,1,1,6,6,1
44,20337,PEARCE,200,1,1,1,6,1,6,1,1,1,1,1,6,6,6,6,6,6,6,6,1,6,1,1,1,1,1,6,6,6,1,1,1,1,1,1,6,6,6,6,6,6,6,6,1,6,6,6,6,6,1,1,6,1,1,1,6,1,1,1,1,1,1,6,1,1,1,1,1,1,1,1,1,1,1,1,1,1,1,1,1,1,1,1,1,1,1,1,1,1,1,1,1,1,1,1,1,1,1,1,1,1,1,1,6,6,6,6,6,6,6,6,6,1,1,1,1,6,6,1,1,6,1,6,6,1,1,1,1,1,1,6,1,6,6,1,1,1,1,6,6,6,6,6,6,6,6,1,6,6,6,1,6,6,6,6,6,1,1,1,1,1,1,6,6,9,6,1,1,1,1,9,1,1,1,1,1,1,1,1,1,1,6,1,6,1,1,1,1,6,1,1,1,6,1,1,1,1,1,1,1,1,1,1,6,1,6,1,1,1,1,1,1,1,6,1,1,1,1,1,1,1,1,1,1,1,1,6,1,1,1,1,1,6,1,6,1,1,1,1,1,1,6,1,6,1,1,1,6,1,6,1,1,1,1,1,1,1,1,1,1,1,1,1,1,1,6,1,1,1,1,1,1,1,1,1,1,1,6,6,6,1,6,1,1,1,1,1,1,1,1,1,6,1,1,1,1,1,1,1,1,1,1,1,6,1,1,1,1,1,1,1,1,6,1,1,1,6,1,6,1,1,1,1,1,1,6,1,1,1,1,1,6,1,1,6,1,1,1,1,6,1,6,1,9,9,1,1,1,6,6,1,6,1,1,1,6,6,6,6,6,1,6,6,6,6,1,1,1,1,1,1,6,1,1,1,6,1,1,1,1,1,1,1,6,6,6,6,6,6,1,1,1,1,6,6,6,1,6,6,6,1,1,6,6,1,1,1,1,1,1,1,1,1,1,1,1,6,1,6,6,6,6,6,6,1,6,6,1,6,6,6,1,6,1,1,1,1,1,1,1,1,1,6,1,1,6,1,1,6,6,6,1,6,1,1,1,1,6,6,6,6,1,1,6,6,6,1,1,1,6,1,6,1,6,6,6,1,1,6,1,1,6,1,1,1,1,1,1,6,6,6,6,6,6,6,1,1,1,6,6,1,6,1,1,6,6,6,1,1,1,1,6,6,1,6,1,1,1,6,6,6,6,6,1,6,6,1,1,1,1,1,1,6,6,6,1,1,1,1,6,1,1,9,9,1,1,6,1,1,1,1,6,6,6,6,1,1,1,1,1,1,1,6,1,6,6,1,1,1,6,1,1,1,6,6,6,6,6,1,1,1,1,1,6,6,6,1,1,1,1,1,1,6,6,1,6,1,1,1,1,1,1,1,6,1,1,1,6,1,1,6,6,1,1,1,1,1,6,1,1,1,1,1,6,1,1,6,6,1,1,1,1,1,1,1,1,1,1,1,1,6,1,1,1,6,6,1,9,6,1,6,1,6,1,1,6,1,1,1,1,6,1,1,1,1,1,6,1,1,1,1,1,6,1,1,1,1,1,1,6,1,6,1,1,1,1,1,1,1,6,1,1,1,1,6,1,1,1,1,6,1,6,1,1,1,6,1,1,1,1,1,1,6,6,6,1,1,1,1,1,6,1,6,6,1,1,1,1,1,1,1,1,1,6,1,1,1,1,6,1,1,1,1,1,6,9,1,1,1,1,1,1,1,9,9,1,1,9,9,9,9,9,1,1,1,1,1,1,1,6,1,1,1,1,1,6,9,9,9,9,9,9,9,9,9,9,9,9,9,9,9,9,9,9,9,9,9,9,9,9,9,9,9,9,9,9,9,9,1,1,1,1,1,6,1,6,1,6,1,1,1,1,1,1,1,1,6,1,6,1,6,1,1,6,1,1,1,1,6,1,1,1,6,1,1,1,1,1,1,1,1,1,1,1,1,1,1,1,6,1,1,6,6,1,6,1,6,1,6,1,6,1,1,1,1,1,1,1,1,1,1,1,6,1,6,1,6,1,1,1,1,1,1,1,1,1,1,1,6,6,6,6,1,6,1,1,6,6,1,1,6,1,6,9,9,9,9,9,9,9,9,9,9,9,9,9,9,9,9,9,9,9,9,9,9,1,1,1,1,1,1,1,6,6,1,1,1,1,6,1,6,6,1,6,6,1,6,1,6,1,1,6,6,1,1,1,9,1,1,1,1,1,1,9,9,1,1,6,1,1,1,6,1,6,1,1,1,6,1,1,1,1,1,6,1,9,9,1,1,1,1,1,6,1,1,1,6,1,6,1,1,1,1,6,6,1,6,6,6,1,1,1,1,1,1,1,6,1,1,1,6,1,1,6,1,1,1,1,1,1,1,1,1,1,1,1,1,1,6,1,6,6,1,1,1,1,1,1,6,1,1,1,1,1,6,1,1,1,1,1,6,1,1,1,1,1,1,1,1,1,1,6,1,1,1,1,6,1,1,1,6,1,1,1,6,6,6,6,1,1,9,9,9,9,9,9,1,1,1,1,1,1,1,1,1,1,1,1,1,6,1,1,1,1,1,1,1,1,1,1,6,1,1,1,1,1,1,1,1,1,1,1,1,1,1,1,1,1,1,1,1,1,1,6,6,1,1,1,1,1,1,1,1,1,1,1,1,1,1,1,1,1,1,9,1,1,1,1,1,1,1,1,1,1,1,1,1,1,1,1,1,1,1,1,6,1,1,1,1,1,1,1,1,1,1,6
45,20340,BUTTERFIELD,100,6,6,6,1,6,1,6,6,9,6,6,1,1,1,1,1,1,1,1,6,1,6,9,9,6,6,1,1,1,1,9,9,9,6,6,1,1,1,1,1,1,1,1,6,1,1,1,1,1,6,6,1,6,6,6,1,6,6,1,1,6,6,1,6,9,1,6,6,6,6,6,6,6,6,6,6,6,1,1,6,6,6,6,6,1,1,6,6,6,6,6,6,6,6,6,6,9,9,9,9,9,6,6,1,1,1,1,1,1,1,1,1,6,6,6,6,1,1,6,6,1,6,1,1,6,1,6,6,6,6,1,6,1,1,1,6,6,6,1,1,1,1,1,1,1,1,6,1,1,1,6,1,1,1,1,1,6,1,1,6,6,6,1,1,1,1,6,6,1,1,1,1,1,1,6,6,1,6,6,1,6,1,1,1,6,1,6,6,6,6,6,1,6,1,1,6,6,6,6,6,6,6,6,1,6,1,6,9,9,6,6,6,6,1,6,6,6,6,1,1,1,1,6,6,1,6,1,6,6,1,1,1,1,6,1,1,1,1,6,6,1,1,6,1,6,6,1,1,9,9,6,6,9,1,6,9,1,6,6,6,1,6,6,6,1,1,6,1,1,6,6,1,6,6,6,1,1,1,1,1,1,1,1,1,1,1,6,6,6,6,6,1,6,6,6,6,6,6,1,1,6,6,1,1,6,1,6,1,1,6,6,6,1,1,6,6,1,6,1,6,1,9,9,6,6,1,1,1,1,6,6,1,6,6,1,6,1,6,6,1,6,1,6,9,9,6,6,1,1,1,9,6,6,6,6,6,1,1,1,1,6,1,1,6,1,6,6,6,6,1,6,6,6,6,1,1,6,1,1,1,6,6,1,1,1,1,1,1,1,6,6,6,6,1,1,1,6,1,1,1,6,1,1,1,6,6,6,1,6,6,6,1,6,6,6,6,1,6,1,1,1,1,1,1,6,6,6,6,1,1,1,1,1,6,6,1,1,1,1,1,6,6,1,6,6,6,6,6,1,6,6,6,6,6,6,6,6,1,1,1,1,6,6,1,1,6,6,6,6,1,6,1,6,1,1,1,6,6,1,6,6,1,6,9,6,6,6,6,1,1,6,1,6,1,1,6,6,1,1,1,1,1,1,1,1,1,6,6,6,6,6,6,1,6,1,6,6,6,1,1,1,1,6,6,1,1,6,1,6,1,6,6,9,1,1,6,6,6,1,1,6,6,9,9,6,6,1,6,1,6,6,1,1,6,1,6,1,9,6,6,1,1,1,1,1,1,1,9,9,9,6,6,1,1,1,1,1,1,6,1,6,6,1,1,1,1,6,6,1,9,6,6,1,1,6,1,6,1,6,6,6,6,1,1,6,1,1,1,6,6,1,1,6,1,6,6,1,1,6,1,6,1,1,1,6,6,1,1,6,1,6,6,1,1,1,6,9,9,9,9,1,6,6,6,1,1,6,1,1,6,9,6,1,1,1,1,1,6,6,1,1,6,1,6,6,1,1,1,6,1,9,9,1,6,6,6,6,6,6,1,1,1,6,6,1,1,6,6,1,1,6,1,6,1,1,6,6,6,1,1,6,1,6,6,1,1,6,1,1,1,1,1,9,9,9,6,6,6,6,1,9,1,1,6,1,9,9,6,6,1,1,6,1,1,6,6,6,6,1,6,6,1,6,6,6,6,6,6,6,1,6,1,1,6,6,6,1,1,1,6,6,6,1,6,6,6,6,1,1,1,6,1,6,6,6,1,1,1,6,6,1,1,1,6,6,1,6,1,1,6,6,6,6,6,1,6,1,1,1,1,1,6,6,6,1,6,1,6,6,1,6,6,1,1,6,1,6,1,6,6,6,9,9,6,6,1,1,6,1,6,6,9,1,1,1,1,1,1,1,6,6,6,1,6,6,1,9,9,1,6,6,1,1,1,9,9,6,6,1,6,1,1,6,6,6,6,1,1,9,9,9,9,9,9,9,6,6,6,6,6,6,6,1,6,6,1,1,9,9,9,6,6,9,9,1,1,6,6,1,6,6,6,6,6,6,6,6,6,6,6,1,6,1,1,1,1,6,6,1,1,6,1,6,6,6,6,6,1,1,6,1,1,1,1,1,6,1,9,9,9,6,6,1,1,1,1,6,6,1,6,1,1,6,1,1,6,1,6,6,6,6,1,1,6,1,1,1,6,6,1,1,1,6,6,6,9,9,9,6,6,6,1,6,1,1,6,6,1,6,6,6,6,6,1,1,1,1,9,6,1,6,1,1,6,6,6,1,1,1,6,6,6,6,6,6,1,1,1,1,1,1,1,6,6,6,6,1,6,6,6,1,6,1,1,6,1,9,6,6,9,9,9,1,7,1,6,6,6,1,1,1,6,6,6,6,6,6,6,1,6,6,6,6,6,1,6,6,6,6,6,1,6,9,9,6,6,6,6,6,1,1,1,6,6,6,1,1,6,6,6,1,1,6,6,1,1,1,1,9,6,9,9,9,9,9,9,1,1,6,6,1,1,7,1,6,6,6,6,6,1,6,1,1,1,6,1,6,1,1,6,1,1,1,1,1,1,1,6,6,6,1,1,1,1,1,1,1,1,1,1,1,1,6,1,1,1,1,1,1,1,1,1,1,1,1,1,1,1,1,6,1,1,1,6,6,6,6,1,6,1,9,1,1,1,1,1,1,1,1,1,1,6,1,1,1,1,1,1,1,1,6,1,1,6,6,1
46,20342,TURNER,200,1,1,1,6,1,6,1,1,1,1,1,6,6,6,6,6,6,6,6,1,6,1,1,1,1,1,6,6,6,1,1,1,1,1,1,6,6,6,6,6,6,6,6,1,6,6,6,6,6,1,1,6,1,1,1,6,1,1,1,1,1,1,6,1,1,1,1,1,1,1,1,1,1,1,1,1,1,1,1,1,1,1,1,1,1,1,1,1,1,1,1,1,1,1,1,1,1,1,1,1,1,1,1,6,6,6,6,6,6,6,6,6,1,1,1,1,6,6,1,1,6,1,6,6,1,1,1,1,1,1,6,1,6,6,1,1,1,1,6,6,6,6,6,6,6,6,1,6,6,6,1,6,6,6,6,6,1,1,1,1,1,1,6,6,6,6,1,1,1,1,6,1,1,1,1,1,1,1,1,1,1,6,1,6,1,1,1,1,9,1,1,1,6,1,1,1,1,1,1,1,1,1,1,6,1,6,1,1,1,1,1,1,1,6,1,1,1,1,1,1,1,9,1,1,1,1,6,1,1,1,1,1,6,1,1,1,1,1,1,1,1,6,1,6,1,1,1,1,1,6,1,1,6,1,6,1,1,1,1,1,1,1,1,1,1,6,1,1,1,1,1,1,1,1,1,1,1,6,6,6,1,6,1,1,1,1,1,1,1,1,1,6,1,1,1,1,1,1,1,1,1,1,6,6,1,1,1,1,1,1,1,1,6,1,1,1,6,1,1,1,1,9,9,1,1,6,1,1,1,1,1,6,6,6,6,1,1,1,1,6,1,6,1,1,1,1,1,1,6,6,1,6,1,1,1,6,6,6,6,6,1,6,6,6,6,1,1,1,6,6,6,1,1,1,1,6,1,1,1,1,1,1,1,6,6,6,6,6,6,1,1,1,9,6,6,6,1,6,6,6,1,1,6,6,1,1,1,1,1,1,1,1,1,1,6,6,6,6,6,6,6,6,6,6,1,1,6,1,6,1,6,6,6,1,1,1,1,1,1,1,1,1,1,6,6,6,6,6,6,6,6,6,6,1,6,1,1,6,6,6,6,1,6,6,6,1,1,6,1,6,1,6,6,6,6,6,1,1,6,6,6,6,1,1,1,1,1,1,6,6,6,6,6,1,6,1,1,1,6,6,1,1,1,6,6,6,1,6,6,1,1,6,6,1,6,1,1,1,6,6,6,6,6,1,6,6,1,1,1,1,1,1,6,6,6,1,1,1,1,6,1,1,1,1,1,1,6,1,1,1,1,6,6,6,6,1,1,1,1,1,1,1,6,1,1,6,1,1,1,6,1,1,1,6,6,6,6,6,1,1,1,1,6,6,6,6,1,1,1,1,1,1,6,6,1,6,1,1,1,1,1,1,1,6,1,1,1,6,1,1,6,6,1,1,1,1,1,6,1,1,1,1,1,6,1,1,9,6,1,1,1,1,1,1,1,1,1,1,1,1,6,1,1,1,6,6,1,1,6,1,6,1,6,1,1,1,1,1,1,1,6,1,1,1,1,1,6,1,1,1,1,1,6,1,1,1,1,1,1,6,1,6,1,1,1,1,1,1,1,6,1,1,1,1,6,1,1,1,1,6,1,6,1,1,1,1,1,1,1,1,1,1,9,9,9,9,9,9,9,9,9,6,6,1,1,1,1,1,1,1,1,1,1,6,1,1,1,1,6,1,1,1,1,1,6,1,1,1,1,1,1,9,9,1,1,1,1,1,6,1,1,1,1,1,1,1,1,1,1,6,1,6,1,9,9,1,1,1,1,1,1,1,6,1,1,9,1,1,1,1,1,1,1,1,6,1,1,1,1,1,6,1,1,1,6,1,6,1,1,1,1,1,1,6,1,6,1,6,1,1,1,1,1,1,1,1,6,1,6,1,1,1,1,1,1,1,1,1,6,1,1,1,6,1,1,1,1,1,1,1,1,1,1,1,1,1,1,1,6,1,1,6,6,6,6,1,6,1,6,1,6,1,1,1,1,1,1,1,1,1,1,1,6,1,6,1,6,1,1,1,1,1,1,1,1,1,1,1,6,6,6,6,6,6,1,1,6,6,1,1,6,1,1,9,9,9,1,1,6,6,1,1,1,1,1,6,6,6,6,1,1,6,6,1,6,1,1,1,1,1,1,1,1,6,1,1,1,1,6,6,6,6,6,6,6,6,6,6,6,1,1,6,6,1,1,1,9,1,1,1,1,1,1,1,1,1,1,6,9,9,9,6,1,6,1,1,1,6,6,1,1,1,1,6,1,1,1,1,1,1,1,1,6,1,1,1,6,1,1,6,1,1,1,1,1,1,6,6,6,1,1,1,1,1,1,1,6,1,1,1,6,1,1,6,1,1,1,1,1,1,1,1,1,1,1,1,1,1,6,6,6,6,1,1,1,1,1,1,6,1,1,6,6,1,6,1,1,1,6,1,6,1,9,9,1,1,1,1,1,1,1,6,1,1,1,1,6,1,1,1,6,1,1,1,6,6,6,6,1,1,9,9,9,1,1,1,1,1,1,1,1,1,1,1,1,1,1,1,1,6,1,1,1,1,1,1,1,1,9,1,1,1,1,1,1,1,1,1,1,6,1,1,1,9,1,1,1,1,1,1,1,1,1,1,1,1,1,1,1,1,1,1,1,1,1,1,1,1,1,1,1,1,1,1,1,1,1,1,1,1,1,1,1,1,1,1,1,1,1,1,1,1,1,1,1,1,1,1,1,1,1,1,1,1,1,1
47,20343,RYAN,100,6,6,6,1,6,1,6,6,6,1,6,1,1,9,1,1,1,1,1,6,1,6,9,9,9,9,9,9,9,9,9,9,9,9,9,9,9,9,9,9,9,9,9,9,9,9,9,9,9,9,9,9,9,6,6,1,6,1,1,1,6,6,1,6,9,9,6,6,6,6,6,6,6,6,6,6,6,1,1,6,6,6,6,6,1,1,6,6,6,6,6,6,6,6,6,6,6,6,1,6,1,6,6,1,1,1,1,1,1,1,1,1,6,6,6,6,1,1,6,6,1,6,1,1,6,1,6,6,6,6,6,6,6,6,1,6,6,6,1,1,1,1,1,1,1,1,6,1,9,1,6,1,9,1,1,1,6,1,1,6,6,6,6,1,1,1,6,6,1,1,6,1,1,1,6,6,1,6,6,1,6,1,1,1,6,1,6,6,6,6,6,1,6,1,9,6,6,6,6,6,6,6,6,1,6,1,6,1,1,6,6,6,6,1,1,6,6,6,1,1,1,1,6,6,1,6,6,6,6,1,1,1,6,6,1,9,9,9,6,6,1,1,6,6,6,6,1,1,1,6,6,6,6,1,6,1,1,6,6,6,1,6,6,6,1,1,6,1,1,6,6,1,6,6,6,1,1,1,1,1,6,1,1,1,1,1,6,6,6,6,6,1,6,6,6,6,6,6,1,1,6,6,1,1,6,1,6,1,1,6,6,6,9,6,6,6,1,6,1,6,1,1,1,6,6,6,1,1,1,6,6,6,6,6,1,6,1,6,6,1,6,1,6,1,1,6,6,1,1,1,6,6,6,6,6,6,1,1,1,1,6,1,1,6,1,6,6,6,6,1,6,6,6,6,1,1,1,9,9,9,6,6,1,1,1,1,1,1,1,6,6,6,6,1,1,1,6,6,1,1,6,1,1,1,6,6,6,1,6,6,6,1,6,6,9,9,1,6,1,1,1,1,1,1,9,9,9,9,9,9,9,9,1,6,6,1,1,1,1,1,6,6,6,6,6,6,6,6,1,6,6,6,6,6,6,6,6,1,1,1,1,6,6,1,1,6,6,6,6,1,1,1,6,1,1,1,6,6,1,6,6,1,6,9,6,6,6,6,1,1,6,1,6,1,1,6,9,1,1,1,1,1,6,1,1,1,6,6,6,6,6,6,1,6,1,6,6,6,1,1,1,1,6,6,1,1,6,1,6,1,6,6,6,1,1,6,6,6,1,1,6,6,9,9,6,6,1,6,1,6,6,1,1,6,1,6,1,1,6,6,1,1,1,1,1,1,1,9,9,9,6,6,1,1,1,1,1,1,6,1,6,6,6,1,1,9,6,6,1,9,6,6,1,1,6,1,6,1,6,6,6,6,6,1,6,1,1,6,6,6,6,1,6,1,6,6,1,1,1,1,6,1,1,6,6,6,6,1,6,1,6,6,1,1,1,6,1,1,6,6,1,6,6,6,1,1,6,1,1,6,6,6,1,1,1,6,1,6,6,1,1,6,1,9,6,1,6,1,6,1,1,1,1,6,6,6,6,6,6,1,6,1,6,6,1,1,6,6,1,1,6,1,6,1,6,6,6,6,1,1,6,6,6,6,1,6,6,6,9,1,1,1,6,6,6,6,6,6,6,1,6,1,1,6,1,9,1,6,6,1,1,6,1,6,6,6,6,6,1,6,6,1,1,6,6,6,6,6,6,1,6,1,1,6,6,6,1,1,6,6,6,6,6,6,6,6,6,1,1,6,6,6,6,6,6,1,1,1,6,6,1,1,1,6,6,1,6,1,1,6,6,6,6,6,1,6,1,1,1,1,1,6,6,6,1,6,1,6,6,1,6,6,1,1,6,1,6,1,6,6,6,1,1,6,6,1,1,6,6,6,6,1,1,1,1,1,1,1,6,6,6,6,1,6,6,1,1,1,1,6,6,1,1,1,1,1,6,6,1,6,1,1,6,6,6,6,1,1,6,6,1,1,6,1,1,6,6,6,6,6,6,6,1,6,1,6,6,1,1,1,6,6,6,1,1,1,6,6,6,6,6,6,6,6,6,6,6,6,1,6,1,6,6,1,1,1,6,6,6,1,6,1,6,6,6,6,6,1,1,6,1,1,1,1,6,6,1,1,1,1,6,6,6,1,1,1,6,6,6,6,6,1,6,6,6,6,1,6,6,6,6,1,1,6,1,1,1,6,6,1,1,1,6,6,6,1,1,6,6,6,6,1,6,1,1,6,6,1,6,6,6,6,6,1,1,1,1,6,6,1,6,1,1,6,6,6,1,1,1,6,6,6,6,1,1,1,6,6,1,1,1,1,6,6,6,6,1,6,6,6,1,6,6,1,6,9,9,6,6,1,1,1,1,7,1,6,6,6,1,1,1,6,6,6,6,6,6,6,1,6,6,6,6,6,1,6,6,6,6,6,1,6,9,9,6,6,6,6,6,1,1,1,6,6,6,1,1,1,6,6,1,1,9,9,9,9,9,9,9,9,1,1,1,6,1,1,1,1,6,6,1,1,1,1,1,6,6,6,1,1,6,1,1,9,6,1,6,1,1,6,1,1,1,1,1,1,1,6,6,6,1,1,1,1,1,1,1,1,1,1,1,1,6,1,1,1,1,1,1,1,1,1,1,1,1,1,1,1,1,1,1,1,1,6,6,6,6,1,6,1,1,1,1,1,1,1,1,1,1,1,1,1,1,1,1,1,1,1,1,1,6,1,1,6,6,1
48,20344,COLE,200,1,1,1,6,1,6,1,1,1,1,1,6,6,6,6,6,6,6,6,1,6,1,1,1,1,1,1,6,6,1,1,9,1,1,1,6,6,6,6,6,6,6,6,1,6,6,6,6,6,1,1,6,1,1,1,6,1,1,1,1,1,1,6,1,1,1,1,1,1,1,1,1,1,1,1,1,1,1,1,1,1,1,1,1,1,1,1,1,1,1,1,1,1,1,1,1,1,1,1,1,1,1,1,1,6,6,6,6,6,1,6,6,1,1,1,1,6,6,1,1,6,1,6,6,1,1,1,1,1,1,6,1,6,6,1,6,1,1,6,6,6,6,6,6,6,6,1,6,6,6,1,6,6,6,6,6,1,1,1,1,1,1,1,1,6,6,1,1,1,1,1,1,1,1,1,1,1,1,1,1,1,6,1,6,1,1,1,1,1,1,1,1,9,1,1,1,1,1,1,1,1,1,1,6,1,6,1,1,1,1,1,1,1,6,1,1,1,1,1,1,1,1,1,9,1,1,1,1,1,1,1,1,1,1,1,1,1,1,1,1,1,6,1,1,1,1,1,1,1,1,1,1,1,1,1,1,1,9,9,9,9,9,9,9,9,9,9,1,1,1,1,1,1,1,1,1,1,6,6,6,1,6,1,1,1,1,1,1,1,1,1,6,1,1,9,1,1,1,1,1,1,1,1,6,1,1,9,1,1,1,1,1,6,1,1,1,6,1,1,1,1,1,1,1,1,1,1,1,1,1,1,1,1,1,6,1,1,1,1,6,1,6,1,1,1,1,1,1,6,6,1,6,1,1,1,6,6,6,6,6,1,6,6,6,6,1,1,1,1,6,1,1,1,1,1,6,1,1,1,1,1,1,1,6,6,6,6,6,6,1,1,1,1,6,6,6,1,6,6,6,1,1,6,6,1,1,1,1,1,1,1,1,1,1,6,6,6,1,6,6,6,6,6,6,1,1,6,6,6,6,6,1,6,1,1,1,1,1,1,1,1,1,1,1,1,6,6,6,6,6,6,1,6,1,6,1,1,6,6,6,6,1,1,6,9,6,1,6,6,6,1,6,6,1,6,6,1,1,1,6,6,6,1,1,1,1,1,1,6,6,6,6,6,6,6,1,1,6,6,6,6,6,6,6,6,6,6,6,6,1,1,6,6,1,6,1,1,6,6,6,6,6,6,1,6,6,1,1,1,1,1,1,1,6,6,1,1,1,1,6,1,1,1,1,1,1,6,1,1,1,1,6,6,1,6,1,1,1,1,1,1,1,6,1,1,6,1,1,1,1,1,1,1,6,6,6,6,6,1,1,1,1,1,6,6,6,1,1,1,1,1,1,6,6,1,6,1,1,1,1,1,1,1,6,1,1,1,1,1,1,1,6,1,1,1,1,1,1,6,1,1,1,1,1,1,9,1,6,1,1,1,1,1,1,1,1,1,6,1,1,6,1,1,1,1,1,6,1,6,1,1,1,6,1,1,1,1,1,1,1,6,1,1,1,1,1,1,1,1,1,1,1,6,1,1,1,1,1,1,6,1,6,1,1,1,1,1,1,1,6,1,1,1,1,1,1,1,1,1,6,1,1,1,1,1,1,1,1,1,1,1,1,6,6,6,1,1,1,1,1,1,6,6,1,1,1,1,1,1,1,1,1,1,1,1,1,1,1,6,1,1,1,1,1,6,1,1,1,1,1,1,1,1,1,1,1,1,9,9,1,1,1,1,1,1,1,1,1,1,1,1,1,1,1,1,1,1,1,1,1,1,1,6,1,1,6,1,1,1,1,1,1,1,1,6,1,1,1,1,1,6,1,1,1,6,1,6,1,1,1,1,1,1,6,1,6,1,6,1,1,1,1,1,1,1,1,6,1,1,1,1,1,1,1,1,1,1,1,1,1,1,1,6,1,1,1,1,1,1,1,1,1,1,1,1,1,1,1,6,1,1,6,6,1,6,1,6,1,6,1,6,1,1,1,1,1,1,1,1,1,1,1,6,1,6,1,1,9,9,9,1,1,1,1,1,1,1,1,1,6,6,6,1,6,1,1,6,6,1,1,6,1,1,1,1,1,1,1,1,6,1,1,1,1,1,6,6,6,6,1,1,1,1,1,6,1,1,1,1,1,1,1,1,6,1,1,1,1,1,1,6,6,6,6,6,6,6,6,6,1,1,6,6,1,1,1,1,1,1,1,1,1,1,1,1,1,1,1,1,1,1,6,1,6,1,1,1,6,1,1,1,1,1,6,1,1,1,9,9,9,1,1,6,1,1,1,6,1,6,6,1,1,1,6,6,6,6,6,6,1,1,1,1,1,1,1,6,1,1,1,6,1,1,6,1,1,1,1,1,1,1,1,1,1,1,1,1,1,6,1,6,6,1,1,6,1,1,1,6,1,1,1,6,1,6,1,1,1,1,1,6,1,1,1,1,1,1,1,1,1,1,6,1,1,1,1,6,1,1,1,6,1,1,1,6,6,6,6,1,1,1,1,1,1,1,1,1,1,1,1,1,1,1,1,1,1,1,1,1,6,1,1,1,1,1,1,1,1,1,1,1,1,1,1,1,1,1,1,1,1,1,1,1,1,1,1,1,1,1,1,1,1,1,1,1,1,1,1,1,1,1,1,1,1,1,1,1,1,1,1,1,1,1,1,1,1,1,1,1,1,1,1,1,1,1,1,1,1,1,1,1,1,1,1,1,1,1,1,1,1,1,1,1,1,1,1
49,20351,BLACKBURN,200,1,1,1,6,1,6,1,1,1,1,1,6,6,6,6,6,6,6,6,1,6,1,1,1,1,1,1,6,6,1,1,1,1,1,1,6,6,6,6,6,6,6,6,1,6,6,6,6,6,1,1,6,1,1,1,6,1,1,1,1,1,1,6,1,9,9,1,1,9,1,1,1,1,1,1,1,1,1,1,1,1,1,1,1,1,1,1,1,1,1,1,1,1,1,1,1,1,1,1,1,1,1,1,1,6,6,6,6,6,6,6,6,1,1,1,1,6,6,1,1,6,1,6,6,1,1,1,1,1,1,6,1,6,6,1,1,1,1,6,6,6,6,6,6,6,6,1,6,6,6,1,6,6,6,6,6,1,9,9,9,1,1,1,6,6,6,1,1,1,1,9,1,1,1,1,1,1,1,1,1,9,6,1,6,1,1,1,1,1,1,1,1,1,1,1,1,1,1,1,1,1,1,1,6,1,6,1,1,1,1,1,1,1,6,1,1,1,1,1,1,1,1,1,1,1,1,1,1,1,1,1,1,1,1,1,1,1,1,1,1,1,6,1,1,1,1,1,6,1,6,1,1,1,1,1,1,1,1,1,1,1,1,1,1,1,9,9,1,1,1,1,1,1,1,1,1,1,6,6,6,1,6,1,1,1,1,1,1,1,1,1,6,1,1,1,1,1,1,1,1,1,1,1,6,1,9,1,1,1,1,1,1,6,1,1,1,6,1,1,1,1,1,1,1,1,6,1,1,1,1,1,1,1,6,6,1,1,1,1,6,1,6,1,1,1,1,1,1,6,6,1,6,1,1,1,6,6,6,6,6,1,6,6,6,6,1,1,1,1,6,1,1,1,1,1,6,1,1,1,1,1,1,1,6,6,6,6,6,6,1,1,1,1,6,6,6,1,6,6,6,1,1,6,6,1,1,1,1,1,1,1,1,1,1,1,1,6,1,6,6,6,6,6,6,1,1,1,6,6,6,6,6,6,1,1,1,1,1,1,1,1,1,6,1,1,1,1,1,6,1,1,1,1,1,6,1,1,6,6,6,6,1,1,6,6,1,1,1,1,6,1,6,1,6,6,6,1,1,6,1,1,6,1,1,1,1,1,1,6,6,1,6,1,6,6,1,1,6,6,6,6,6,6,6,6,6,1,1,1,1,1,1,6,1,6,1,1,1,6,6,6,6,1,1,6,6,1,1,1,1,1,1,6,6,6,1,1,1,1,6,1,1,1,1,1,1,6,1,1,1,1,6,6,1,6,1,1,9,1,1,1,1,6,1,6,6,1,9,9,9,1,1,1,6,6,6,6,6,1,1,1,1,1,6,6,6,1,1,1,9,1,1,6,6,1,6,1,1,1,1,1,1,1,6,1,9,9,6,1,1,1,6,1,1,1,1,1,6,1,1,1,9,9,9,1,1,6,6,1,1,1,1,1,1,1,1,1,1,1,1,6,1,1,1,6,6,1,1,6,1,9,1,6,1,1,1,1,1,1,1,6,1,1,1,1,1,6,1,1,6,9,9,6,1,1,1,1,1,1,6,1,6,1,1,1,1,1,1,1,6,1,1,1,1,6,1,1,1,1,6,1,6,1,1,1,1,1,6,1,9,9,9,6,6,6,1,1,1,1,1,1,6,6,6,1,1,1,1,1,1,1,1,1,6,1,1,1,1,6,1,1,1,1,1,6,9,1,1,1,1,1,1,9,1,1,9,9,1,6,1,1,1,1,1,9,9,1,1,1,6,1,6,1,1,1,1,1,1,1,1,1,1,6,1,1,6,1,1,1,1,1,1,1,1,6,1,1,1,1,1,6,1,1,1,6,1,6,1,1,1,1,1,1,6,1,6,1,6,1,1,1,9,9,1,1,1,6,1,1,1,1,1,1,6,1,1,1,1,6,1,1,1,6,1,1,1,1,1,1,1,1,1,1,1,9,9,1,1,6,1,1,9,9,9,9,9,9,9,9,9,9,9,9,9,9,1,1,1,1,1,1,1,6,1,6,1,1,1,1,1,1,1,1,1,1,1,9,9,9,9,9,9,9,9,9,9,6,1,1,1,6,1,9,1,1,1,1,1,6,6,1,1,1,1,1,6,6,6,6,1,1,6,6,1,6,1,1,1,1,1,1,1,6,6,1,1,1,1,6,1,6,6,6,6,6,6,6,1,1,1,1,6,6,1,9,9,9,1,1,1,1,1,1,1,1,9,9,9,1,1,1,6,1,6,1,1,1,6,1,1,1,1,1,6,1,9,9,1,1,1,1,1,6,6,1,1,6,1,6,1,1,1,1,6,6,6,6,6,6,1,9,9,1,1,1,1,9,9,1,1,6,1,1,6,1,1,1,1,1,1,1,1,9,9,9,9,9,9,9,9,9,9,9,9,9,9,9,9,9,9,9,9,9,9,9,9,9,9,9,1,6,1,9,9,9,9,9,9,9,1,1,9,9,9,9,9,9,9,9,9,9,9,9,9,9,9,9,9,9,9,9,9,9,9,9,9,9,9,9,9,9,6,9,9,9,9,9,9,9,9,9,9,1,9,1,9,9,1,1,9,9,9,1,9,1,1,1,9,9,9,1,1,1,9,9,9,9,9,9,9,9,9,1,1,1,1,1,1,1,1,1,1,1,1,1,1,1,1,1,1,1,1,1,1,1,1,1,1,1,1,9,9,9,9,9,9,9,9,9,9,9,9,9,9,9,9,9,9,9,9,9,9,9,9,9,9
50,20352,HENSARLING,200,1,1,1,6,1,6,1,1,1,1,1,6,6,6,6,6,6,6,6,1,6,1,1,1,1,1,1,6,6,1,1,1,1,1,1,6,6,6,6,6,6,6,6,1,6,6,6,6,6,1,1,6,1,1,1,6,1,1,1,1,1,1,6,1,1,1,1,1,1,1,1,1,1,1,1,1,1,1,1,1,1,1,1,1,1,1,9,9,9,9,1,1,1,1,1,1,1,1,1,1,1,1,1,1,6,6,9,6,6,6,6,6,1,1,1,1,6,6,1,1,6,1,6,6,1,1,1,1,1,1,6,1,6,6,1,1,1,1,6,6,6,6,6,6,6,6,1,6,6,6,1,6,6,6,6,6,1,1,1,1,1,1,1,6,6,6,1,1,1,1,1,1,1,1,1,1,1,1,1,1,1,6,1,6,1,1,1,1,1,1,1,1,1,1,1,1,1,1,1,1,1,1,1,6,1,6,1,1,1,1,1,1,1,6,1,1,1,1,1,1,1,1,1,1,1,1,9,1,1,1,1,1,1,1,1,1,1,1,1,1,1,6,1,1,1,1,1,1,1,1,1,1,1,1,1,1,1,1,1,1,1,1,1,1,1,6,1,1,1,1,1,1,1,1,1,1,1,6,6,6,1,6,1,1,1,1,1,1,1,1,1,6,1,1,1,1,1,1,1,1,1,1,1,6,1,1,1,1,1,1,1,1,6,1,1,1,6,1,1,1,1,1,1,1,1,1,1,1,1,1,1,1,1,6,6,1,1,1,1,6,1,6,1,1,1,1,9,1,6,6,1,6,1,1,1,6,6,6,6,6,1,6,6,1,6,1,1,1,1,6,1,1,1,1,1,6,1,1,1,1,1,1,1,6,6,6,6,6,6,1,1,1,1,6,6,6,1,6,6,6,1,1,6,6,1,1,1,1,1,1,1,1,1,1,1,1,6,1,6,6,6,6,6,6,1,1,1,1,6,6,6,1,6,1,1,1,1,1,1,1,1,1,1,1,1,1,1,1,6,1,1,1,1,1,1,1,1,6,6,6,9,1,1,6,6,1,1,1,1,6,1,6,1,6,6,6,1,1,6,1,1,6,1,1,1,1,1,1,6,6,1,6,6,6,6,1,1,6,6,6,6,6,6,6,6,6,1,1,1,6,1,1,6,1,6,1,1,1,6,6,6,6,1,1,6,6,1,1,1,1,1,1,1,6,6,1,1,1,1,6,1,1,1,1,1,1,6,1,1,1,1,6,6,1,6,1,1,1,1,1,1,1,6,1,6,6,1,1,1,1,1,1,1,6,6,6,6,6,1,1,1,1,1,6,6,6,1,1,1,1,1,1,6,6,1,6,1,1,9,9,9,1,1,6,1,1,1,1,1,1,1,6,1,1,1,1,1,6,1,1,1,1,1,1,1,1,1,6,1,1,1,1,1,1,1,1,1,1,1,1,6,1,1,1,6,6,1,1,6,1,1,1,6,1,1,1,1,1,1,1,6,1,1,1,1,1,1,1,1,1,1,1,6,1,1,1,1,1,1,6,1,6,1,1,1,1,1,1,1,6,1,1,1,1,1,1,1,1,1,6,1,1,1,1,1,1,1,6,1,1,1,1,6,6,6,1,1,1,1,1,1,6,6,1,1,1,1,1,1,1,1,1,1,1,1,1,1,1,6,1,1,1,1,1,6,1,1,1,1,1,1,1,1,1,1,1,1,1,1,1,1,1,1,1,1,1,1,1,1,1,1,1,1,1,1,6,1,1,1,1,1,1,6,1,1,6,1,1,1,1,1,1,1,1,6,1,1,1,1,1,6,1,1,1,6,1,6,1,1,1,1,1,1,6,1,6,1,6,1,1,1,1,1,1,1,1,6,1,1,1,1,1,1,1,1,1,1,1,1,1,1,1,6,1,1,1,1,1,1,1,1,1,1,1,1,1,1,1,6,1,1,6,6,1,6,1,6,1,1,1,6,1,1,1,1,1,1,1,1,1,1,1,6,1,6,1,1,1,1,1,1,1,1,1,1,1,1,1,1,1,1,1,1,1,1,1,1,6,1,1,6,1,1,1,1,1,1,1,1,6,1,1,1,1,1,6,6,6,6,1,1,6,6,1,6,1,1,1,1,1,1,1,1,6,1,1,1,1,1,1,6,6,1,6,6,1,6,1,1,1,1,6,6,1,1,1,1,1,1,1,1,1,1,1,1,9,9,9,1,1,1,6,1,6,1,1,1,6,1,1,1,1,1,6,1,1,1,1,1,1,1,1,6,1,1,1,6,1,6,6,1,1,1,6,6,6,6,6,6,1,1,1,1,1,1,1,6,1,1,1,6,1,1,6,1,1,1,1,1,1,1,1,1,1,1,1,1,1,6,6,6,1,1,1,1,1,1,1,6,1,1,1,1,1,6,1,1,1,1,1,6,1,1,1,1,1,1,1,1,6,1,6,1,1,1,1,6,1,1,1,6,1,1,1,6,6,6,6,1,1,1,1,1,1,1,1,1,1,1,1,1,6,1,6,1,1,1,1,1,6,1,1,1,1,1,9,9,1,1,1,6,1,1,1,1,1,1,1,1,1,6,1,1,1,1,1,1,1,1,1,1,1,1,1,1,1,1,1,1,1,1,1,1,1,1,1,1,1,1,1,1,1,1,9,1,1,1,1,1,1,1,1,1,1,1,1,1,1,1,1,1,1,1,1,1,1,1,1,1,1,1,1,1,1,1,6
51,20355,BURGESS,200,1,1,1,6,1,6,1,1,1,1,1,6,6,6,6,6,6,6,6,1,6,1,1,1,1,1,6,6,6,1,1,1,1,1,1,6,6,6,6,6,6,6,6,1,6,6,6,6,6,1,1,6,1,1,1,6,1,1,1,1,1,1,6,1,1,1,1,1,1,1,1,1,1,1,1,1,1,1,1,1,1,1,1,1,1,1,1,1,1,1,1,1,1,1,1,1,1,1,1,1,6,1,1,6,6,6,6,6,6,6,6,6,1,1,1,1,6,6,1,1,6,1,6,6,1,1,1,1,1,1,6,1,6,6,1,1,1,1,6,6,6,6,6,6,6,6,1,6,6,6,1,6,6,6,6,6,1,1,1,1,1,1,6,6,6,6,1,1,1,1,6,1,1,1,1,1,1,1,1,1,1,6,1,6,1,1,1,1,6,1,1,1,6,1,1,1,1,1,1,1,1,1,1,6,1,6,1,1,1,1,1,1,1,6,1,1,1,1,1,1,1,1,1,1,1,1,6,1,1,1,1,1,6,1,1,1,1,1,1,1,1,6,1,6,1,1,1,1,1,6,1,1,1,1,1,1,1,1,1,1,1,1,1,1,1,6,1,1,1,1,1,1,9,1,1,1,1,6,6,6,1,6,1,1,1,1,1,1,1,1,1,6,1,1,1,1,1,1,1,1,1,1,6,6,1,1,1,1,1,1,1,1,6,1,1,1,6,1,6,1,1,1,1,1,1,9,1,1,1,1,1,6,1,6,6,1,9,1,1,6,1,6,1,1,1,1,1,1,6,6,1,6,1,1,1,6,6,6,6,6,1,6,6,1,6,1,1,1,1,6,1,1,1,1,1,6,1,1,1,1,1,1,1,6,6,6,6,6,6,1,1,1,1,6,6,6,1,6,6,6,1,1,6,6,1,1,1,1,1,1,1,1,1,1,1,1,6,1,6,6,6,6,6,6,1,1,1,1,6,6,6,6,6,1,1,1,1,1,1,1,1,1,6,1,1,1,6,1,6,1,1,1,6,1,1,1,1,1,6,6,6,1,1,6,6,1,1,1,1,6,1,6,1,1,6,6,1,1,1,1,1,6,1,1,1,1,1,1,6,6,1,6,6,6,6,1,1,6,6,6,6,6,1,6,6,6,1,1,1,1,1,1,6,1,6,1,1,1,6,6,6,6,1,1,1,6,1,1,1,1,1,1,6,6,6,1,1,1,1,6,1,1,1,1,1,1,6,1,1,1,1,6,6,1,6,1,1,1,1,1,1,1,6,1,1,6,1,1,1,9,9,9,9,9,9,9,9,9,9,9,1,1,6,6,6,6,1,1,1,1,1,1,6,6,1,6,1,1,1,1,1,1,1,6,1,1,1,6,1,1,6,6,1,1,1,1,1,6,1,1,1,1,1,6,1,1,6,6,1,1,1,1,1,1,1,1,1,1,1,1,6,1,1,1,6,6,1,1,6,1,6,1,6,1,1,6,1,1,1,1,6,1,1,1,1,1,6,1,1,1,1,1,6,1,1,1,1,1,1,6,1,6,1,1,1,1,1,1,1,6,1,1,1,1,6,1,1,1,1,6,1,6,1,1,1,6,1,1,1,1,1,1,6,6,9,1,1,1,1,1,6,1,6,6,1,1,1,1,1,1,1,1,1,6,1,1,1,1,6,1,1,1,1,1,6,1,1,1,1,1,9,1,6,1,1,1,1,1,9,1,1,1,1,1,1,1,1,1,1,6,1,1,1,1,1,1,1,1,1,1,1,1,6,1,1,6,1,1,1,1,1,1,1,1,6,1,1,1,1,1,9,9,1,1,6,1,6,1,1,1,1,1,1,6,1,6,1,6,1,1,1,1,1,1,1,1,6,1,6,1,1,1,1,1,1,1,1,1,6,1,1,1,6,1,1,1,1,1,1,1,1,1,1,1,1,1,1,1,6,1,1,1,6,1,6,1,6,1,1,1,6,1,1,1,1,1,1,1,1,1,1,1,6,1,6,1,6,1,1,1,1,1,1,1,1,1,1,1,6,6,6,6,1,1,1,1,1,6,1,1,6,1,1,1,1,1,9,1,1,6,1,1,1,1,1,6,1,6,6,1,1,6,1,1,6,1,1,1,1,1,1,1,6,6,1,1,1,1,6,1,6,6,1,6,6,1,6,1,6,1,1,6,6,1,1,1,6,1,1,1,1,1,1,1,1,1,1,6,1,1,1,6,1,6,1,1,1,6,1,1,1,1,1,6,1,1,1,1,1,1,1,1,6,6,1,1,6,1,6,1,1,1,1,6,6,6,6,6,6,1,1,1,1,1,1,1,6,1,1,1,6,1,1,6,1,1,1,1,1,1,1,1,1,1,1,1,1,1,6,6,6,1,1,1,1,1,1,1,6,1,1,1,1,1,6,1,1,1,1,1,6,1,1,1,1,1,1,1,1,1,1,6,1,1,1,1,6,1,1,1,6,1,1,1,6,6,6,6,1,1,1,1,1,1,1,1,6,1,1,1,1,1,1,1,6,1,1,1,1,6,1,1,1,1,1,1,1,9,9,1,1,1,1,1,1,1,1,1,1,6,1,1,1,1,1,1,1,1,1,1,1,1,1,1,1,1,1,1,1,1,1,1,1,1,1,1,1,1,1,6,1,1,1,9,1,1,1,1,1,1,1,1,1,1,1,1,1,1,1,6,6,1,1,1,1,1,1,1,1,1,1,1,1,1,1,6
52,20356,CARTER,200,1,1,1,6,1,6,1,1,1,1,1,6,6,6,6,6,6,6,6,1,6,1,1,1,1,1,1,6,6,1,1,1,1,1,1,6,6,6,6,6,6,6,6,1,6,6,6,6,6,1,1,6,1,1,1,6,1,1,1,1,1,1,6,1,1,1,1,1,1,1,1,1,1,1,1,1,1,1,1,1,1,1,1,1,1,1,1,1,1,1,1,1,1,1,1,1,1,1,1,1,6,1,1,6,6,6,6,6,6,6,6,6,1,1,1,1,6,6,1,1,6,1,6,6,1,1,1,1,1,1,6,1,6,6,1,1,1,1,6,6,6,6,6,6,6,6,1,6,6,6,1,6,6,6,6,6,1,1,1,1,1,1,1,6,6,6,1,1,1,1,1,1,1,1,1,1,1,1,1,1,1,6,1,6,1,1,1,1,1,1,1,1,1,1,1,1,1,1,1,1,1,1,1,6,1,6,1,1,1,1,1,1,1,6,1,1,1,1,1,1,1,1,1,1,1,1,1,1,1,1,1,1,1,1,1,1,1,1,1,1,1,6,1,1,1,1,1,1,1,1,1,1,1,1,1,1,1,1,1,1,1,1,1,1,1,6,1,9,9,1,1,1,1,1,1,1,1,6,6,6,1,6,1,1,1,1,1,1,1,1,1,6,1,1,1,1,1,1,9,9,1,1,1,6,1,1,1,1,1,1,1,1,6,1,1,1,6,1,1,1,1,1,1,1,1,1,1,1,1,1,1,1,1,6,6,1,1,1,1,6,1,6,1,1,1,1,1,1,6,6,1,6,1,1,1,6,6,6,6,6,1,6,6,6,6,1,1,1,1,6,1,1,1,1,1,6,1,1,1,1,1,1,1,6,6,6,6,6,6,1,1,1,1,6,6,6,1,6,6,6,1,1,6,6,1,1,1,1,1,1,1,1,1,1,6,6,6,1,6,6,6,6,6,1,1,1,6,1,6,6,6,6,6,1,1,1,1,1,1,1,1,1,1,1,1,1,6,1,6,6,1,1,1,1,1,1,1,6,6,6,6,1,1,6,6,6,9,6,6,6,1,6,1,6,6,6,1,1,1,6,1,6,1,1,1,1,1,1,6,6,1,6,6,6,6,1,1,6,6,6,6,6,6,6,6,6,1,6,1,1,1,6,6,1,6,1,1,1,6,6,6,6,1,1,6,6,1,1,1,1,1,1,6,6,6,1,1,1,1,6,1,1,1,1,1,1,6,1,1,1,1,6,6,6,6,1,1,1,1,1,1,1,6,1,1,6,1,1,1,1,1,1,1,6,6,6,6,6,1,1,1,1,1,6,6,6,1,1,1,1,1,1,6,6,1,6,1,1,1,1,1,1,1,6,1,1,1,6,1,1,1,6,1,1,1,1,1,6,1,1,1,1,1,1,1,1,1,6,1,1,1,1,1,1,1,1,1,1,1,1,6,1,1,1,6,6,1,1,6,1,1,1,6,1,1,1,1,1,1,1,6,1,1,1,1,1,1,1,1,1,1,1,6,1,1,1,1,1,1,6,1,6,1,9,9,9,1,1,1,6,1,1,1,1,1,1,1,1,9,6,1,1,1,1,1,1,1,1,1,1,1,1,6,6,6,1,1,1,1,1,1,6,6,1,1,1,1,1,1,1,1,1,1,1,1,1,1,1,6,1,1,1,1,1,6,1,1,1,1,1,1,1,1,1,1,1,1,1,1,1,1,1,1,1,1,1,1,1,1,1,1,1,1,1,1,1,9,9,1,9,1,1,6,1,1,6,1,9,9,9,9,9,9,9,9,9,9,9,9,9,6,1,1,1,6,1,6,1,1,1,1,1,1,6,1,9,9,9,9,9,9,1,1,1,1,1,6,1,1,1,1,1,1,1,1,1,1,1,1,1,1,1,6,1,1,1,1,1,1,1,1,1,1,1,1,1,1,1,6,1,1,6,6,1,6,1,6,1,6,1,6,1,1,1,1,1,1,1,1,1,1,1,6,1,6,1,1,9,1,1,1,1,1,1,1,1,1,1,1,6,6,6,1,6,1,1,6,6,1,1,6,1,1,1,1,1,1,1,1,6,1,1,1,1,1,6,6,6,6,1,1,6,6,1,6,1,1,1,1,1,1,1,1,6,1,1,1,1,1,1,6,6,6,6,6,6,6,6,6,1,1,6,6,1,1,1,1,1,1,1,1,9,9,9,9,1,1,1,1,1,1,6,1,6,1,1,1,6,1,1,1,1,1,6,1,1,1,1,9,1,1,1,9,6,1,1,6,1,1,6,1,1,1,6,6,1,6,6,6,1,1,1,1,1,1,1,6,6,1,1,6,1,1,6,1,1,1,1,1,1,1,1,1,1,1,1,1,1,6,6,6,6,1,1,1,1,1,1,6,1,1,1,1,1,6,1,1,1,1,1,6,1,1,1,1,1,1,1,1,1,1,6,1,1,1,1,6,1,1,1,6,1,1,1,6,6,6,6,1,1,1,1,1,1,1,1,1,1,1,1,1,1,1,1,1,1,1,1,1,6,1,1,1,1,1,1,1,1,1,1,1,1,1,1,1,1,1,1,1,1,1,1,1,1,1,1,1,1,1,1,1,1,1,1,6,1,1,1,1,1,1,1,1,1,1,1,1,1,1,1,1,1,1,1,1,1,1,1,1,1,1,1,1,1,1,1,1,1,1,1,1,1,1,1,1,1,1,1,1,1,1,1,1,1,1,1
53,20357,BISHOP,200,1,1,1,6,1,6,1,1,1,1,1,6,6,6,6,6,6,6,6,1,6,1,1,1,1,1,1,6,6,1,1,1,1,1,1,6,6,6,6,6,6,6,6,1,6,6,6,6,6,1,1,6,1,1,1,6,1,1,1,1,1,1,6,1,1,1,1,1,1,1,1,1,1,1,1,1,1,1,1,1,1,1,1,1,1,1,1,1,1,1,1,1,1,1,1,1,1,1,1,1,1,1,1,1,6,6,6,6,6,6,6,6,1,1,1,1,6,6,1,1,6,1,6,6,1,1,1,1,1,1,6,1,6,6,1,1,1,1,6,6,6,6,6,6,6,6,1,6,6,6,1,9,6,6,6,6,1,1,1,1,1,1,1,6,6,6,9,1,1,1,1,1,1,1,1,1,1,1,1,1,9,6,1,6,1,1,1,1,1,1,1,1,1,1,1,1,1,1,1,1,1,1,1,6,1,6,1,1,1,1,1,1,1,9,1,1,1,9,9,1,1,1,1,1,1,1,1,1,1,1,1,1,1,1,1,1,1,1,1,1,1,6,1,1,1,1,1,6,1,1,1,1,1,1,1,1,1,1,1,1,1,1,1,1,1,6,1,1,1,1,1,1,1,1,1,1,1,6,6,6,1,6,1,1,1,1,1,1,1,1,1,6,1,1,9,1,1,1,9,9,1,1,1,6,1,1,1,1,1,1,1,1,6,1,9,9,6,1,6,9,1,1,1,1,1,1,1,1,1,1,1,1,1,1,6,1,1,1,1,9,1,6,1,1,1,1,1,1,6,6,1,9,1,1,1,6,6,6,6,6,1,6,6,6,6,1,9,1,1,6,1,1,1,1,1,6,1,1,1,1,1,1,1,6,6,6,6,6,6,1,1,1,1,6,6,6,1,6,6,6,1,1,6,6,1,1,1,1,1,1,1,1,1,1,1,1,6,1,6,6,6,6,6,6,1,1,6,1,6,6,6,1,6,1,1,1,1,1,1,1,1,1,1,1,1,6,6,1,6,6,1,1,1,1,1,1,1,6,6,6,6,1,1,6,6,1,1,6,1,6,1,6,1,6,6,6,1,1,1,1,1,6,1,1,1,1,1,1,6,6,1,1,1,6,6,1,1,1,6,6,1,6,1,6,6,6,6,1,1,1,1,1,6,1,6,1,1,1,6,6,6,6,1,1,6,6,1,1,1,1,1,1,1,6,6,1,9,9,9,9,9,9,1,1,1,1,6,1,1,1,1,6,6,1,6,1,1,1,1,1,1,1,6,1,1,6,1,1,1,1,1,1,1,6,6,6,6,6,1,1,9,1,1,6,6,6,1,1,1,1,1,1,6,6,1,6,1,1,1,1,1,1,1,6,1,1,1,1,1,1,1,6,1,1,1,1,1,6,1,1,1,1,1,1,1,1,1,6,1,1,1,1,1,1,1,1,1,1,1,1,6,1,1,1,6,6,1,1,6,1,1,9,6,1,1,1,1,1,1,1,6,1,1,1,1,1,1,1,1,1,1,1,6,1,1,1,1,1,1,6,1,6,1,1,1,1,1,1,1,6,1,1,1,1,1,1,9,1,1,6,1,1,1,1,1,1,1,1,1,1,1,1,6,6,6,1,1,1,1,1,1,6,6,6,1,1,1,1,1,1,1,1,1,1,1,1,1,1,6,1,1,1,1,1,6,1,1,1,1,1,1,1,1,1,1,1,1,1,1,1,1,1,1,1,1,1,1,1,1,1,1,1,1,9,9,1,1,1,1,1,1,1,6,1,1,6,1,1,1,1,1,1,1,1,6,1,1,1,1,1,6,1,1,1,6,1,6,1,1,1,1,1,1,6,1,6,1,6,1,1,1,1,1,1,1,1,6,1,1,1,1,1,1,6,1,1,1,1,1,1,1,1,6,1,1,1,1,1,1,1,1,1,1,1,1,1,1,1,6,1,1,6,6,1,6,1,6,1,6,1,6,1,1,1,1,1,1,1,1,1,1,1,6,1,6,6,1,1,1,1,1,1,1,1,1,1,1,1,1,6,6,1,1,1,1,1,1,1,1,1,6,1,1,1,1,1,1,1,1,6,1,1,1,1,1,6,6,6,6,1,1,1,1,1,6,1,1,1,1,1,1,1,1,6,1,1,1,1,1,1,6,6,1,6,6,6,6,1,1,1,1,6,6,1,1,1,1,1,1,1,1,1,1,1,9,1,1,1,1,9,1,6,1,6,1,1,1,6,1,1,1,1,1,6,1,1,1,1,1,1,1,1,6,1,1,1,6,1,1,6,1,1,1,1,1,1,6,6,6,1,1,1,1,1,1,1,6,1,1,1,6,1,1,6,1,1,1,1,1,1,1,1,1,1,1,1,1,1,6,6,6,1,1,1,1,1,1,1,6,1,1,1,1,1,6,1,1,1,1,1,6,1,1,1,1,1,1,1,1,1,1,6,1,1,1,1,6,1,1,1,6,1,1,1,6,6,6,6,1,1,1,1,1,1,1,1,9,9,1,1,1,1,1,1,1,1,1,1,1,6,1,1,1,1,1,1,1,1,1,1,1,1,1,1,1,1,1,1,1,1,1,9,1,1,1,1,1,1,1,1,1,1,9,9,1,1,1,1,1,1,1,1,1,1,1,1,1,1,1,1,1,1,1,1,1,1,1,1,1,1,1,1,1,1,1,1,1,1,1,1,1,1,1,1,1,1,1,1,1,1,1,1,1,1,1,1
54,20501,COSTA,100,6,6,6,1,6,9,6,6,6,1,6,1,1,1,1,1,1,1,1,6,1,6,1,1,6,6,6,6,6,1,6,6,1,1,1,1,1,1,1,1,1,6,1,1,1,1,1,1,1,6,6,1,6,9,6,6,6,1,1,1,6,6,9,9,9,9,6,6,6,6,6,1,6,6,1,6,1,1,1,6,6,6,6,6,1,1,6,6,6,6,6,6,6,6,6,6,6,6,1,6,1,6,6,1,6,6,6,6,6,1,1,1,1,6,9,6,1,1,1,6,6,1,1,1,1,1,6,6,6,6,1,6,1,9,1,1,6,6,1,1,1,1,1,1,1,1,6,1,1,1,6,6,6,1,1,1,1,1,1,6,6,6,6,1,1,1,1,6,1,1,6,1,1,1,6,6,1,6,6,1,6,1,1,1,6,1,6,6,6,6,6,1,6,1,1,6,1,6,6,6,6,6,6,1,1,1,6,1,1,6,6,6,1,1,1,6,1,6,1,1,1,1,6,6,1,1,6,6,6,1,1,1,6,1,1,1,1,1,6,6,1,1,6,6,6,1,1,1,1,6,6,6,6,1,6,1,1,6,6,6,1,6,6,1,1,9,9,1,1,6,1,1,6,1,1,1,1,6,6,9,1,6,1,1,1,1,6,6,6,6,6,6,1,9,9,9,9,9,1,1,6,6,6,1,6,1,1,1,1,6,6,6,6,1,6,1,6,1,1,1,1,1,1,6,6,6,1,1,1,6,6,6,6,6,1,6,1,6,6,1,6,1,6,1,1,9,9,9,1,1,1,9,6,6,6,6,1,1,1,1,1,1,1,6,1,6,6,6,6,6,6,6,6,6,1,1,1,1,1,1,6,1,1,1,1,6,6,1,1,1,6,6,6,6,6,1,1,6,6,6,1,1,1,1,1,1,1,1,6,6,6,1,6,6,6,6,1,6,6,6,1,1,1,1,6,6,6,6,1,1,1,1,1,6,1,9,9,9,9,9,9,9,9,9,9,9,9,9,9,9,9,9,9,9,9,9,9,9,9,9,9,9,9,9,9,9,9,9,9,9,9,9,9,9,9,9,9,9,9,9,9,9,9,9,9,9,9,9,9,9,9,9,9,9,9,9,9,9,9,9,9,9,9,9,9,9,9,9,9,9,9,9,9,9,9,9,9,9,9,9,9,9,9,9,9,9,9,9,1,1,6,6,6,1,1,6,6,1,1,1,1,6,1,1,6,6,1,6,1,6,6,6,6,6,6,6,1,1,6,1,1,1,1,1,1,1,1,1,1,6,6,6,1,1,1,1,1,1,6,1,6,6,6,1,1,1,6,6,1,1,6,6,6,1,6,1,1,1,6,6,6,6,6,1,1,1,1,6,6,6,6,6,1,1,6,6,1,6,1,1,6,1,1,6,6,6,6,1,6,1,6,6,1,1,1,6,1,1,6,6,1,1,6,6,1,1,6,1,1,1,6,6,1,1,1,6,1,6,6,1,1,6,1,6,6,1,6,1,6,1,1,1,1,1,6,6,6,6,1,1,1,1,6,6,1,1,6,6,1,1,6,1,1,1,6,6,6,6,1,1,6,6,6,6,1,6,1,1,9,1,1,1,6,6,6,6,6,6,6,1,6,6,1,1,1,1,1,6,6,1,1,1,1,6,6,6,6,6,1,6,1,1,1,6,6,6,6,6,6,1,1,1,1,6,6,6,1,1,6,6,6,6,1,6,6,6,1,1,1,6,1,6,1,6,6,1,9,9,9,9,9,9,9,9,9,9,9,1,1,6,6,1,6,1,1,1,1,1,1,1,1,1,6,6,1,6,1,6,1,1,6,6,1,1,1,9,9,9,9,9,9,1,1,6,6,1,1,1,6,6,6,1,1,1,1,1,1,1,6,6,6,1,1,1,1,1,1,1,1,6,6,1,1,1,1,1,6,1,1,1,1,1,6,6,6,1,1,1,6,6,1,1,6,1,1,6,6,1,6,6,6,6,1,6,6,1,6,1,1,1,6,6,6,1,1,1,6,6,6,6,6,6,6,6,6,6,6,6,1,1,1,6,6,1,1,1,6,6,6,1,1,1,1,6,9,9,6,1,1,1,1,6,6,1,6,6,1,1,1,1,6,1,6,1,1,1,6,6,6,6,1,6,6,1,1,6,1,6,6,6,1,1,9,1,1,1,6,6,6,1,1,1,6,1,1,1,1,6,6,6,6,1,6,1,1,6,6,1,6,6,6,6,6,1,1,1,1,6,1,1,1,1,1,6,6,6,1,1,1,6,6,6,6,6,6,6,6,6,1,1,9,9,9,9,9,9,6,6,6,1,6,1,1,1,1,1,1,6,6,1,1,1,1,1,1,6,6,6,1,1,1,6,6,6,6,6,1,6,1,6,6,6,6,6,1,6,6,6,6,6,1,6,1,1,6,6,6,6,6,1,1,1,6,6,6,1,1,1,6,1,1,1,6,6,1,1,1,1,1,1,1,1,1,6,1,1,1,1,6,6,1,1,1,1,1,6,6,6,6,1,6,1,1,1,1,1,1,1,1,6,1,1,9,9,9,9,9,6,1,6,1,1,9,9,9,9,9,9,9,9,9,9,9,9,9,9,9,9,9,9,9,9,9,9,9,9,9,9,9,9,9,9,9,9,9,6,6,1,6,1,1,1,1,1,1,1,1,1,1,1,1,1,1,1,1,1,1,1,1,1,1,1,1,6,6,1
55,20504,WASSERMA,100,6,6,6,1,6,1,6,6,6,1,6,1,1,1,1,1,1,1,1,6,1,6,1,1,6,6,1,1,1,1,6,6,1,6,6,1,1,1,1,1,1,1,1,6,1,1,1,1,1,6,6,1,6,9,6,1,6,6,1,1,6,6,1,6,1,1,6,6,6,6,6,6,6,6,6,6,6,1,1,6,6,6,6,6,1,1,6,6,6,6,6,6,6,6,6,6,6,6,1,6,1,6,6,1,1,1,1,1,1,1,1,1,6,6,6,6,1,1,6,6,1,6,1,1,6,1,6,6,6,6,1,6,1,1,1,1,6,6,1,1,1,1,1,1,1,1,6,1,1,1,6,1,1,1,1,1,6,1,1,6,6,6,1,1,1,1,6,6,1,1,1,1,1,1,6,6,1,6,6,1,6,1,1,1,6,1,6,6,1,6,6,1,1,1,1,6,6,6,6,6,6,6,6,1,6,1,6,1,1,6,6,6,6,1,1,6,6,6,1,1,9,9,6,6,1,1,1,6,6,1,9,9,9,6,1,1,1,1,6,6,1,1,6,1,6,6,1,1,1,1,6,6,1,1,6,1,1,6,6,6,1,6,6,6,1,1,6,1,1,9,9,9,6,6,6,1,1,1,1,1,6,1,6,1,1,1,6,6,6,6,6,1,6,6,6,6,6,6,1,1,6,6,1,1,6,6,9,1,1,6,6,6,1,6,9,9,9,9,9,9,9,1,1,6,6,1,1,1,1,6,6,1,6,6,1,6,1,6,6,1,6,1,6,1,1,6,6,1,1,1,6,6,6,6,6,6,1,1,1,1,6,1,1,1,1,6,6,6,6,1,6,6,1,6,1,1,1,1,1,1,6,6,1,1,1,1,1,1,1,6,6,6,6,1,1,1,6,1,1,1,6,1,1,1,6,6,6,1,6,6,6,1,6,6,6,6,1,6,1,1,1,1,1,1,6,6,6,6,1,1,1,1,1,6,6,1,1,1,1,1,9,9,9,9,9,9,9,9,9,9,9,9,9,9,9,9,9,9,9,9,9,9,9,9,9,9,9,9,9,9,9,9,9,9,9,9,9,9,9,9,9,9,9,9,6,6,6,6,1,1,6,1,6,1,1,6,6,1,1,1,1,1,6,1,1,1,6,6,6,6,6,6,1,6,1,6,6,6,1,1,1,1,6,6,1,1,6,1,6,1,6,6,1,1,1,6,6,6,1,1,6,6,1,1,6,6,1,6,1,6,6,1,1,6,1,6,1,1,6,6,1,1,1,1,1,1,1,1,1,1,6,6,1,1,1,1,1,1,6,1,6,6,1,1,1,1,6,6,1,1,6,6,1,1,6,1,6,1,6,6,6,6,6,1,6,1,1,1,6,6,1,1,6,1,6,6,1,1,6,1,6,1,1,1,6,6,1,1,6,1,6,6,1,1,1,6,1,6,6,6,1,6,6,6,1,1,6,1,1,6,1,6,1,1,1,1,1,6,6,1,1,6,1,6,6,1,1,1,6,1,1,1,1,1,6,6,6,6,1,1,6,1,1,6,1,1,6,6,1,1,6,1,6,1,1,6,6,6,1,1,6,1,6,6,1,1,6,1,1,1,1,1,6,6,1,6,6,6,6,1,1,6,1,1,1,1,1,6,6,1,1,6,1,1,6,6,6,6,1,6,6,1,1,6,6,6,6,6,6,1,6,1,1,6,6,6,1,1,1,6,6,6,6,6,6,6,6,1,1,1,6,1,1,6,6,6,1,1,6,6,1,1,1,6,6,9,9,1,1,6,6,6,6,6,1,6,1,1,1,1,1,6,6,6,1,6,1,6,6,1,6,6,1,1,6,1,6,1,6,6,6,1,1,6,6,1,1,6,1,6,6,1,1,1,9,9,1,1,1,6,6,6,1,6,6,1,1,1,1,6,6,1,1,1,1,1,6,6,1,6,1,1,6,6,6,6,1,1,6,6,1,1,6,1,1,6,6,6,6,6,6,6,1,6,1,6,1,1,1,1,6,6,6,1,1,6,6,6,1,6,6,6,6,6,6,6,6,6,1,6,1,6,1,1,1,1,6,6,1,1,6,1,6,6,6,6,6,1,1,6,1,1,1,1,1,6,1,1,1,1,6,6,1,1,1,1,6,6,1,6,1,1,6,1,1,6,1,6,6,6,6,1,1,6,1,1,1,6,6,1,1,1,6,6,6,9,9,9,6,6,6,1,6,1,6,6,6,1,6,6,6,6,6,1,1,1,1,6,6,1,6,1,1,6,6,6,1,1,1,6,6,6,6,6,6,1,1,6,1,1,1,1,6,6,6,6,1,6,6,6,1,6,1,1,6,9,1,6,6,1,1,1,1,7,1,6,6,6,1,1,1,6,6,6,6,6,6,6,1,6,6,6,6,6,1,6,6,6,6,6,1,6,1,1,6,6,6,6,6,1,1,1,6,6,6,1,1,6,6,6,1,1,6,6,1,1,1,1,6,6,9,9,9,9,9,9,1,1,6,6,1,1,7,1,1,6,6,6,6,1,6,1,1,1,6,1,6,1,1,6,1,1,1,1,1,1,1,6,6,1,1,1,1,1,1,1,1,1,1,1,1,1,6,1,1,1,1,6,1,1,1,1,1,1,1,1,1,1,1,6,1,1,1,6,6,6,6,1,6,1,1,1,1,1,1,1,1,1,1,1,1,1,1,1,1,1,1,1,1,1,6,1,1,6,6,1
56,20508,LIPINSKI,100,6,6,6,1,6,1,6,6,6,1,6,1,1,1,1,1,1,1,1,6,1,6,1,1,6,6,1,1,1,1,6,6,1,6,1,1,1,1,1,1,1,1,1,6,1,1,1,1,1,6,6,1,6,6,6,6,6,7,1,1,6,1,1,1,1,1,6,6,6,6,6,6,6,6,6,6,6,1,1,6,6,6,6,6,1,1,6,6,6,6,6,6,6,6,6,1,6,1,1,6,1,6,6,1,1,1,1,1,1,1,1,1,6,6,6,1,1,1,6,6,1,1,1,1,6,1,6,6,6,6,6,6,6,6,1,6,6,6,1,1,1,1,1,1,1,1,6,1,1,1,6,1,1,1,1,1,6,1,1,6,6,6,1,1,1,1,6,6,1,1,1,1,1,1,6,6,1,6,6,1,6,1,1,1,6,1,6,6,1,6,6,1,1,1,1,6,6,6,6,6,6,6,6,1,6,1,6,1,1,6,6,6,6,1,1,6,6,6,1,1,1,1,6,6,1,1,1,6,6,1,1,1,1,6,1,1,1,1,6,6,1,1,6,1,6,1,1,1,1,1,6,6,1,1,6,1,1,6,6,6,1,6,6,1,1,1,1,1,1,6,6,1,6,6,6,1,1,1,1,1,6,1,1,1,1,1,6,6,6,6,6,1,1,6,6,6,6,6,9,9,6,6,1,1,6,1,1,1,1,6,6,6,1,1,6,6,1,6,1,1,1,1,1,6,6,1,1,1,1,6,6,1,6,6,1,6,1,6,6,1,6,1,1,1,1,6,6,1,1,1,6,6,6,6,6,6,1,6,1,1,6,1,1,1,1,6,6,6,6,1,6,6,6,6,1,1,1,1,1,1,6,6,1,1,1,1,1,1,1,6,6,6,6,1,1,1,6,1,1,1,6,1,1,6,6,1,6,1,6,6,6,1,6,6,6,6,1,6,1,1,1,1,1,1,6,6,6,6,1,1,6,1,1,6,6,1,1,1,1,1,6,6,1,6,6,6,6,6,1,6,6,6,6,6,6,6,6,1,6,1,1,6,6,1,6,6,6,6,6,1,6,1,6,1,1,1,6,6,1,6,6,1,6,1,6,6,6,6,1,1,6,1,6,1,1,6,6,1,1,1,1,1,1,1,1,1,6,6,6,6,6,6,1,6,1,1,1,6,1,1,1,1,6,6,1,1,6,1,1,1,6,6,1,1,1,6,6,6,1,1,1,1,1,1,6,1,6,1,1,6,6,6,6,6,6,6,1,1,6,6,1,1,1,1,1,1,1,1,1,1,6,6,1,1,1,1,1,1,6,1,6,6,1,1,1,1,6,6,1,1,6,6,1,1,6,1,6,1,6,6,6,6,6,1,1,1,1,1,6,6,1,1,6,1,6,6,1,1,6,1,6,9,9,9,6,6,1,1,1,1,6,6,1,1,1,6,1,1,6,6,1,6,6,6,1,1,6,1,1,6,1,6,1,1,1,1,1,6,6,1,1,6,1,6,6,1,1,1,6,1,1,1,1,1,6,6,6,6,1,1,1,1,1,6,1,1,6,6,1,1,6,1,1,1,1,6,6,6,1,1,6,1,6,6,1,1,6,1,1,1,1,1,6,6,6,6,6,6,6,1,1,6,1,1,1,1,1,6,6,1,1,1,1,1,6,6,6,1,1,6,6,1,1,1,6,6,6,6,6,1,1,1,1,6,6,6,1,1,1,6,6,6,1,6,6,6,6,1,1,1,1,1,1,6,6,6,1,1,6,6,1,1,1,1,6,1,6,1,1,6,6,6,6,6,1,6,1,1,1,1,1,6,6,6,1,6,1,6,6,1,6,6,1,9,9,9,9,9,9,9,9,9,9,9,9,9,1,6,1,6,6,1,1,1,9,1,1,1,1,6,6,1,1,6,6,6,1,1,1,6,6,1,1,1,1,1,6,6,1,6,1,1,6,6,1,6,6,1,6,6,1,1,6,1,1,9,9,9,9,6,6,6,1,6,6,1,1,1,1,1,9,6,6,1,1,1,6,6,1,1,6,6,6,6,6,6,6,6,1,6,1,6,1,1,1,1,6,6,1,1,6,1,6,6,6,6,6,1,1,6,1,1,1,1,1,6,1,1,1,1,6,6,1,1,1,1,6,6,1,6,1,1,6,1,6,6,1,6,6,6,6,1,1,6,1,1,1,6,6,1,1,1,6,1,1,9,9,9,6,6,6,1,1,1,1,6,6,1,6,6,6,6,6,1,1,1,1,6,6,1,1,1,1,6,6,6,1,1,1,6,6,6,6,1,1,1,6,1,1,1,1,1,6,6,6,6,1,6,6,6,1,6,1,1,6,9,9,6,6,1,1,1,1,7,1,6,6,6,1,1,1,6,6,6,6,6,6,6,1,6,6,6,6,6,1,6,6,6,6,6,1,6,9,9,9,9,6,6,1,1,1,1,6,1,6,1,1,1,6,6,1,1,6,6,1,1,1,1,1,1,1,1,1,6,1,1,1,1,6,6,1,1,1,1,1,6,6,1,1,1,6,1,1,1,6,1,6,1,1,9,9,9,9,9,1,1,1,6,6,1,1,1,9,9,9,9,9,9,9,9,9,9,9,9,1,1,1,1,1,1,1,1,1,1,1,1,1,1,1,6,1,1,1,6,6,6,6,1,6,1,9,9,9,9,1,1,1,1,1,1,1,6,1,1,1,1,1,1,1,1,6,1,1,6,6,1
57,20517,CLEAVER,100,6,6,6,1,6,1,6,6,6,1,6,1,1,1,1,1,1,1,1,6,1,6,1,1,6,6,1,1,1,6,6,6,1,9,9,9,9,9,9,9,9,9,9,9,1,1,1,1,1,6,6,1,6,6,6,9,9,9,1,1,6,6,1,6,9,1,6,6,6,6,6,6,6,6,6,6,6,1,1,6,6,6,6,6,1,1,6,6,6,6,6,6,6,6,9,6,6,6,1,6,1,6,6,1,1,1,1,1,1,1,1,1,6,6,9,6,1,1,6,6,1,6,1,1,6,9,9,9,9,9,9,9,9,9,9,9,6,6,1,9,1,1,1,1,1,1,6,1,1,1,6,1,1,1,1,1,6,1,1,6,6,6,6,1,1,1,6,6,1,1,1,9,9,9,6,6,1,6,6,1,6,1,1,1,6,1,6,6,6,6,6,1,6,1,1,6,9,6,6,6,6,6,6,1,6,1,6,1,1,6,6,6,6,1,1,6,6,6,1,9,1,1,9,6,1,1,6,6,6,1,1,1,6,6,1,1,1,1,6,6,1,1,6,1,6,6,1,1,1,1,6,6,6,1,6,1,1,6,6,6,1,6,6,6,1,1,6,1,1,6,6,9,6,6,6,1,1,1,1,1,6,1,6,1,1,1,6,6,6,6,6,1,1,6,6,6,6,6,1,1,6,6,1,1,6,1,6,1,1,6,6,6,1,6,6,6,1,6,1,6,1,1,1,6,6,1,1,1,1,6,6,6,6,6,1,6,1,6,6,1,6,1,6,9,1,6,6,1,1,9,9,9,9,9,9,9,9,9,9,9,9,9,9,9,9,9,9,9,9,9,9,9,9,9,9,9,9,1,1,1,6,6,1,1,6,1,1,1,1,6,6,6,6,1,1,1,6,1,1,1,6,1,1,1,6,6,6,1,6,6,6,1,6,6,6,6,1,6,1,1,1,1,1,1,6,6,6,6,1,1,1,1,1,6,6,1,1,1,1,1,6,6,6,6,6,6,6,6,1,6,6,6,6,6,6,6,6,1,1,1,1,6,6,1,1,6,6,6,6,1,6,1,6,1,1,1,6,6,1,6,6,1,6,1,6,6,6,6,1,1,6,1,6,1,1,6,6,1,1,1,1,1,1,1,1,1,6,6,6,6,6,6,1,6,9,9,9,9,9,9,9,9,9,9,9,9,9,9,6,1,6,6,6,1,1,6,6,6,1,1,6,6,1,1,6,6,1,6,1,6,6,1,1,6,1,6,9,1,6,6,1,1,1,1,1,1,1,1,1,1,6,6,1,1,1,1,1,1,6,1,6,6,1,1,1,1,6,6,1,1,6,6,1,1,6,1,6,1,6,6,6,6,6,1,6,1,1,1,6,6,1,1,6,1,6,6,1,1,6,1,6,1,1,1,6,6,6,1,6,6,6,6,1,1,1,6,1,1,6,6,1,6,6,6,1,1,6,1,1,6,1,6,1,9,1,6,1,6,6,1,1,6,1,6,6,1,6,1,6,1,9,1,1,6,6,6,6,6,6,1,1,1,6,6,1,1,6,6,1,1,6,1,6,1,6,6,6,6,1,1,6,6,6,6,1,6,6,6,1,1,1,1,9,9,1,6,6,6,6,1,6,1,1,6,1,1,1,6,6,1,1,6,1,6,6,6,6,6,1,6,6,1,1,6,6,7,6,6,6,1,6,1,1,6,6,6,1,1,1,6,6,6,6,6,6,6,6,1,1,7,6,7,6,6,6,6,1,1,6,6,1,1,1,6,6,1,6,9,9,9,9,9,9,9,9,9,9,9,1,1,9,9,6,6,1,6,1,6,6,1,6,6,1,1,6,1,6,1,6,6,6,1,1,6,6,1,1,6,7,6,6,1,1,1,1,1,1,1,6,6,6,6,1,1,6,1,1,1,1,6,6,1,1,1,1,1,6,6,1,6,1,1,6,6,1,6,1,1,6,9,1,1,6,1,1,6,6,6,6,6,6,6,1,6,1,1,6,1,1,1,6,6,6,1,1,6,6,6,6,6,6,6,6,6,6,6,6,9,6,6,1,6,6,1,1,1,6,6,9,1,6,1,6,6,6,6,1,1,1,6,1,6,6,1,1,6,6,1,1,1,6,6,6,1,1,1,6,6,6,6,1,1,6,1,1,6,1,6,6,6,6,1,1,6,1,1,6,6,6,1,1,6,6,6,6,1,1,6,6,6,6,1,6,1,1,6,6,1,6,6,6,6,6,1,1,1,1,6,6,1,6,1,1,6,6,6,1,1,1,6,6,6,6,6,6,1,1,6,1,1,1,1,6,6,6,6,1,6,6,6,1,6,1,1,6,9,9,6,6,1,1,1,1,6,1,6,6,6,1,1,1,6,6,6,6,6,6,6,1,6,6,6,6,6,1,6,6,6,6,6,1,6,1,1,6,6,6,6,6,1,1,1,6,1,6,1,1,6,6,6,1,1,6,6,1,1,1,1,6,6,1,1,1,9,9,9,1,1,6,6,1,1,7,1,6,6,6,6,6,1,6,1,1,1,6,1,6,1,1,6,1,1,1,1,1,1,1,6,6,1,1,1,1,1,1,9,1,1,1,1,1,1,6,1,1,1,1,1,1,1,1,1,1,1,1,1,1,1,1,1,1,1,1,6,6,6,6,1,6,1,1,1,1,1,1,1,1,1,1,1,1,1,9,1,1,1,1,1,1,1,6,1,1,6,6,1
58,20518,FORTENBERRY,200,1,1,1,6,1,6,1,1,1,1,1,6,6,6,6,6,6,6,6,1,6,1,1,1,1,1,1,6,6,1,1,1,1,1,1,6,6,6,6,6,6,6,6,1,6,6,6,6,6,1,1,6,1,1,1,6,1,1,1,1,1,1,6,1,1,1,1,1,1,1,1,1,1,1,1,1,1,1,1,1,1,1,1,1,1,1,1,1,1,1,1,1,1,1,1,1,1,1,1,1,1,1,1,1,6,6,6,6,6,6,6,6,1,1,1,1,6,6,1,1,6,1,6,6,1,1,1,1,1,1,6,1,6,6,1,1,1,1,6,6,6,6,6,6,6,6,1,6,6,6,1,6,6,6,6,6,1,1,1,1,1,1,1,6,6,6,1,1,1,1,1,9,9,9,9,9,9,1,1,1,1,6,1,6,9,1,1,1,1,1,1,1,1,1,1,1,1,1,1,1,1,1,1,6,1,6,1,1,1,1,1,1,1,6,1,1,1,1,1,1,1,1,1,1,1,1,1,1,1,1,1,1,1,1,1,1,1,1,1,1,1,6,1,1,1,1,1,6,1,1,1,1,1,1,1,1,1,1,1,1,1,1,1,1,1,6,1,1,1,1,1,1,1,1,1,1,1,6,6,6,1,6,1,1,1,1,1,1,1,1,1,6,1,1,1,1,1,1,1,1,1,1,1,6,1,1,1,1,1,1,1,1,6,1,1,1,6,1,1,1,1,1,1,1,1,1,1,1,1,1,1,1,1,1,6,1,1,1,1,6,1,6,1,1,1,1,1,1,6,6,1,6,1,1,6,6,6,6,6,6,1,6,6,6,6,6,6,1,1,6,1,1,1,1,1,6,1,1,1,1,1,1,1,6,6,6,6,6,6,1,1,1,1,6,6,6,1,6,6,6,1,1,6,6,1,1,1,1,1,1,1,1,1,1,6,6,6,1,6,6,1,6,1,1,1,1,6,6,9,9,9,9,9,9,1,1,1,1,1,1,1,1,1,1,6,6,6,6,1,6,6,1,6,1,6,1,1,6,6,6,6,1,1,6,6,6,6,6,6,6,6,6,6,6,6,1,1,1,1,6,6,6,1,1,1,1,1,1,1,1,6,1,6,6,6,6,1,6,6,1,6,1,1,6,6,6,6,6,6,6,1,6,6,1,6,1,1,6,6,6,6,6,6,6,1,6,1,1,1,1,1,1,1,6,6,1,1,1,1,6,1,1,1,1,1,1,6,1,1,1,1,6,6,6,6,1,1,1,1,1,1,1,6,1,1,6,1,1,1,1,1,1,1,6,6,6,6,6,1,1,1,1,1,9,9,9,9,1,1,1,1,1,6,6,1,6,1,1,1,1,1,1,1,6,1,1,1,1,1,1,1,6,1,9,1,1,1,6,1,1,1,1,1,1,1,1,1,6,1,1,1,1,1,1,1,1,1,1,1,1,6,6,1,1,6,6,1,1,6,1,9,1,6,1,1,1,1,1,1,1,6,1,1,1,1,1,1,1,1,1,1,1,6,1,1,1,1,1,1,6,1,6,1,1,1,1,1,1,1,6,1,1,1,1,1,1,1,1,1,6,1,1,1,1,1,1,1,1,1,1,1,1,6,6,6,1,1,1,1,1,1,6,6,1,1,1,1,1,1,1,1,1,1,1,1,1,1,1,6,1,1,1,1,1,6,1,1,1,1,1,1,1,1,1,1,1,1,1,1,1,1,1,1,1,1,1,1,1,1,1,1,1,1,1,1,1,1,1,1,1,1,1,6,1,1,6,6,1,1,1,1,1,1,1,6,1,1,1,1,1,6,1,1,1,6,1,6,1,1,1,1,1,1,6,1,6,1,6,1,1,1,1,1,1,1,1,6,1,1,1,1,1,1,1,1,1,1,1,1,1,1,1,6,1,1,1,1,1,1,1,1,1,1,1,1,1,1,1,6,1,1,6,6,1,1,1,6,9,6,1,6,1,1,1,1,1,1,1,1,1,1,1,6,1,6,1,1,1,1,1,1,1,1,1,1,1,1,1,1,6,6,6,1,6,1,1,6,6,1,1,6,1,1,1,1,1,1,1,1,6,1,1,1,1,1,6,6,1,6,1,1,1,1,1,6,1,1,1,1,1,9,9,9,9,9,9,9,9,9,1,6,1,6,6,6,6,1,6,6,1,1,6,6,1,1,1,1,1,1,1,1,1,1,1,1,1,1,1,1,1,1,6,1,6,1,1,1,6,1,1,1,1,1,6,1,1,1,1,1,1,1,1,6,1,1,1,6,1,6,6,1,1,1,6,6,1,6,6,6,1,1,1,1,1,1,1,6,1,1,1,6,1,1,6,1,1,1,1,1,1,1,1,1,1,1,1,1,6,6,1,6,6,1,1,1,6,6,1,1,6,6,6,1,1,6,1,1,1,6,1,6,1,1,1,1,1,1,1,1,1,1,6,1,1,1,1,6,1,1,1,6,1,1,1,6,6,6,6,1,1,1,1,1,1,1,1,1,1,1,1,1,1,1,1,1,1,1,1,1,6,1,1,1,1,1,1,1,1,1,1,1,1,1,1,1,1,1,1,1,6,1,1,1,1,1,1,1,1,1,1,1,1,1,1,1,1,1,1,1,1,1,1,1,1,1,1,1,1,1,1,1,1,1,1,1,1,1,1,1,1,1,1,1,1,1,1,1,9,1,1,1,1,1,1,1,1,1,1,1,1,1,1,1,1,1,1
59,20519,HIGGINS,100,6,9,6,1,6,1,6,6,6,1,6,1,1,1,1,1,1,1,1,6,1,6,1,1,6,6,1,1,1,1,6,6,1,6,6,1,1,1,1,1,1,1,1,6,1,1,1,1,1,6,6,1,6,6,6,1,6,6,1,1,6,6,1,6,1,1,6,6,6,6,6,6,6,6,6,6,6,1,1,6,6,6,6,9,1,1,6,6,6,6,6,6,6,6,6,6,6,6,1,6,1,6,6,1,1,1,1,1,1,1,1,1,6,6,6,6,1,1,6,6,1,6,1,1,6,1,6,6,6,6,1,6,9,1,1,1,6,6,1,1,1,1,1,1,1,1,6,1,1,1,6,1,1,1,1,1,6,9,9,9,6,6,6,1,1,1,6,6,9,9,9,1,1,1,6,6,1,6,6,1,6,1,1,1,6,1,6,6,1,9,6,1,6,1,1,6,6,6,6,6,6,6,6,1,6,1,6,1,1,6,6,6,6,1,1,6,6,6,1,1,1,1,6,6,1,1,1,6,6,1,1,1,1,6,1,1,1,1,6,6,1,1,6,1,6,6,1,1,1,1,6,6,6,1,6,9,1,6,6,9,9,6,6,1,1,1,1,1,1,6,6,1,6,6,6,1,1,1,1,1,6,1,1,9,9,9,6,6,6,6,6,1,1,6,6,6,6,6,1,1,6,6,1,1,6,1,6,1,1,9,9,9,9,9,6,6,1,6,1,6,6,1,1,6,6,1,1,1,1,6,6,6,6,6,1,6,1,6,6,1,6,1,1,1,1,6,6,1,1,1,6,6,6,6,6,6,1,1,6,1,1,1,1,6,1,6,6,6,6,6,6,6,6,6,1,1,1,1,1,1,6,6,1,1,1,1,1,1,1,6,6,6,6,1,1,1,6,1,1,1,6,1,1,1,6,6,6,1,6,6,6,1,6,6,6,6,1,6,1,1,1,1,1,1,6,6,6,6,1,1,1,1,1,6,6,1,1,9,9,1,9,9,9,6,6,6,6,6,1,6,6,6,6,6,6,6,6,1,6,1,1,6,6,1,1,6,6,6,6,1,6,1,6,1,1,1,6,6,1,6,6,1,6,1,6,6,6,6,1,1,6,1,6,1,1,6,6,1,1,1,1,1,6,1,1,1,6,6,6,6,6,6,1,6,1,6,6,6,1,1,1,1,6,6,1,1,6,1,6,1,6,6,1,1,1,6,6,6,1,1,6,6,1,1,6,6,1,6,1,6,6,1,1,6,1,6,1,1,6,6,1,1,1,1,1,1,1,1,1,1,6,6,1,1,1,1,1,1,6,1,6,6,6,1,1,1,6,6,1,1,6,6,1,1,6,1,6,1,6,6,6,6,1,1,6,1,1,1,6,6,6,1,6,1,6,6,1,1,6,1,6,1,1,1,6,6,1,1,6,1,6,6,1,1,1,6,1,6,6,6,1,6,6,6,1,1,6,1,1,6,9,6,1,1,1,1,6,6,6,1,1,6,1,6,6,1,6,1,6,1,1,1,1,6,6,6,6,6,6,1,6,1,6,6,1,1,6,6,1,1,6,1,1,1,1,6,6,6,1,1,6,6,6,6,1,6,6,6,1,1,1,1,9,9,9,6,6,6,6,1,6,6,1,1,1,1,1,6,6,1,1,6,1,6,6,6,6,6,1,6,6,1,6,6,6,9,9,9,9,9,6,1,1,6,6,6,1,1,1,6,6,6,6,6,6,6,6,1,1,1,1,6,6,6,6,1,1,1,6,6,1,1,1,6,6,1,6,1,1,6,6,6,6,6,1,6,6,1,1,1,1,6,6,6,1,6,1,6,6,1,6,6,1,1,6,1,6,1,6,6,6,1,1,6,6,1,1,6,1,6,6,1,1,1,1,1,1,1,1,6,6,6,1,6,6,6,1,1,1,6,6,1,1,1,1,1,6,6,1,6,1,1,1,6,6,6,1,1,6,6,1,1,9,1,1,6,6,6,6,6,6,6,1,6,6,1,9,1,1,1,6,6,6,1,1,6,6,6,6,6,6,6,6,6,6,6,6,6,1,6,1,6,9,1,1,1,6,6,6,1,6,1,6,6,6,6,6,1,1,6,1,6,1,1,1,6,1,1,1,1,6,6,1,1,1,1,6,6,1,6,1,1,6,1,1,6,1,6,6,6,6,1,1,6,1,1,1,6,6,1,1,6,6,6,6,1,1,1,6,6,6,1,6,1,1,6,6,1,6,6,6,6,6,1,1,1,1,6,6,1,6,1,1,6,6,6,1,1,1,1,6,6,6,6,6,1,1,1,1,1,1,1,6,6,6,6,1,1,6,6,1,6,1,1,6,1,1,6,6,1,1,1,1,7,1,6,6,6,1,1,1,6,6,6,6,6,6,6,1,6,6,6,6,6,1,6,6,6,6,6,1,6,1,1,6,6,6,6,6,1,1,1,6,6,6,1,1,1,6,6,1,1,6,6,1,1,1,1,6,6,1,1,1,6,1,1,1,1,6,6,1,1,6,1,1,6,6,6,6,1,6,1,1,9,6,1,6,1,1,6,1,1,1,1,1,1,1,6,6,6,1,1,1,1,1,1,1,1,1,1,1,1,6,1,1,1,1,1,9,1,1,1,9,1,1,1,1,1,1,6,1,1,1,6,6,6,6,1,6,1,1,1,1,1,1,1,1,1,1,1,1,1,1,1,1,1,1,1,1,1,6,1,1,6,6,1
60,20521,FOXX,200,1,1,1,6,1,6,1,1,1,1,1,6,6,6,6,6,6,6,6,1,6,1,1,1,1,1,6,6,6,1,1,1,1,1,1,6,6,6,6,6,6,6,6,1,6,6,6,6,6,1,1,6,1,1,1,6,1,1,1,1,1,1,6,1,1,1,1,1,1,1,1,1,1,1,1,1,1,1,1,1,1,1,1,1,1,1,1,1,1,1,1,1,1,1,1,1,1,1,1,1,1,1,1,1,6,6,6,6,6,6,6,6,1,1,1,1,6,6,1,1,6,1,6,6,1,1,1,1,1,1,6,1,6,6,1,1,1,1,6,6,6,6,6,6,6,6,1,6,6,6,1,6,6,6,6,6,1,1,1,1,1,1,6,6,6,6,1,1,1,1,6,1,1,1,1,1,1,1,1,1,1,6,1,6,1,1,1,1,6,1,1,1,6,1,1,1,1,1,1,1,1,1,1,6,1,6,1,1,1,1,1,1,1,6,1,1,1,1,1,1,1,1,1,1,1,1,6,1,1,1,1,1,6,1,1,1,1,1,1,1,1,6,1,6,1,1,1,6,1,6,1,1,6,1,1,1,1,1,1,1,1,1,1,1,1,6,1,1,1,1,1,1,1,1,1,1,1,6,6,6,1,6,1,1,1,1,1,1,1,1,1,6,1,1,1,1,1,1,1,1,1,1,6,6,1,1,1,1,1,1,1,1,6,1,1,1,6,1,1,1,1,1,1,1,1,6,1,1,1,1,1,6,1,1,6,1,1,1,1,6,1,6,1,1,1,1,1,1,6,6,1,6,1,1,1,6,6,6,6,6,1,6,6,1,6,1,1,1,1,6,1,1,1,1,1,6,1,1,1,1,1,1,1,6,6,6,6,6,6,1,1,1,1,6,6,6,1,6,6,6,1,1,6,6,1,1,1,1,1,1,1,1,1,1,6,6,6,1,6,6,6,6,6,6,1,1,1,1,6,6,6,6,6,1,1,1,1,1,1,1,1,1,6,1,1,1,1,1,6,1,1,1,1,1,1,1,1,6,6,6,6,1,1,6,6,1,1,6,1,6,1,6,1,6,6,6,1,1,6,6,1,6,1,1,1,1,1,1,6,6,1,6,6,6,6,1,1,6,6,6,6,6,6,6,6,6,1,6,6,6,1,6,6,1,6,1,1,6,6,6,6,6,6,1,6,6,1,1,1,1,1,1,6,6,6,1,1,1,1,6,1,1,1,1,1,1,6,1,1,1,1,6,6,6,6,1,1,1,1,1,1,1,6,1,6,6,1,1,1,6,1,1,1,6,6,6,6,6,1,1,1,1,6,6,6,6,1,1,1,1,1,1,6,6,1,6,1,1,1,1,1,1,1,6,1,1,1,6,1,1,6,6,1,1,1,1,1,6,1,1,1,1,1,6,1,1,6,6,1,1,1,1,1,1,1,1,1,1,1,1,6,1,1,1,6,6,1,1,6,1,6,1,6,1,1,6,1,1,1,1,6,1,1,1,1,1,6,1,1,1,1,1,6,1,1,1,1,1,1,6,1,6,1,1,1,1,1,1,1,6,1,1,1,1,6,1,1,1,1,6,1,6,1,1,1,6,1,6,1,1,1,1,6,6,6,1,1,1,1,1,6,6,6,1,1,1,1,1,1,1,1,1,1,6,1,1,1,1,6,1,1,1,1,1,6,1,1,1,1,1,1,1,1,1,1,1,1,1,6,1,1,1,1,1,1,1,1,1,1,6,1,6,1,1,1,6,1,1,1,1,1,1,6,1,1,6,1,1,1,1,1,1,1,1,6,1,6,1,1,1,6,1,1,1,6,1,6,1,1,1,1,1,1,6,1,6,1,6,1,1,1,1,1,1,1,1,6,1,6,1,1,1,1,1,1,1,1,1,6,1,1,1,6,1,1,1,1,1,1,1,1,1,1,1,1,6,1,1,6,1,1,6,6,1,6,1,6,1,1,1,6,1,1,1,1,1,1,1,1,1,1,1,6,1,6,1,6,1,1,1,1,1,1,1,1,1,1,1,6,1,1,1,1,1,1,1,1,6,6,1,6,1,6,1,1,1,1,1,6,6,1,1,1,1,1,6,6,6,6,1,1,6,6,1,6,1,1,1,1,1,1,1,6,6,1,1,1,1,6,1,6,6,1,6,6,6,6,1,1,1,1,6,6,1,1,1,6,1,1,1,1,1,1,1,1,1,1,6,1,1,1,6,1,6,1,1,1,6,1,1,1,1,1,6,1,1,1,1,1,1,1,1,6,6,1,1,6,1,6,1,1,1,1,6,6,6,6,6,6,1,1,1,1,1,1,1,6,1,1,1,6,1,1,6,1,1,1,1,1,1,1,1,1,1,1,1,1,1,6,6,6,1,1,1,1,1,1,1,6,1,1,1,6,1,6,1,1,1,1,1,6,1,1,1,1,1,1,1,1,6,1,6,1,1,1,1,6,1,1,1,6,1,1,1,6,6,6,6,1,1,1,1,1,1,1,1,1,1,1,1,1,1,1,6,1,1,1,1,1,6,1,1,1,1,1,1,1,1,1,1,6,1,1,1,1,1,1,1,1,6,6,1,1,1,1,1,1,1,1,1,1,1,1,1,1,1,1,1,1,1,1,1,1,1,1,1,1,1,1,1,1,1,1,1,1,1,1,1,1,1,1,1,1,1,1,1,1,1,9,1,1,6,1,1,1,1,1,1,1,1,1,1,1,6,1,6
61,20522,McHENRY,200,1,1,1,6,1,6,1,1,1,1,1,6,6,6,6,6,6,6,6,1,6,1,1,1,1,1,1,6,6,1,1,1,1,1,1,6,6,6,6,6,6,6,6,1,6,6,6,6,6,1,1,6,1,1,1,6,1,1,1,1,1,1,6,1,1,1,1,1,1,1,1,1,1,1,1,1,1,1,1,1,1,1,1,1,1,1,1,1,1,1,1,1,1,1,1,1,1,1,1,1,1,1,1,1,6,6,6,6,6,6,6,6,1,1,1,1,6,6,1,1,6,1,6,6,1,1,1,1,1,1,6,1,6,6,1,1,1,1,6,6,6,6,6,6,6,6,1,6,6,6,1,6,6,6,6,6,1,1,1,1,1,1,1,6,6,6,1,1,1,1,1,1,1,1,1,1,1,1,1,1,1,6,1,6,1,1,1,1,1,1,1,1,1,1,1,1,1,1,1,1,1,1,1,6,1,6,1,1,1,1,1,1,1,6,1,1,1,1,1,1,1,1,1,1,1,1,1,1,1,1,1,1,1,1,1,1,1,1,1,1,1,6,1,1,1,1,1,1,1,1,1,1,1,1,1,1,1,1,1,1,1,1,1,1,1,6,1,1,1,1,1,1,1,1,1,1,1,6,6,6,1,6,1,1,1,1,1,1,1,1,1,6,1,1,1,1,1,1,1,1,1,1,1,6,1,1,1,1,1,1,1,1,6,1,1,1,6,1,1,1,1,1,1,1,1,1,1,1,1,1,1,1,1,6,6,1,1,1,1,6,1,6,1,1,1,1,1,1,6,6,1,6,1,1,1,6,6,6,6,6,1,6,6,6,6,1,1,1,1,6,1,1,1,1,1,6,1,1,1,1,1,1,1,6,6,6,6,6,6,1,1,1,1,6,6,6,1,6,6,6,1,1,6,6,1,1,1,1,1,1,1,1,1,1,6,6,6,1,6,6,6,6,6,6,1,1,1,1,6,6,6,6,6,1,1,1,1,1,1,1,1,1,1,1,1,1,6,1,6,1,1,1,1,1,6,1,1,6,6,6,6,1,1,6,6,1,1,6,6,6,1,6,1,6,6,6,1,1,1,1,1,6,1,1,1,1,1,1,6,6,1,6,6,6,6,1,1,6,6,6,6,6,1,6,6,6,1,6,1,1,1,1,6,1,6,1,1,1,6,6,6,6,1,1,1,6,1,1,1,1,1,1,1,6,6,1,1,1,1,6,1,1,1,1,1,1,6,1,1,1,1,6,6,1,6,1,1,1,1,1,1,1,6,1,1,6,1,1,1,1,1,1,1,6,6,6,6,6,1,1,1,1,1,6,6,6,1,1,1,1,1,1,6,6,1,6,1,1,1,1,1,1,1,6,1,1,1,1,1,1,1,6,1,1,1,1,1,6,1,1,1,1,1,1,1,1,1,6,1,1,1,1,1,1,1,1,1,1,1,1,6,1,1,1,6,6,1,1,6,1,1,1,6,1,1,1,1,1,1,1,6,1,1,1,1,1,1,1,1,1,1,1,6,1,1,1,1,1,1,6,1,6,1,1,1,1,1,1,1,6,1,1,1,1,1,1,1,1,1,6,1,1,1,1,1,1,1,1,1,1,1,1,9,9,9,9,9,9,9,9,9,9,9,9,9,1,1,1,1,1,1,1,1,1,1,1,1,1,6,1,1,1,1,1,6,1,1,1,1,1,1,1,1,1,1,1,1,1,1,1,1,1,1,1,1,1,1,1,1,1,1,1,1,1,1,1,1,1,1,1,1,1,6,1,1,6,1,1,1,1,1,1,1,1,6,1,1,1,1,1,6,1,1,1,6,1,6,1,1,1,1,1,1,6,1,6,1,6,1,1,1,1,1,1,1,1,6,1,1,1,1,1,1,1,1,9,1,1,1,1,1,1,6,1,1,1,1,1,1,1,1,1,1,1,1,1,1,1,6,1,1,6,6,1,6,1,6,1,1,1,6,1,1,1,1,1,1,1,1,1,1,1,6,1,6,1,1,1,1,1,1,1,1,1,1,1,1,1,1,6,6,6,1,1,1,1,6,1,1,1,6,1,1,1,1,1,1,1,1,6,1,1,1,1,1,6,6,6,6,1,1,1,1,1,6,1,1,1,1,1,1,1,1,6,1,1,1,1,1,1,6,6,1,6,6,6,6,1,6,1,1,6,6,1,1,1,1,1,1,1,1,1,1,1,1,1,1,1,1,1,1,6,1,6,1,1,1,6,1,1,1,1,1,6,1,1,1,1,1,1,1,1,6,1,1,1,6,1,6,6,1,1,1,6,6,1,6,6,6,1,1,1,1,1,1,1,6,1,1,1,6,1,1,6,1,1,1,1,1,1,1,1,1,1,1,1,1,6,6,6,6,1,1,6,1,1,1,1,6,1,1,6,1,1,6,1,1,1,1,1,6,1,9,9,1,1,1,1,1,1,1,6,1,1,1,1,6,1,1,1,6,1,1,1,6,6,6,6,1,1,1,1,1,1,1,1,1,1,1,1,1,1,1,1,1,1,1,1,1,6,1,1,1,1,1,1,1,1,1,1,1,1,1,1,1,1,1,1,1,1,1,1,9,9,9,9,9,9,9,9,9,9,1,1,1,1,1,1,1,1,1,1,1,1,1,1,1,1,1,1,1,1,1,1,1,1,1,9,1,1,1,1,1,1,1,1,1,1,1,1,1,1,1,1,1,1,1,9,1,1,1,1,1,1,1,1
62,20527,GOHMERT,200,1,1,1,6,1,6,1,1,1,6,1,6,6,6,6,6,6,6,6,1,6,1,1,1,1,1,9,6,6,1,1,1,6,1,1,6,6,6,6,6,6,6,6,1,6,6,6,6,6,1,1,6,1,1,1,6,1,1,6,1,1,1,6,1,1,1,1,1,1,1,1,1,1,1,1,1,1,1,1,1,1,1,1,1,1,1,1,1,1,1,1,1,1,1,1,1,1,1,1,1,9,1,1,6,6,6,6,6,6,6,6,6,6,1,1,1,6,6,1,1,6,1,6,6,1,1,1,1,1,1,6,1,6,6,1,6,1,1,6,6,6,6,6,6,6,6,1,6,6,6,1,6,6,6,6,6,1,1,1,1,1,1,9,6,6,6,1,1,1,1,9,1,1,1,1,1,1,1,1,1,1,6,1,6,1,1,1,1,9,1,6,1,9,1,1,1,1,1,1,1,1,1,1,6,1,6,1,9,9,1,1,1,1,6,1,1,1,1,1,1,1,1,1,1,1,1,9,1,1,1,1,1,9,1,1,1,1,1,1,1,1,6,1,9,9,1,1,6,1,9,1,1,9,1,1,1,1,1,1,1,1,1,1,9,9,6,1,1,1,1,1,1,1,1,1,1,1,6,6,6,1,6,1,1,1,1,9,1,1,1,1,6,1,1,1,1,1,1,1,1,1,1,9,6,1,1,9,1,6,1,1,1,6,1,1,1,6,1,6,6,6,1,1,1,1,9,1,1,1,1,1,9,1,6,6,6,1,1,1,6,1,6,1,1,1,1,6,6,6,6,1,6,1,1,1,6,6,6,6,6,1,6,6,6,6,1,1,1,1,6,1,1,1,1,1,6,6,1,1,1,1,1,1,6,6,6,6,6,6,1,1,1,1,6,6,6,1,6,6,6,1,6,6,6,1,6,1,1,1,1,1,1,1,1,1,1,6,1,6,6,6,6,6,6,1,1,1,1,6,6,6,6,6,1,1,1,1,6,1,1,1,1,9,1,1,1,1,6,9,1,1,1,1,1,1,1,1,6,6,6,6,1,1,6,6,1,1,1,1,6,1,6,1,1,6,6,1,1,1,1,1,6,1,1,1,1,1,1,6,6,1,6,6,6,6,1,1,6,6,6,6,6,1,6,6,6,6,1,1,1,1,1,6,1,6,1,1,1,6,6,6,6,1,1,6,6,1,1,1,1,1,1,9,6,6,1,1,1,1,6,1,1,1,1,1,1,6,1,1,1,1,6,6,1,6,1,1,1,1,1,1,1,6,1,6,6,1,1,6,9,1,1,1,6,6,6,6,6,1,1,1,1,9,6,6,6,1,1,1,1,1,1,6,6,1,6,1,1,1,1,1,1,1,6,1,9,1,9,1,1,9,6,1,1,1,1,1,6,1,1,1,9,1,9,1,1,9,6,1,1,1,1,1,1,1,1,1,1,1,1,6,1,1,1,9,6,1,1,6,1,9,1,6,1,1,9,1,6,6,1,6,6,1,1,1,1,7,1,6,6,9,9,6,1,1,1,1,1,1,6,1,6,1,1,6,6,1,1,6,6,1,1,1,1,9,1,1,1,1,6,1,9,1,1,1,9,1,1,1,1,1,1,6,6,6,1,1,1,1,1,6,1,1,6,1,1,1,1,1,1,1,6,1,6,1,1,1,1,6,1,1,6,1,1,6,9,9,1,1,1,1,1,1,1,1,1,1,1,6,1,1,1,1,1,1,1,1,1,1,6,9,9,1,1,1,6,1,1,1,1,1,1,6,1,1,6,1,1,6,1,1,1,1,1,6,1,6,1,1,1,9,9,1,1,6,1,6,1,1,1,1,1,1,6,1,6,1,6,1,1,1,1,1,1,1,1,6,1,6,1,6,1,1,6,1,1,1,1,6,1,1,1,6,1,6,1,1,1,1,1,1,1,1,1,6,6,1,1,1,1,1,6,1,1,1,1,6,1,1,1,6,6,1,1,1,1,1,1,1,1,1,1,6,1,6,1,6,1,1,1,1,1,1,1,1,1,9,9,9,9,9,9,9,9,9,9,9,9,9,9,9,9,9,1,1,1,1,9,6,6,1,1,1,1,1,6,6,6,6,1,1,6,6,1,6,1,1,1,1,1,1,1,6,6,1,6,1,1,6,1,6,6,1,6,6,1,6,1,1,1,1,6,6,1,9,1,6,1,1,1,6,1,1,9,9,6,1,6,1,1,1,6,6,6,6,1,6,6,6,1,1,1,6,6,6,1,1,1,1,1,1,1,6,6,1,1,6,1,1,1,1,1,1,1,1,6,6,6,6,1,6,1,1,1,1,1,6,1,1,1,6,1,1,6,1,1,1,1,1,1,1,1,6,1,1,1,1,1,6,6,6,6,1,1,1,1,1,1,6,1,1,1,1,1,6,1,1,1,1,1,6,1,1,1,1,1,1,1,1,6,1,6,1,1,9,9,6,1,9,9,6,1,1,1,1,6,6,6,1,1,1,1,1,1,1,9,1,1,1,6,6,6,1,1,6,1,1,1,1,6,1,9,1,1,6,1,1,6,1,1,6,1,1,1,1,1,1,1,6,7,6,1,1,1,1,1,1,1,6,1,1,6,1,6,6,1,1,1,1,1,1,1,1,1,1,1,1,1,6,1,1,1,1,1,1,1,1,1,1,1,1,1,1,1,1,1,1,1,6,6,6,6,1,1,6,1,6,1,6,1,1,1,1,1,1,1
63,20528,POE,200,1,1,1,6,1,9,9,1,1,1,1,6,6,6,6,6,6,6,6,1,6,1,1,1,1,1,6,6,6,1,1,1,6,1,1,6,6,6,6,6,6,6,6,1,6,6,6,6,6,1,1,6,1,1,1,6,1,1,1,1,1,1,6,1,1,1,1,1,1,1,1,1,1,1,1,1,1,9,9,9,9,9,9,9,1,1,1,1,1,1,1,9,9,1,1,1,1,1,1,1,6,1,1,6,6,6,6,6,6,6,6,6,1,1,1,1,6,6,1,1,6,9,6,6,1,1,1,1,1,1,6,1,6,6,1,6,1,1,6,6,6,6,6,6,6,6,6,6,6,6,1,6,6,6,6,6,6,1,1,1,1,1,6,6,6,6,1,1,6,1,6,1,1,1,1,1,1,1,1,1,1,6,1,6,1,1,1,1,6,1,1,1,6,1,1,1,1,1,1,1,1,1,1,6,1,6,1,1,1,1,1,1,1,9,9,1,1,1,1,1,1,1,1,1,1,1,6,1,1,1,1,1,6,1,1,1,1,1,1,1,1,6,1,6,1,1,1,6,1,6,1,1,6,1,1,1,9,1,1,1,1,1,1,1,1,6,1,1,1,1,1,1,1,1,1,1,1,6,6,6,1,6,1,1,1,9,1,1,1,1,1,1,1,1,1,1,1,1,9,9,1,1,6,6,1,1,1,1,6,1,1,1,6,1,1,1,6,1,6,1,1,1,1,1,1,6,1,1,1,1,1,6,6,6,6,6,1,1,1,6,1,6,1,1,1,1,1,1,6,6,1,6,1,1,1,6,6,6,6,6,1,6,6,6,6,1,1,1,1,6,1,1,1,1,1,6,1,1,1,1,1,1,1,6,6,6,6,6,6,1,1,1,1,6,6,6,1,6,6,6,1,1,6,6,1,9,9,9,1,1,1,1,1,1,1,1,6,1,6,6,6,6,6,1,1,1,1,1,6,6,6,6,6,1,1,1,1,9,9,1,1,1,1,1,1,1,1,1,6,6,6,1,1,1,6,1,1,1,6,1,6,1,1,6,6,1,1,1,1,6,1,6,1,1,6,6,1,1,1,1,1,6,1,9,9,9,9,9,9,9,9,6,1,6,6,1,1,6,6,6,6,6,6,6,6,1,1,1,1,1,1,1,6,1,6,1,1,1,6,6,6,6,1,1,6,6,1,1,1,1,1,1,6,6,6,1,1,1,1,6,1,1,1,1,1,1,6,1,1,9,1,6,6,1,6,1,1,1,1,1,1,1,6,1,1,6,1,1,1,6,1,1,1,6,6,6,6,6,1,1,1,1,6,6,6,6,1,1,1,1,1,1,6,6,1,6,1,1,1,1,1,1,1,6,1,1,1,6,1,1,6,6,1,1,1,1,1,6,1,1,1,9,9,9,1,1,6,6,1,1,1,1,1,1,1,1,1,1,1,1,6,1,1,1,6,6,1,1,6,1,6,1,6,1,1,6,1,1,1,1,6,1,1,1,1,1,6,1,1,1,1,1,6,1,1,1,1,1,1,6,1,6,1,1,1,1,1,1,1,6,1,1,1,1,6,1,1,1,1,6,1,6,1,1,1,6,1,1,1,1,1,1,6,6,6,9,1,1,1,1,1,1,6,6,1,9,9,9,9,9,9,9,9,9,1,1,1,1,6,1,1,1,1,1,6,1,1,1,1,1,1,1,1,1,1,9,1,1,6,1,1,1,1,1,1,1,1,1,1,6,1,6,1,1,1,1,1,1,1,1,1,1,6,1,1,6,1,1,1,1,1,1,1,1,6,1,1,1,1,1,6,9,9,9,9,9,9,9,1,1,1,1,1,6,1,6,1,6,1,1,1,9,9,1,1,1,6,1,6,1,1,1,1,6,1,9,1,1,6,1,1,1,6,1,1,1,1,1,1,1,1,1,1,9,1,1,1,1,6,1,1,6,1,1,6,1,6,1,1,1,6,1,1,9,9,9,9,9,9,1,1,1,6,1,6,1,6,1,1,1,1,1,9,9,1,1,1,1,6,6,6,1,1,1,1,1,1,1,6,1,6,1,6,9,9,9,1,1,6,6,1,1,1,1,1,6,6,6,6,1,1,1,1,1,6,1,1,1,1,1,1,1,6,6,1,1,1,1,6,1,6,6,1,6,6,1,6,1,1,1,1,6,6,1,1,1,6,1,1,1,1,1,1,1,1,6,1,6,1,1,1,6,1,6,1,1,1,6,1,1,1,1,1,6,1,1,1,1,1,1,1,1,6,6,1,1,6,1,1,1,1,1,1,6,6,6,6,6,6,1,1,1,1,1,1,1,6,1,1,1,6,1,1,6,1,9,9,1,1,1,1,1,1,1,1,1,1,1,6,6,6,6,1,1,1,1,1,1,6,1,1,1,1,1,6,1,1,1,1,1,6,1,1,1,1,1,1,1,1,1,1,6,1,1,1,1,9,9,9,9,9,9,9,9,6,6,6,6,1,1,1,1,1,1,1,1,1,1,1,1,1,1,1,1,1,1,1,1,1,6,1,1,1,1,1,9,9,1,1,1,1,9,1,1,1,1,1,1,1,6,1,1,1,1,1,1,1,1,1,1,1,1,1,1,1,6,9,1,1,1,1,1,1,1,1,6,1,1,6,6,1,1,1,9,1,1,1,1,1,9,9,9,9,9,9,9,9,9,9,9,9,9,9,9,9,9,9,9,9,9,9,9,9,9,9,9
64,20529,GREEN,100,6,6,6,1,6,1,6,6,6,6,6,1,1,1,1,1,1,1,1,6,1,6,1,1,6,6,1,1,1,6,9,9,9,6,6,1,1,1,1,1,1,1,1,6,1,1,1,1,1,6,6,1,6,6,6,1,6,6,1,1,6,6,1,6,9,9,6,6,6,6,6,6,6,6,6,6,6,1,1,6,6,6,6,6,1,1,6,6,6,6,1,6,6,6,6,6,6,6,1,6,1,6,6,1,1,1,1,1,1,1,1,1,6,9,9,6,1,1,6,6,1,6,1,1,6,1,6,6,6,6,6,6,6,6,1,6,6,6,1,1,1,1,1,1,1,1,6,1,1,1,6,1,1,1,1,1,6,1,1,6,6,6,6,1,1,1,6,6,1,1,1,1,1,1,6,6,1,6,6,1,6,1,1,1,6,1,6,6,6,6,6,1,6,1,1,6,6,6,6,6,6,6,6,1,6,1,6,1,1,6,6,6,6,1,6,9,6,6,6,1,1,1,6,6,1,1,1,6,6,1,1,1,6,6,1,1,1,1,6,6,1,1,6,1,6,6,1,1,1,1,6,6,6,1,6,1,1,6,6,6,1,6,6,6,1,1,6,1,1,6,6,1,6,6,6,1,1,1,1,1,6,1,6,1,1,1,6,9,9,6,6,1,6,6,9,6,6,6,1,1,6,6,1,1,6,6,6,1,1,6,6,6,1,1,6,6,1,6,1,6,1,1,1,6,6,1,1,1,1,6,6,1,6,6,1,6,1,6,6,1,6,1,6,1,1,6,6,1,1,1,6,6,6,6,6,6,1,1,1,1,6,1,1,6,1,6,6,6,6,6,6,6,6,6,1,1,1,1,1,1,6,6,1,1,1,1,1,1,1,6,6,6,6,1,1,1,6,1,1,1,6,6,1,1,6,6,6,1,9,9,6,1,6,6,6,6,1,6,1,1,1,1,1,1,6,6,6,6,1,1,1,1,1,6,6,1,1,1,1,1,6,6,1,6,6,6,6,6,1,6,6,6,6,6,6,6,6,1,1,1,1,6,6,1,1,6,6,6,6,1,6,1,6,1,1,1,6,6,1,6,6,6,6,1,6,6,6,6,1,1,6,1,6,1,1,6,6,1,1,1,1,1,1,1,1,1,6,6,6,6,6,6,1,6,1,6,6,6,1,1,1,1,6,6,1,1,6,1,1,1,6,6,6,1,1,6,6,6,1,1,1,6,1,1,6,6,1,6,1,6,6,1,1,6,1,6,1,1,6,6,1,1,1,1,1,1,1,1,1,1,6,6,1,1,1,1,1,1,6,1,6,6,6,1,1,1,6,6,1,1,6,6,1,1,6,1,6,1,6,6,6,6,6,1,6,1,1,1,6,6,1,1,6,1,6,6,1,1,6,1,6,1,1,1,6,6,6,1,6,1,6,6,1,1,1,6,1,6,6,6,1,6,6,6,1,1,6,1,1,6,6,6,1,1,1,6,6,6,6,1,1,6,1,6,6,1,1,1,6,1,1,1,1,6,6,6,6,6,6,1,6,1,6,9,9,1,6,6,1,1,6,1,6,1,1,6,6,6,1,1,6,6,6,6,1,6,6,1,1,1,1,1,1,1,1,6,6,6,6,1,6,1,1,6,1,1,1,6,6,1,1,6,1,6,6,6,6,6,1,6,6,1,6,6,6,6,6,6,6,1,6,1,1,6,6,6,1,1,6,6,6,6,6,6,6,6,6,1,1,6,6,6,6,6,6,1,1,1,6,6,1,1,1,6,6,1,6,1,1,6,6,6,6,6,1,6,1,1,1,1,1,6,6,6,1,6,1,6,6,1,6,6,1,1,6,1,6,1,6,6,6,1,1,6,6,1,1,6,6,6,6,1,1,1,1,1,1,1,6,6,6,6,1,6,6,6,1,1,1,6,6,1,1,1,1,1,6,6,1,6,1,1,6,6,1,6,1,1,6,6,1,1,6,1,1,6,6,6,6,6,6,6,1,6,1,6,6,1,1,1,6,6,6,1,1,1,6,6,6,6,6,6,6,6,6,6,6,6,1,6,1,6,6,1,1,1,6,6,6,1,6,6,6,6,6,6,6,1,6,6,1,1,1,1,1,6,1,1,1,1,6,6,6,1,1,1,6,6,6,6,1,1,6,6,1,6,1,6,6,6,6,1,1,6,9,9,9,9,9,1,1,6,6,6,6,9,9,9,6,6,6,1,6,1,1,6,6,1,6,6,6,6,6,1,1,1,1,6,6,1,6,1,1,6,6,6,1,1,6,6,6,6,6,6,6,1,1,1,1,1,1,1,6,6,6,6,1,6,6,6,1,6,6,1,6,1,1,6,6,1,1,1,1,6,1,6,6,6,1,1,1,6,6,6,6,6,6,6,1,6,6,6,6,6,1,6,6,6,6,6,1,6,1,1,6,6,6,6,6,1,1,1,6,6,6,1,1,6,6,6,1,1,6,6,1,1,1,1,1,6,1,1,1,6,1,1,1,1,6,6,1,1,7,1,6,6,6,6,6,1,6,1,1,1,6,1,6,1,1,6,1,1,1,1,1,1,1,6,6,6,1,1,1,1,1,1,1,1,1,1,1,1,6,1,1,1,1,1,1,1,1,1,1,1,1,1,1,1,1,6,1,1,1,6,6,6,6,1,6,1,1,1,1,1,1,1,1,1,1,1,1,6,1,1,1,1,1,1,1,1,6,1,1,6,6,1
65,20530,McCAUL,200,1,1,1,6,1,6,1,1,1,1,1,6,6,6,6,6,6,6,6,1,6,1,1,1,1,9,1,6,6,1,1,1,1,1,6,6,6,6,6,6,6,6,6,1,6,6,6,6,6,1,1,6,1,1,1,6,1,1,1,1,1,1,6,1,1,1,1,1,1,1,1,1,1,1,1,1,1,1,1,1,1,1,1,1,9,9,9,9,9,9,9,1,1,1,1,1,1,1,1,1,1,1,1,1,6,6,6,6,9,6,6,6,1,1,1,1,6,6,1,1,6,1,6,6,1,1,1,1,1,1,6,1,6,6,1,1,1,1,9,6,6,6,6,6,6,6,1,6,6,6,1,6,6,6,6,6,1,9,9,9,1,1,1,6,6,6,1,1,6,1,1,1,1,1,1,1,1,1,1,1,1,6,1,6,1,1,1,1,1,1,1,1,1,1,1,1,1,1,1,1,1,1,1,6,1,6,1,1,1,1,1,1,1,6,1,1,1,1,1,1,1,1,1,1,1,1,1,1,1,1,1,1,1,1,1,1,1,1,1,1,1,6,1,1,1,1,1,1,1,1,1,1,1,1,1,1,1,1,1,1,1,1,1,1,1,6,1,1,1,1,1,1,1,1,1,1,1,6,6,6,1,6,1,1,1,1,1,1,1,1,1,6,1,1,1,1,1,1,1,1,1,1,1,6,1,1,1,1,1,1,1,1,6,1,1,1,6,1,1,1,1,1,1,1,1,1,1,1,1,1,1,1,1,1,6,1,1,1,1,6,1,6,1,1,1,1,1,1,6,6,1,6,1,1,1,6,6,6,6,6,1,6,6,6,6,1,1,1,1,6,1,1,1,1,1,6,1,1,1,1,1,1,1,6,6,6,6,6,6,1,1,1,1,6,6,6,1,6,6,6,1,1,6,6,1,9,9,9,1,1,1,1,1,1,1,1,1,1,6,6,6,6,6,1,1,1,1,1,6,6,6,6,6,1,1,1,1,1,1,1,1,1,1,1,1,1,1,6,6,6,6,1,6,1,1,1,1,6,6,6,6,1,1,6,6,1,1,6,1,6,1,6,1,6,6,6,1,1,1,1,1,6,1,1,1,1,1,1,6,6,1,6,6,6,6,1,1,6,6,6,6,6,6,6,6,1,1,1,1,1,1,1,6,1,6,1,1,1,6,6,6,6,1,1,6,6,1,1,1,1,1,1,9,6,6,1,1,1,1,6,1,1,1,1,1,1,6,1,1,1,1,6,6,1,6,1,1,1,9,1,1,9,6,1,1,6,1,1,1,1,1,1,1,6,6,6,6,6,1,1,1,1,1,6,6,6,1,1,1,1,1,1,6,6,1,6,1,1,1,1,1,1,1,6,1,1,1,1,1,1,1,6,1,1,1,1,1,6,1,1,1,1,1,1,1,1,1,6,1,1,1,1,1,1,1,1,1,1,1,1,6,1,1,1,6,6,1,1,6,1,1,1,6,1,1,1,1,1,1,1,6,1,1,1,1,1,1,1,1,1,1,1,6,1,1,1,1,1,1,6,1,6,1,1,1,1,1,1,1,6,1,1,1,1,9,1,1,1,1,6,1,1,1,1,1,1,1,1,1,1,1,1,6,6,6,1,1,1,1,1,1,6,6,1,1,1,9,1,1,1,1,1,1,1,1,1,1,1,6,1,1,1,1,1,6,1,1,1,1,1,1,1,1,1,1,1,1,1,1,1,1,1,1,1,1,1,1,1,1,1,1,1,1,1,1,1,1,1,1,1,1,1,6,1,1,6,1,1,1,1,1,1,1,1,6,1,1,1,1,1,6,1,1,1,6,1,6,1,1,1,1,1,1,6,1,6,1,6,1,1,1,1,1,1,9,1,6,1,1,1,1,1,1,1,1,1,1,1,1,1,1,1,6,1,1,1,1,1,1,9,1,1,1,1,1,1,1,1,6,1,1,6,6,1,6,1,6,1,6,1,6,1,1,1,1,1,1,1,1,1,1,1,6,1,6,1,1,1,1,1,1,1,1,1,1,1,1,1,1,6,6,6,1,6,1,1,6,6,1,1,6,1,1,1,1,1,1,1,1,6,1,1,1,1,1,6,6,6,6,1,1,6,6,1,6,1,1,1,1,1,1,1,1,6,1,1,1,1,1,1,6,6,6,6,6,1,6,1,1,1,1,6,6,1,1,1,1,1,1,1,1,1,1,1,1,1,1,1,1,1,1,6,1,6,1,1,1,6,1,1,1,1,1,6,1,1,1,1,1,1,1,1,6,1,1,1,6,1,1,6,1,1,1,1,1,1,6,6,6,1,1,1,1,1,1,1,6,1,1,1,6,1,1,6,1,1,1,1,1,1,1,1,1,1,1,1,1,1,6,6,6,6,1,1,1,1,1,1,6,1,1,1,1,1,6,1,1,1,1,1,6,1,1,1,1,1,1,1,1,1,1,6,1,1,1,1,6,1,1,1,6,1,1,1,6,6,6,6,1,1,9,1,1,1,1,1,1,1,1,1,1,1,1,1,1,1,1,1,1,6,1,1,1,1,1,1,1,1,1,1,1,1,1,1,1,1,1,1,1,1,1,1,1,1,1,1,1,1,1,1,1,1,1,1,1,1,1,1,1,1,1,1,1,1,1,1,1,1,1,1,1,1,1,1,1,9,1,1,1,1,1,1,1,1,1,1,1,1,1,1,1,1,1,1,1,1,1,1,1,1,1,1,1,1,1,1
66,20531,CONAWAY,200,1,1,1,6,1,6,1,1,1,1,1,6,6,6,6,6,6,6,6,1,6,1,1,1,1,1,6,6,6,1,1,1,1,1,1,6,6,6,6,6,6,6,6,1,6,6,6,6,6,1,1,6,1,1,1,6,1,1,1,1,1,1,6,1,1,1,1,1,1,1,1,1,1,1,1,1,1,1,1,1,1,1,1,1,1,1,1,1,1,1,1,1,1,1,1,1,1,1,1,1,6,1,1,1,6,6,6,6,6,6,6,6,1,1,1,1,6,6,1,1,6,1,6,6,1,1,1,1,1,1,6,1,6,6,1,1,1,1,6,6,6,6,6,6,6,6,1,6,6,6,1,6,6,6,6,6,1,1,1,1,1,1,6,6,6,6,1,1,1,1,6,1,1,1,1,1,1,1,1,1,1,6,1,6,1,1,1,1,6,1,1,1,6,1,1,1,1,1,1,1,1,1,1,6,1,6,1,1,1,1,1,1,1,6,1,1,1,1,1,1,1,1,1,1,1,1,6,1,1,1,1,1,6,1,1,1,1,1,1,1,1,6,1,6,1,1,1,1,1,6,1,1,1,1,1,1,1,1,1,1,1,1,1,1,1,6,1,1,1,1,1,1,1,1,1,1,1,6,6,6,1,6,1,1,1,1,1,1,1,1,1,6,1,1,1,1,1,1,1,1,1,1,6,6,1,1,1,1,1,1,1,1,6,1,1,1,6,1,1,1,1,1,1,1,1,6,1,1,1,1,1,6,1,6,6,1,1,1,1,6,1,6,1,1,1,1,1,1,6,6,1,6,1,1,1,6,6,6,6,6,1,6,6,6,6,1,1,1,1,1,1,1,1,1,1,6,1,1,1,1,1,1,1,6,6,6,6,6,6,1,1,1,1,6,6,6,1,6,6,6,1,1,6,6,1,1,1,1,1,1,1,1,1,1,6,6,6,1,6,6,6,6,6,6,1,1,1,1,6,1,6,6,6,1,1,1,1,1,1,1,1,1,6,1,1,1,1,1,6,1,1,1,1,1,1,1,1,6,6,6,6,1,1,6,6,1,1,1,1,6,1,6,1,6,6,6,1,1,1,1,1,6,1,1,1,1,1,1,1,6,1,6,6,6,6,1,1,6,6,6,6,6,6,6,6,6,6,1,1,1,1,1,6,1,6,1,1,1,6,6,6,6,1,1,6,6,1,1,1,1,1,1,6,6,6,1,1,1,1,6,1,1,1,1,1,1,6,1,1,1,1,6,6,1,6,1,1,1,1,1,1,1,6,1,1,6,1,1,1,6,1,1,1,6,6,6,6,6,1,1,1,1,1,6,6,6,1,1,1,1,1,1,6,6,1,6,1,1,1,1,1,1,1,6,1,1,1,6,1,1,6,6,1,1,1,1,1,6,1,1,1,1,1,6,1,1,6,6,1,1,1,1,1,1,1,1,1,1,1,1,6,1,1,1,6,6,1,1,6,1,6,1,6,1,1,6,1,1,1,1,6,1,1,1,1,1,6,1,1,1,1,1,6,1,1,1,1,1,1,6,1,6,1,1,1,1,1,1,1,6,1,1,1,1,6,1,1,1,1,6,1,6,1,1,1,6,1,1,1,1,1,1,9,6,6,1,1,1,1,1,1,6,6,1,1,1,1,1,1,1,1,1,1,6,1,1,1,1,6,1,1,1,1,1,6,1,1,1,1,1,1,1,1,1,1,1,1,1,6,1,1,1,1,1,1,1,1,1,1,1,1,6,1,1,1,1,1,1,1,1,1,1,6,1,1,6,1,1,1,1,1,1,1,1,6,1,1,1,1,1,6,1,1,1,6,1,6,1,1,1,1,1,1,6,1,6,1,6,1,1,1,1,1,1,1,1,6,1,6,1,1,1,1,1,1,1,1,1,6,1,1,1,6,1,1,1,1,1,1,1,1,1,1,1,1,1,1,1,6,1,1,6,6,1,6,1,6,1,1,1,6,1,1,1,1,1,1,1,1,1,1,1,6,1,6,1,6,1,1,1,1,1,1,1,1,1,1,1,6,6,6,6,1,6,1,1,6,6,1,1,6,1,1,1,1,1,1,1,6,6,1,1,1,1,1,6,6,6,6,1,1,6,6,1,6,1,1,1,1,1,1,1,6,6,1,1,1,1,6,1,6,6,6,6,6,6,6,1,6,1,1,6,6,1,1,1,6,1,1,1,1,1,1,1,1,1,1,6,1,1,1,6,1,6,1,1,1,6,1,1,1,1,1,6,1,1,1,1,1,1,1,1,6,1,1,1,6,1,1,6,1,1,1,1,1,1,6,6,6,1,1,1,1,1,1,1,6,1,1,1,6,1,1,6,1,1,1,1,1,1,1,1,1,1,1,1,1,1,6,6,6,6,1,1,1,1,1,1,6,1,1,1,1,1,6,1,1,1,1,1,6,1,1,1,1,1,1,1,1,6,1,6,1,1,1,1,6,1,1,1,6,1,1,1,6,6,6,6,1,1,1,1,1,1,1,1,1,1,1,1,1,1,1,1,1,1,1,1,1,6,1,1,1,1,1,1,1,1,1,1,6,1,1,1,1,1,1,1,1,1,1,1,1,1,1,1,1,1,1,1,1,1,1,1,1,1,1,1,1,1,1,1,1,1,1,1,1,1,1,1,1,1,1,9,1,1,1,1,1,1,1,1,1,1,1,1,1,1,1,1,1,1,1,1,6,1,1,1,1,1,1,1,1,6,1,1
67,20532,MARCHANT,200,1,9,1,6,1,6,1,1,1,1,1,6,6,6,6,6,6,6,6,1,6,1,1,1,1,1,6,6,6,1,1,1,1,1,1,1,6,6,6,6,6,6,6,1,6,9,6,6,6,1,1,6,1,1,1,6,1,1,1,1,1,1,6,1,9,9,1,1,1,1,1,1,1,1,1,1,1,1,1,1,9,1,1,1,1,1,1,1,1,1,1,1,1,1,1,1,1,1,1,1,6,1,1,1,6,6,6,6,6,6,6,6,1,1,1,1,6,6,1,1,6,9,6,6,1,1,1,1,1,1,6,1,9,6,1,1,1,1,6,6,6,6,6,6,6,6,1,6,6,6,1,6,6,6,6,6,1,1,1,1,1,1,9,6,6,6,1,1,1,1,6,9,9,9,9,9,9,9,9,9,1,6,1,6,1,1,1,1,1,1,1,1,1,1,1,1,1,1,1,1,1,1,1,6,9,6,1,1,1,1,1,1,1,6,1,1,1,1,1,1,1,1,1,9,1,1,9,1,1,1,1,1,1,9,1,1,1,1,1,1,1,6,1,1,1,1,1,6,1,6,1,1,1,1,1,1,1,1,1,1,1,1,1,1,1,6,1,1,1,1,1,1,1,1,1,1,1,6,6,6,1,6,1,1,1,1,1,1,1,1,1,6,1,1,1,1,1,1,1,1,1,1,1,6,1,1,1,9,9,1,1,1,6,1,1,1,6,1,6,1,1,9,9,1,1,6,1,1,1,1,1,1,1,1,6,1,1,1,1,6,1,6,1,1,1,1,1,1,6,6,1,6,1,1,1,6,6,6,6,6,1,6,6,1,6,1,1,1,1,6,1,1,1,1,1,6,1,1,1,1,1,1,1,6,6,6,6,6,6,1,1,1,1,6,6,6,1,6,6,6,1,1,6,6,1,1,1,1,1,1,1,1,1,1,1,1,1,1,6,6,6,6,6,1,1,1,1,1,6,6,6,6,6,1,1,1,1,1,1,1,1,1,1,1,1,1,1,1,6,1,1,1,1,1,1,1,1,6,6,6,6,1,1,6,6,1,1,6,1,6,1,6,1,6,6,6,1,1,1,1,1,6,1,1,1,1,1,1,6,6,1,1,6,6,6,1,1,6,6,6,6,6,6,6,6,6,1,1,1,1,1,1,6,1,6,1,1,1,6,6,6,6,1,1,6,6,1,1,1,1,1,1,1,6,6,1,1,1,9,6,1,1,1,1,1,9,6,1,1,1,1,6,6,1,6,1,1,1,9,1,1,1,6,1,6,6,1,1,1,1,9,1,1,6,6,6,6,6,1,1,1,1,1,6,6,6,1,1,1,1,1,1,6,6,1,6,1,1,1,9,1,1,1,6,1,1,1,6,1,1,6,6,1,1,1,1,1,6,1,1,1,1,1,6,1,1,6,6,1,1,1,1,1,1,1,1,1,1,1,1,6,1,1,1,6,6,1,1,9,9,9,1,6,1,1,6,1,1,1,1,6,1,1,1,1,1,6,1,1,6,1,1,6,1,1,1,1,1,1,9,9,9,9,1,1,1,1,1,1,6,1,1,1,1,1,1,1,1,1,6,1,6,1,1,1,1,1,1,1,1,1,1,6,6,6,1,1,1,1,1,1,6,6,1,1,1,1,1,1,1,1,6,1,6,1,1,1,1,6,1,1,1,1,1,6,1,1,1,1,1,1,1,1,1,1,1,1,1,1,1,1,1,1,1,1,1,1,1,1,6,1,9,1,1,1,1,1,1,1,1,1,1,6,1,1,6,1,1,1,1,1,1,1,1,6,1,1,1,9,9,9,9,1,1,6,1,6,1,1,9,1,1,1,6,1,6,1,6,1,1,1,9,9,1,1,1,6,1,6,1,1,1,1,1,1,1,1,1,9,1,1,1,6,1,1,1,1,1,1,1,1,1,1,9,1,1,1,1,6,1,1,6,6,1,6,1,6,1,6,9,6,1,1,1,1,1,1,1,1,1,1,1,6,1,9,9,9,1,1,1,1,1,1,1,1,1,1,1,6,6,6,6,1,6,1,1,6,6,1,1,6,1,9,1,1,1,1,1,1,6,1,1,1,1,1,6,6,6,6,1,1,6,6,1,6,1,1,1,1,1,1,1,1,6,1,1,1,1,1,1,6,6,6,6,6,1,6,1,1,1,1,6,6,1,9,9,9,1,1,1,1,1,1,9,9,1,1,6,1,1,1,6,1,6,1,1,1,6,1,1,1,1,1,9,9,9,9,1,1,1,1,1,6,6,9,1,6,1,1,1,1,1,1,6,6,6,6,6,6,1,1,1,1,1,1,1,6,1,1,1,6,1,1,9,9,9,9,1,1,1,1,1,1,1,1,1,1,1,6,6,6,1,1,1,1,1,1,1,6,1,1,1,1,1,6,1,1,1,1,1,6,1,1,1,1,1,1,1,1,1,1,6,1,1,1,1,6,1,1,1,6,1,1,1,6,6,6,6,1,1,1,1,1,1,1,1,1,1,1,1,1,6,1,1,1,1,1,1,1,6,1,1,1,1,1,1,1,1,1,1,1,1,9,9,1,1,1,1,1,1,1,1,9,9,9,9,9,9,9,9,9,9,1,1,6,1,1,1,1,1,1,1,1,1,1,1,1,1,1,1,1,1,1,1,1,1,1,1,1,1,1,1,1,1,1,1,1,1,1,1,1,1,1,1,1,1,1,1,1,1,1,1,1,1,1,1
68,20533,CUELLAR,100,6,6,6,1,6,1,1,6,6,1,6,1,1,1,1,1,1,1,1,6,1,1,1,1,6,6,1,1,1,1,6,6,1,6,1,1,1,1,1,1,1,1,1,1,1,1,1,1,1,1,6,1,1,6,6,6,6,1,1,1,6,6,1,1,1,1,6,6,6,6,1,1,6,6,1,1,1,1,1,6,6,1,6,6,1,1,6,6,6,6,1,6,6,1,1,6,1,6,1,6,1,6,6,1,6,1,1,1,9,1,1,1,1,6,6,1,1,1,6,1,1,1,1,1,1,1,6,6,6,6,6,6,6,6,1,6,6,6,1,1,1,1,1,1,1,1,6,1,1,1,6,1,1,1,1,1,1,1,1,6,6,6,1,1,1,1,1,1,1,1,1,1,1,1,6,6,1,6,6,1,6,1,1,1,1,1,6,6,6,6,6,1,1,1,1,6,6,6,6,6,6,6,6,1,1,1,6,1,1,6,6,6,6,1,1,6,6,6,1,1,1,1,6,6,1,1,1,6,6,1,1,1,1,6,1,9,9,9,6,6,1,1,6,1,6,6,1,1,1,1,6,6,6,1,6,1,1,6,6,6,1,6,6,1,1,1,1,1,1,6,6,1,6,6,6,1,1,1,1,1,1,1,1,1,1,1,6,6,6,6,6,6,1,1,1,1,1,6,1,1,6,6,1,1,1,1,1,1,1,6,6,6,1,1,6,6,6,1,1,1,1,1,1,6,6,1,1,1,1,6,6,1,1,1,1,6,1,6,6,1,1,1,1,1,1,6,6,1,1,1,1,6,6,6,1,6,1,6,1,1,6,1,6,6,1,6,6,6,6,6,6,6,6,6,1,1,1,1,1,1,6,6,1,1,1,1,6,6,1,1,6,6,6,6,6,1,1,6,1,1,1,1,1,1,1,6,6,1,6,6,6,1,6,6,6,6,1,6,6,6,6,1,1,1,6,6,6,6,1,1,6,1,1,6,6,1,1,1,1,1,6,6,1,6,1,6,6,6,1,6,6,6,6,1,6,6,6,1,1,1,6,6,6,6,6,6,6,6,6,6,1,1,6,1,6,1,1,6,1,6,6,6,6,1,6,6,1,1,1,1,6,1,6,1,1,6,1,1,1,1,1,1,1,1,1,1,6,6,6,6,1,6,1,6,1,1,6,6,1,6,1,6,6,6,1,1,6,1,1,1,6,6,1,1,1,1,6,6,1,1,1,1,1,1,6,6,1,1,1,6,6,6,6,6,6,6,1,1,6,6,1,1,6,1,1,1,1,1,1,1,6,6,1,1,1,1,1,1,1,1,6,6,1,1,1,1,1,6,1,1,6,6,6,1,1,1,1,1,6,6,6,6,1,1,1,1,1,1,6,6,6,1,1,1,9,9,9,9,9,9,9,1,1,1,6,6,1,1,6,1,6,6,1,1,1,6,1,1,6,6,1,1,6,6,1,1,1,1,1,1,6,6,1,1,1,6,1,1,1,1,1,1,1,6,6,1,1,1,6,1,1,1,1,1,6,6,6,6,1,1,1,1,1,6,1,1,6,6,1,1,6,1,1,1,1,6,6,6,1,1,1,1,6,6,1,1,6,1,1,1,1,1,6,6,6,6,6,6,1,1,1,6,1,1,1,9,9,6,6,1,1,1,1,1,6,6,6,6,1,1,1,1,1,1,6,1,6,6,6,1,1,1,1,6,6,6,1,1,6,6,6,6,1,6,6,6,6,1,1,1,1,1,1,6,6,1,1,1,6,6,1,1,1,1,1,6,1,1,1,6,6,6,6,6,1,1,1,1,1,1,1,1,6,6,1,1,1,1,1,1,6,6,1,1,1,1,1,6,1,6,6,1,1,6,6,1,1,1,1,6,6,1,1,1,1,1,1,1,6,6,6,1,1,1,1,1,1,1,1,6,6,1,1,1,1,1,6,6,1,1,1,1,6,6,6,1,1,1,6,1,1,1,6,1,1,6,6,1,6,6,6,1,1,1,6,1,6,9,9,9,6,6,6,1,1,1,6,6,1,6,6,6,6,6,6,6,6,6,1,1,1,6,6,1,1,1,6,6,6,1,1,1,1,6,6,6,6,1,1,6,1,6,6,1,6,6,1,1,1,1,6,6,6,1,1,1,6,6,1,6,1,6,6,6,6,6,1,6,6,1,6,1,1,6,1,1,9,6,6,1,1,1,6,1,1,1,1,1,6,6,6,1,1,1,1,6,6,1,6,6,6,6,6,1,1,9,1,6,6,1,1,1,1,6,6,6,1,1,1,6,6,6,6,6,6,1,1,6,1,1,1,1,6,6,6,6,1,1,6,6,1,1,1,1,1,1,1,6,6,1,1,1,1,1,1,6,6,6,1,1,1,6,1,1,1,6,1,1,1,6,1,6,6,6,1,6,6,6,6,1,1,6,1,1,6,6,6,6,1,1,1,1,1,1,6,1,1,1,6,6,1,1,6,6,1,1,1,6,1,1,1,1,1,6,1,1,1,1,6,6,1,1,1,1,1,6,6,1,1,1,6,1,1,1,6,1,1,1,1,6,1,1,1,1,1,1,1,6,6,1,1,1,1,1,1,1,1,1,1,1,1,1,6,1,1,1,1,1,1,9,1,1,1,1,1,1,1,1,1,6,1,1,1,6,6,6,6,1,6,1,1,1,1,1,1,1,1,1,1,1,1,1,1,1,1,1,1,1,1,1,6,1,1,6,6,1
69,20535,McMORRI,200,1,1,1,6,1,6,1,1,1,1,1,6,6,6,6,6,6,6,6,1,6,1,1,1,1,1,1,6,6,1,1,1,1,1,1,6,6,6,6,6,6,6,6,1,6,6,6,6,6,1,1,6,1,1,1,6,1,1,1,1,1,1,6,1,1,1,1,1,1,1,1,1,1,1,1,1,1,1,1,1,1,1,1,1,1,1,1,1,1,1,1,1,1,1,1,1,1,1,1,1,1,1,1,1,6,6,6,6,6,6,6,6,1,1,1,1,6,6,1,1,6,1,6,6,1,1,1,1,1,1,6,1,6,6,1,1,1,1,6,6,6,6,6,6,6,6,1,6,6,6,1,6,6,6,6,6,1,1,1,1,1,1,1,6,6,6,1,1,1,1,1,1,1,1,1,1,1,1,1,1,1,6,1,6,1,1,1,1,1,1,1,1,1,1,1,1,1,1,1,1,1,1,1,6,1,6,1,1,1,1,1,1,1,6,1,1,1,1,1,1,1,1,1,1,1,1,1,1,1,1,1,1,1,1,1,1,1,1,1,1,1,6,1,1,1,1,1,1,1,1,1,1,1,1,1,1,1,1,1,1,1,1,1,1,1,6,1,1,1,1,1,1,1,1,1,1,1,6,6,6,1,6,1,1,1,1,1,1,1,1,1,6,1,1,1,1,1,1,1,1,1,1,1,6,1,1,1,1,1,1,1,1,6,1,1,1,6,1,1,1,1,1,1,1,1,1,1,1,1,1,1,1,1,1,6,1,1,1,1,6,1,6,1,1,1,1,1,1,6,6,1,6,1,1,1,6,6,6,6,6,1,6,6,6,6,1,1,1,6,6,1,1,1,1,1,6,1,1,1,1,1,1,1,6,6,6,6,6,6,1,1,1,1,6,6,6,1,6,6,6,1,1,6,6,1,1,1,1,1,1,1,1,1,1,6,6,6,1,6,6,6,6,6,6,1,1,1,1,6,1,6,6,6,1,1,1,1,1,1,1,1,1,1,1,1,1,1,6,6,1,6,1,6,1,1,1,1,6,6,6,6,1,1,6,6,1,1,1,1,6,1,6,1,6,6,6,1,1,1,1,1,6,1,1,1,1,1,1,6,6,1,1,1,6,6,1,1,6,6,6,6,6,1,6,6,6,1,1,1,1,1,1,6,1,6,1,1,1,6,6,6,6,1,1,1,6,1,1,1,1,1,1,1,6,6,1,1,1,1,6,1,1,1,1,1,1,6,1,1,1,1,6,6,1,6,1,1,1,1,1,1,1,6,1,1,6,1,1,1,1,1,1,1,6,6,6,6,6,1,1,1,1,1,6,6,6,1,1,1,1,1,1,6,6,1,6,1,1,1,1,1,1,1,6,1,1,1,1,1,1,1,6,1,1,1,1,1,6,1,1,1,1,1,1,1,1,1,6,1,1,1,1,1,1,1,1,1,1,1,1,6,1,1,1,6,6,1,1,6,1,1,1,6,1,1,1,1,1,1,1,6,1,1,1,1,1,1,1,1,1,1,1,6,1,1,1,1,1,1,6,1,6,1,1,1,1,1,1,1,6,1,1,1,1,1,1,1,1,1,6,1,1,1,1,1,1,1,1,9,1,1,1,6,6,6,1,1,1,1,1,1,1,6,1,1,1,1,1,1,1,1,1,1,1,1,1,1,1,6,1,1,1,1,1,6,1,1,1,1,1,1,1,1,1,1,1,1,1,1,1,1,1,1,1,1,1,1,1,1,1,1,1,1,1,1,1,1,1,1,1,1,1,6,1,1,6,6,1,1,1,1,1,1,1,6,1,1,1,1,1,6,1,1,1,6,1,6,1,1,1,1,1,1,6,1,6,1,6,1,1,1,1,1,1,1,1,6,1,1,1,1,1,1,1,1,9,1,1,1,1,1,1,6,1,1,1,1,1,1,1,1,1,1,1,1,1,1,1,6,1,1,6,6,1,6,1,6,1,1,1,6,1,1,1,1,1,1,1,1,1,1,1,6,1,6,1,6,1,1,1,1,1,1,1,1,1,1,1,1,6,6,6,1,6,1,1,6,6,1,1,6,1,1,1,1,1,1,1,1,6,1,1,1,1,1,6,6,6,6,1,1,6,1,1,6,1,1,1,1,1,1,1,1,6,1,1,1,1,1,1,6,6,6,6,6,1,6,1,6,1,1,6,6,1,1,1,1,1,1,1,1,1,1,1,1,1,1,1,1,1,1,6,1,6,1,1,1,6,6,1,1,1,1,6,1,1,1,1,1,1,1,1,6,1,1,1,6,1,6,1,1,1,1,1,1,1,6,6,6,1,1,1,1,1,1,1,6,1,1,1,6,1,1,6,1,1,1,1,1,1,1,1,1,1,1,1,1,1,6,6,6,1,1,1,1,1,1,1,6,1,1,1,1,1,6,1,1,1,1,1,6,1,1,1,1,1,1,1,1,1,1,6,1,1,1,1,6,1,1,1,6,1,1,1,6,6,6,6,1,1,1,1,1,1,1,1,1,1,1,1,1,1,1,1,1,1,1,1,1,6,1,1,1,1,9,1,1,1,1,1,1,1,1,1,1,1,1,1,1,6,1,1,1,1,1,1,1,1,1,1,1,1,1,1,1,1,1,1,1,1,1,1,1,1,1,1,1,1,1,1,1,1,1,1,1,1,1,1,1,1,1,1,1,1,1,1,1,1,1,1,1,1,1,1,1,1,1,1,1,1,1,1,1,1,1,1
70,20536,REICHERT,200,1,1,1,6,1,6,1,1,1,1,1,6,6,6,6,6,6,6,6,1,6,1,1,1,1,1,1,6,6,1,1,1,1,1,1,6,6,6,6,6,6,6,6,1,6,6,6,6,6,1,1,6,1,1,1,6,1,1,9,9,1,1,6,1,1,1,1,1,1,1,1,6,1,1,1,1,6,1,1,1,1,1,1,1,1,1,1,1,1,1,1,1,1,1,1,1,6,1,1,1,1,1,1,1,6,6,6,6,6,6,6,6,1,1,1,1,6,6,1,1,6,1,6,6,1,1,1,1,1,1,6,1,6,6,1,1,1,1,6,6,6,6,6,6,6,6,1,6,6,6,1,6,6,6,6,6,1,1,1,1,1,1,6,6,6,6,1,1,1,1,6,1,1,1,1,1,1,1,1,1,1,6,1,6,1,1,1,1,9,1,1,1,6,1,1,1,1,1,1,1,6,1,1,6,1,6,1,1,1,1,1,1,1,6,1,1,1,1,1,1,1,1,1,1,1,1,6,1,1,1,1,1,1,1,1,1,1,1,1,1,1,6,1,6,1,1,1,1,1,1,1,1,6,1,6,1,1,1,1,1,1,1,1,1,1,6,1,1,1,1,1,1,1,1,1,1,1,6,6,6,1,6,1,1,1,1,9,9,9,9,9,9,9,9,9,9,9,9,1,1,1,1,1,6,1,1,1,1,1,1,1,1,6,1,1,1,6,1,1,1,1,1,1,1,1,6,1,1,1,1,1,6,1,6,6,1,1,1,1,6,6,6,1,1,1,1,1,1,1,6,1,6,1,1,6,6,6,6,6,6,1,6,6,6,6,6,6,6,6,6,6,1,1,1,1,6,1,1,1,1,1,1,1,1,6,6,6,6,6,6,1,1,1,1,6,6,1,6,6,6,1,1,6,6,1,1,1,1,1,1,1,1,1,1,6,6,6,6,1,1,1,6,6,6,1,1,6,6,6,6,6,6,6,1,1,1,1,1,1,1,1,1,1,6,6,6,6,6,6,6,6,6,6,6,6,1,1,6,6,6,6,1,6,6,6,1,1,6,1,6,1,6,6,6,1,6,6,1,1,6,6,6,6,1,1,1,6,1,6,6,6,6,6,6,6,1,6,1,6,6,1,1,1,1,1,1,6,6,6,6,1,6,6,1,6,1,1,6,6,6,6,6,6,1,6,6,1,1,1,1,1,1,6,6,6,1,1,1,1,6,1,1,1,1,1,1,6,1,1,1,1,6,6,6,6,1,1,1,1,1,1,1,6,1,1,6,1,1,1,6,1,1,1,6,6,6,6,6,1,1,1,1,1,6,6,6,1,1,1,1,1,1,6,6,1,6,1,1,1,1,1,1,1,6,1,1,1,1,1,1,6,6,1,1,1,1,1,6,1,1,1,1,1,9,1,1,1,6,1,1,1,1,1,1,1,1,1,1,1,1,6,6,1,1,6,6,1,1,6,1,1,1,6,1,1,6,1,1,1,1,6,1,1,1,1,1,1,1,1,1,1,1,6,1,1,1,1,1,1,6,1,6,1,1,1,1,1,1,1,6,1,1,1,1,6,1,1,1,1,6,1,1,1,1,1,1,1,1,1,1,1,1,6,6,6,1,1,1,1,1,1,6,6,1,1,1,1,1,1,1,1,1,1,9,1,1,1,1,6,1,1,1,9,9,9,9,9,9,9,9,1,1,1,1,1,1,1,1,1,1,1,1,1,1,1,1,1,1,1,6,1,1,1,1,1,1,1,1,1,1,1,1,6,1,1,1,6,1,1,1,1,1,1,1,6,1,1,1,1,1,6,1,1,1,6,1,6,1,1,1,1,1,1,6,1,6,1,6,1,9,9,1,1,1,1,1,6,1,9,1,1,1,1,1,1,1,1,1,6,1,1,1,6,1,1,1,1,1,1,1,1,1,1,1,1,1,1,1,6,1,1,6,6,6,6,1,6,1,6,1,6,1,9,1,1,1,1,1,1,1,1,1,6,1,6,1,9,1,1,1,9,1,1,1,1,1,1,1,6,1,6,6,1,6,1,6,6,6,1,1,6,1,1,1,1,1,1,1,1,6,1,1,1,1,1,6,6,6,6,1,1,6,6,1,6,1,1,1,1,1,1,1,1,6,1,1,1,1,1,1,1,1,6,6,6,6,6,6,6,1,6,6,6,1,1,1,6,1,1,1,1,1,1,9,9,1,1,1,1,1,1,6,1,6,1,1,1,6,6,1,1,1,1,6,1,1,1,1,1,1,1,1,6,1,1,1,6,1,6,6,1,1,1,6,6,6,6,6,6,1,1,1,1,1,1,1,6,1,1,1,6,1,1,6,1,1,1,1,1,1,1,1,1,1,1,1,1,9,6,6,6,6,6,1,1,6,6,1,6,6,1,6,6,1,6,1,1,1,1,1,6,1,1,1,1,1,1,1,1,1,1,6,1,1,1,1,6,1,1,1,6,1,1,1,6,6,1,6,1,1,1,1,1,1,1,1,1,1,1,1,1,1,1,1,1,1,1,1,1,6,1,1,1,1,1,1,1,1,1,1,1,1,1,1,1,1,1,1,1,1,1,1,1,1,1,1,1,1,1,1,1,1,1,1,1,1,1,1,1,1,1,1,1,1,1,1,1,1,1,1,1,1,1,1,1,1,1,1,1,1,1,1,1,1,1,1,1,1,1,1,1,1,1,1,1,9,1,1,1,1,1,1,1,1,9,9
71,20537,MOORE,100,6,6,6,1,6,1,6,6,6,6,6,1,1,1,1,1,1,1,1,6,1,6,9,1,6,6,6,1,1,6,9,9,9,6,6,1,1,1,1,1,1,1,1,6,1,1,1,1,1,6,6,1,6,9,6,1,6,6,1,1,6,6,1,6,1,1,6,6,6,6,6,6,9,6,6,6,6,1,1,6,6,6,6,6,9,9,6,6,6,6,6,6,6,6,6,6,6,6,1,6,1,6,6,9,9,9,9,1,1,1,1,1,6,6,6,6,1,1,6,6,1,6,1,1,6,1,6,9,6,6,1,6,1,1,6,1,6,6,9,1,1,1,1,1,1,1,6,1,1,1,6,9,9,1,1,1,6,1,1,6,6,6,1,1,1,1,6,6,1,1,1,1,1,1,6,6,1,6,6,1,6,1,1,9,9,9,6,6,6,6,6,1,6,1,1,6,6,6,6,6,6,6,6,9,6,1,6,1,1,6,6,6,6,1,6,6,6,6,1,1,9,9,6,6,1,1,9,6,6,1,1,1,6,6,1,1,1,1,6,6,1,1,6,1,6,6,1,1,1,1,6,6,6,1,6,1,1,6,6,6,1,6,6,6,1,1,6,1,6,6,6,1,6,6,6,1,1,1,1,1,6,1,6,1,9,9,6,6,6,6,6,1,6,6,6,6,6,6,1,1,6,6,6,1,6,1,6,1,1,6,6,6,1,6,6,6,1,6,1,6,1,1,1,6,6,6,1,1,1,6,6,6,6,6,1,6,1,6,6,1,6,1,6,9,9,6,6,1,1,1,6,1,9,9,9,9,9,9,9,9,6,1,1,1,1,6,6,6,6,1,6,6,6,6,1,1,6,1,1,1,6,6,1,1,1,1,1,1,1,6,6,6,6,1,1,1,6,1,1,1,6,1,1,6,6,6,6,1,6,6,6,1,6,6,6,6,1,6,1,1,1,1,1,1,6,6,6,6,1,1,1,1,1,6,6,1,1,1,1,1,6,6,6,6,6,6,6,6,1,6,6,6,6,6,6,6,6,1,1,1,1,6,6,1,1,6,6,6,6,1,6,1,6,1,1,1,6,6,1,6,6,1,6,1,6,6,6,6,1,1,6,1,6,1,1,6,6,1,1,1,1,1,6,1,1,1,6,6,6,6,6,6,1,6,1,6,6,6,1,1,1,1,6,6,1,1,6,1,6,1,6,6,1,1,1,6,6,6,1,1,6,6,1,1,6,6,1,6,1,6,6,1,1,6,1,6,1,1,6,6,1,1,1,1,1,1,1,1,1,1,6,6,1,1,1,1,1,1,6,1,6,6,6,1,1,1,6,6,1,9,6,6,1,1,6,1,6,9,6,6,6,6,6,1,6,1,1,1,6,6,6,1,6,1,6,6,1,1,6,1,6,1,1,1,6,6,1,1,6,6,6,6,1,1,1,6,1,1,6,6,1,6,6,6,1,1,6,1,1,6,6,6,1,1,1,6,6,6,6,1,1,6,1,6,6,1,1,1,6,9,1,1,1,6,6,6,6,6,6,9,6,1,9,6,1,1,6,6,1,1,6,1,6,1,6,6,6,6,1,1,6,6,6,6,1,1,6,6,1,1,1,1,1,1,1,6,6,6,1,1,1,1,1,6,1,1,1,6,6,1,1,6,1,1,6,6,6,6,1,6,6,1,6,6,6,6,6,6,6,1,6,1,1,6,6,6,1,1,6,6,6,6,6,6,6,6,6,1,1,1,6,1,6,6,6,6,1,1,6,6,1,1,1,6,1,1,6,1,1,6,6,6,6,6,1,6,6,1,9,9,1,6,6,6,1,6,1,6,6,1,6,6,1,9,6,1,6,1,1,6,6,9,9,6,6,1,1,6,6,6,6,1,1,6,1,1,9,9,9,9,9,9,9,9,9,9,1,1,1,9,6,1,1,1,1,1,6,6,1,6,1,1,6,6,1,6,1,1,6,6,1,1,6,9,1,6,6,6,6,6,6,6,1,6,1,1,1,1,1,1,6,6,6,1,6,6,6,6,6,1,6,6,6,6,6,6,6,6,1,6,1,6,9,1,1,1,6,6,1,1,6,1,6,6,6,1,1,1,1,6,1,6,6,1,1,9,6,1,1,1,6,6,6,1,1,1,6,6,6,6,1,1,6,1,1,6,1,6,6,6,6,1,1,6,1,1,1,6,6,1,1,6,6,6,6,1,1,6,6,6,6,1,6,1,6,6,6,1,6,6,6,6,6,1,1,9,9,6,6,1,9,9,1,6,6,6,1,6,6,6,6,6,6,6,6,1,1,6,1,6,1,1,6,6,6,6,1,6,6,6,1,6,6,9,9,9,9,6,6,1,1,1,9,7,1,6,6,6,1,1,1,6,6,6,6,6,6,6,1,6,6,6,6,6,1,6,6,6,6,6,1,6,9,9,9,9,9,9,9,9,9,1,6,6,9,1,1,6,6,6,1,1,9,9,1,1,1,1,6,6,1,1,1,6,1,1,1,1,6,6,1,6,6,1,1,6,6,6,6,1,6,1,1,1,6,1,6,1,1,6,1,1,1,1,1,1,1,6,6,1,9,1,1,1,1,1,1,1,1,1,1,1,6,1,1,1,1,1,1,1,1,1,1,1,1,1,1,1,1,1,1,1,1,6,6,6,6,1,6,1,1,1,1,1,1,1,1,1,1,1,1,6,1,1,1,1,1,1,1,1,6,1,1,6,6,1
72,20538,MATSUI,100,6,6,6,1,6,1,6,6,6,1,6,1,1,1,1,1,1,1,1,6,1,6,1,1,6,6,1,1,1,1,6,6,1,6,6,1,1,1,1,1,1,1,1,6,1,1,1,1,1,6,6,1,6,6,6,1,6,6,1,1,6,6,1,6,1,1,6,6,6,6,6,6,6,6,6,6,6,1,1,6,6,6,6,6,1,1,6,6,6,6,6,6,6,6,6,6,6,6,1,6,1,6,6,1,1,1,1,1,1,1,1,1,6,6,6,1,1,1,6,6,1,6,1,1,6,1,6,6,6,6,1,6,6,6,1,1,6,6,9,9,9,9,9,9,9,9,9,9,9,9,9,1,1,1,1,1,6,1,1,6,6,6,6,1,1,1,6,6,1,1,6,1,1,1,6,6,1,6,6,1,6,1,1,1,6,1,6,6,6,6,6,1,6,1,1,6,6,6,6,6,6,6,6,1,6,1,6,1,1,6,6,6,6,1,1,6,6,6,1,1,1,1,6,6,1,6,6,6,6,1,1,1,6,6,1,1,1,1,6,6,1,1,6,6,6,6,1,1,1,6,6,6,6,1,6,1,1,6,6,6,1,6,6,6,1,1,6,1,1,6,6,1,6,6,6,1,1,1,1,1,6,1,1,1,1,1,6,6,6,6,6,1,6,6,6,6,6,6,1,1,6,6,6,1,6,1,6,1,1,6,6,6,1,1,6,6,1,6,1,6,1,1,1,6,6,6,1,1,1,6,6,6,6,6,1,6,1,6,6,1,6,1,6,1,1,6,6,1,1,1,6,6,6,6,6,6,1,1,1,1,6,1,1,1,1,6,6,6,6,6,6,6,6,6,1,1,6,1,1,1,6,6,1,1,1,1,1,1,1,6,6,6,6,1,1,1,6,1,1,1,6,1,1,1,6,6,6,1,6,6,6,1,6,6,6,6,1,6,1,1,1,1,1,1,6,6,6,6,1,1,1,1,1,6,6,1,1,1,1,1,6,6,6,6,6,6,6,6,1,6,6,6,6,6,6,6,6,1,1,1,1,6,6,1,1,6,6,6,6,1,6,1,6,1,1,1,6,6,1,6,6,1,6,1,6,6,6,6,1,1,6,1,6,1,1,6,6,1,1,1,1,1,6,1,1,1,6,6,6,6,6,6,1,6,1,6,6,6,1,1,1,1,6,6,1,1,6,1,6,1,6,6,6,1,1,6,6,6,1,1,6,6,1,1,6,6,1,6,1,6,6,6,1,6,1,6,1,1,6,6,1,1,1,1,1,1,1,1,1,6,6,6,1,1,1,1,1,1,6,1,6,6,6,1,1,1,6,6,1,1,6,6,1,1,6,1,6,1,6,6,6,6,6,1,6,1,1,6,6,6,6,1,6,1,6,6,1,1,6,1,6,1,1,6,6,6,6,1,6,6,6,6,1,1,1,6,1,1,6,6,1,6,6,6,1,1,6,1,1,6,1,6,1,1,1,6,1,6,6,1,1,6,1,6,6,1,6,1,6,1,1,1,1,6,6,6,6,6,6,1,6,1,6,6,1,1,6,6,1,1,6,1,6,1,1,6,6,6,1,1,6,6,6,6,1,6,6,1,1,1,1,1,6,6,6,6,6,6,6,1,1,1,1,6,1,1,1,6,6,1,1,6,1,6,6,6,6,6,1,6,6,1,1,6,6,6,6,6,6,1,6,1,1,6,6,6,1,1,1,6,6,6,1,6,6,6,6,1,1,6,6,6,6,6,6,6,1,1,6,6,1,1,1,6,6,1,6,1,1,6,6,6,6,6,1,6,1,1,1,1,1,6,6,6,1,6,1,6,6,1,6,6,1,1,6,1,6,1,6,6,6,1,1,6,6,1,1,6,1,6,6,1,1,6,1,1,1,1,1,6,6,6,1,6,6,6,1,1,1,6,6,1,1,1,9,9,6,6,1,6,1,1,6,6,1,6,1,1,6,6,1,1,6,1,1,6,6,6,6,6,6,6,1,6,6,1,1,1,1,1,6,6,6,1,1,1,6,6,6,6,6,6,6,6,6,6,6,6,6,6,1,6,6,1,1,1,6,6,6,1,6,1,6,6,6,1,1,1,1,6,1,1,1,1,1,6,6,1,1,1,6,6,6,1,1,1,6,6,6,6,1,1,6,1,1,6,1,6,6,6,6,1,1,6,1,1,1,6,6,1,1,1,6,6,6,1,1,6,6,6,6,1,6,1,6,6,6,1,6,6,6,6,6,1,1,1,1,6,6,1,1,1,1,6,6,6,1,1,6,6,6,6,6,6,6,6,1,6,1,1,1,1,6,6,6,6,1,6,6,6,1,6,1,1,6,1,1,6,6,1,1,1,1,7,1,6,6,6,1,1,1,6,6,6,6,6,6,6,1,6,6,6,6,6,1,6,6,6,6,6,1,6,1,1,6,6,6,6,6,1,1,1,6,6,6,6,1,6,6,6,1,1,6,6,1,1,1,1,6,6,1,1,1,6,1,1,1,1,6,6,1,1,7,1,6,6,6,6,6,1,6,1,1,9,6,1,6,1,1,6,1,1,1,1,1,1,1,6,6,6,1,1,1,1,1,1,1,1,1,1,1,1,6,1,1,1,1,1,1,1,1,1,1,1,1,1,1,1,1,6,1,1,1,6,6,6,6,1,6,1,1,1,1,1,1,1,1,1,1,1,1,6,1,1,1,1,1,1,1,1,6,1,1,6,6,1
73,20542,SIRES,100,6,6,6,1,6,1,6,6,6,1,6,1,1,1,1,1,1,1,1,6,1,6,1,1,6,6,6,1,1,6,6,6,1,6,6,6,1,1,1,1,1,1,1,6,1,1,1,1,1,6,6,1,6,6,6,1,6,1,1,1,6,6,1,6,1,1,6,6,6,6,6,6,6,6,6,6,6,9,9,9,9,9,9,9,1,1,6,6,6,6,6,6,6,6,6,6,6,6,1,6,1,6,6,1,1,1,1,1,1,1,1,1,6,6,6,6,1,1,6,6,1,6,1,1,6,1,6,6,6,6,1,6,1,1,1,1,6,6,1,1,1,1,1,1,1,1,6,1,1,1,6,1,1,1,1,1,6,1,1,6,6,6,6,1,1,1,6,6,1,1,6,1,1,1,6,6,1,6,6,1,6,1,1,1,6,1,6,6,6,6,6,1,6,1,1,6,6,6,6,6,6,6,6,1,6,1,6,1,1,6,6,6,6,1,6,6,6,6,1,1,9,9,6,6,1,1,6,6,6,1,1,1,6,6,1,1,1,1,6,6,1,1,6,6,6,6,1,1,1,6,6,6,6,1,6,1,1,6,6,6,1,6,6,6,1,6,1,1,1,6,6,1,6,6,6,1,1,1,1,1,6,1,1,1,1,1,6,6,6,6,6,1,6,6,6,6,6,6,1,1,6,6,9,1,6,1,6,1,1,6,6,6,1,1,6,6,1,6,1,6,1,1,1,6,6,6,1,1,1,6,6,6,6,6,1,6,1,6,6,1,6,1,6,1,1,9,6,1,1,1,6,6,6,6,6,6,1,6,1,1,6,1,1,6,1,6,6,6,6,1,6,6,6,6,1,1,1,9,9,9,6,6,1,1,1,1,1,1,1,6,6,6,6,1,1,1,6,1,1,1,6,1,1,1,6,6,6,1,6,6,6,1,6,6,6,6,6,6,1,1,1,1,1,1,6,6,6,6,1,1,6,1,1,6,6,1,1,1,1,1,6,6,6,6,6,6,6,6,1,6,6,6,6,6,6,6,6,1,1,1,1,6,6,1,1,6,6,6,6,1,6,1,6,1,1,1,6,6,1,6,6,1,6,1,6,6,6,6,1,1,6,1,6,1,1,6,6,1,1,1,1,1,6,1,1,1,6,6,6,6,6,6,1,6,1,6,6,6,1,1,1,1,6,6,1,1,6,1,6,1,6,6,6,1,1,6,6,6,1,1,6,6,9,9,6,6,1,6,1,6,6,1,1,6,1,6,1,1,6,6,1,1,1,1,1,1,1,9,9,9,6,6,1,1,1,1,1,1,6,1,6,6,6,1,1,1,6,6,1,1,6,6,1,1,6,1,6,1,6,6,6,6,1,1,6,1,1,6,6,6,6,1,6,1,6,6,1,1,6,1,6,9,9,9,6,6,6,1,6,6,6,6,1,1,1,6,1,1,6,6,1,6,6,6,1,1,6,1,1,6,9,6,1,1,1,6,1,6,6,1,1,6,1,6,6,1,6,1,6,1,9,9,1,6,6,6,6,6,1,1,6,1,6,6,1,1,6,6,1,1,6,1,6,1,6,6,6,6,1,1,6,6,6,6,1,6,6,6,1,1,1,1,6,6,6,6,6,6,6,1,6,6,1,1,1,1,1,6,6,1,1,6,1,6,6,6,6,6,1,6,6,1,1,6,6,6,6,6,6,1,6,1,1,6,6,6,1,9,9,6,6,6,1,6,6,6,6,1,1,6,6,6,6,6,6,6,1,1,6,6,1,1,1,6,6,1,6,1,1,6,6,6,6,6,1,6,1,1,1,1,1,6,6,6,1,6,1,6,6,1,6,6,1,1,6,1,6,1,6,6,6,9,9,6,6,1,1,6,6,6,6,1,1,1,1,1,1,1,1,6,6,6,1,6,6,6,1,1,1,6,6,1,1,1,1,1,6,6,9,9,9,9,9,9,9,9,9,9,9,9,9,9,9,1,1,6,6,6,6,6,6,6,1,6,6,1,6,1,1,1,6,6,6,1,1,6,6,6,6,6,6,6,6,6,6,6,6,6,1,6,1,6,9,9,9,9,6,6,6,1,6,6,6,6,6,6,6,1,1,6,1,1,1,1,1,6,1,9,9,9,6,6,6,1,1,1,6,6,6,6,6,1,6,1,1,6,1,6,6,6,6,1,1,6,9,9,9,6,6,1,1,1,6,6,6,1,1,6,6,6,6,1,6,1,6,6,6,1,6,6,6,6,6,1,1,9,9,6,6,1,6,1,1,6,6,6,1,1,6,6,6,6,6,6,6,1,1,1,1,1,1,1,6,6,6,6,1,6,6,6,1,6,1,1,6,1,1,6,6,1,1,1,1,7,1,6,6,6,1,1,1,6,6,6,6,6,6,6,1,6,6,6,6,6,1,6,6,6,6,6,1,6,1,1,6,6,6,6,1,1,1,1,6,6,6,1,1,6,6,6,1,1,6,6,1,1,1,1,1,6,1,1,1,6,1,1,1,1,6,6,1,1,7,1,1,6,6,6,6,1,6,1,1,1,6,1,6,9,9,6,1,1,1,1,1,1,1,6,6,6,1,1,1,1,1,1,1,1,1,1,1,1,6,1,1,1,1,1,1,1,1,1,1,1,1,1,1,1,1,6,1,1,1,6,6,6,6,1,6,1,1,1,1,1,1,1,1,1,1,1,1,6,1,1,1,1,1,1,1,1,6,1,1,6,6,1
74,20702,McNERNEY,100,6,6,6,1,6,1,6,6,6,6,6,1,1,1,1,1,1,1,1,6,1,6,1,1,6,6,1,1,1,1,6,6,1,6,6,1,1,1,1,1,1,1,1,6,1,1,1,1,1,6,6,1,6,6,6,1,6,6,1,1,6,6,1,6,1,1,6,6,6,6,6,6,6,6,6,6,6,1,1,6,6,6,6,6,1,1,6,6,6,6,6,6,6,6,6,6,6,6,1,6,1,6,6,1,1,1,1,9,1,1,1,1,6,6,6,6,1,1,6,6,1,6,1,1,6,1,6,6,6,6,1,6,1,1,1,1,6,6,1,1,1,1,1,1,1,1,6,1,1,1,6,1,1,1,1,1,6,1,1,6,6,6,1,1,1,1,6,6,1,1,1,1,1,1,6,6,1,6,6,1,6,1,1,1,6,1,6,6,1,6,6,1,1,1,1,6,6,6,6,6,6,6,6,1,6,1,6,1,1,6,6,6,6,1,1,6,6,6,1,1,1,1,6,6,1,1,1,6,6,1,1,1,1,6,1,1,1,1,6,6,1,1,6,1,6,6,1,1,1,1,6,6,1,1,6,1,1,6,6,6,1,6,6,6,1,1,6,1,1,6,6,1,6,6,6,1,1,1,1,1,6,1,1,1,1,1,6,6,6,6,6,1,6,6,6,6,6,6,1,1,6,6,1,1,6,1,6,1,1,6,6,6,1,1,6,6,1,6,1,1,1,1,1,6,6,1,1,1,1,6,6,1,9,6,1,6,1,6,6,1,6,1,6,1,1,6,6,1,1,1,6,6,6,6,6,6,1,1,1,1,6,1,1,6,1,6,6,6,6,6,6,6,6,6,1,1,1,9,9,9,6,6,1,1,1,1,1,1,1,6,6,6,6,1,1,1,6,1,1,1,6,1,1,1,6,1,6,1,6,6,6,1,6,6,6,6,1,6,1,1,1,1,1,1,6,6,6,6,1,1,1,1,1,6,6,1,1,1,1,1,6,6,1,6,6,6,6,6,1,6,6,6,6,6,6,6,6,1,1,1,6,1,6,1,1,6,6,6,6,1,6,1,6,1,1,1,6,6,1,6,6,1,6,1,6,6,6,6,1,1,6,1,6,1,1,6,6,1,1,1,1,1,1,1,1,1,6,6,6,6,6,6,1,6,1,6,6,6,1,1,1,1,6,6,1,1,6,1,6,1,6,6,1,1,1,6,6,6,1,1,1,6,1,1,6,6,1,6,1,6,6,6,6,6,1,6,1,1,6,6,1,1,1,1,1,1,1,1,1,1,6,6,1,1,1,1,1,1,6,1,6,6,1,1,1,1,6,6,1,1,6,6,1,1,6,1,6,1,6,6,6,6,1,1,6,9,9,9,6,6,1,1,6,1,6,6,1,6,1,1,6,1,1,1,6,6,1,1,6,1,6,6,1,1,1,6,1,6,6,6,1,6,6,6,1,1,6,1,1,6,1,6,1,1,1,1,6,6,6,1,1,6,1,6,6,1,1,1,6,1,1,1,1,6,6,6,6,6,6,1,6,1,6,6,1,1,6,6,1,1,6,1,6,1,1,6,6,6,1,1,6,1,6,6,1,1,6,1,1,9,9,9,9,9,9,9,9,9,9,9,9,9,9,9,9,1,1,6,6,1,1,6,1,1,6,6,6,6,1,6,6,1,6,6,6,6,6,6,6,9,6,9,9,6,6,6,1,1,1,6,6,6,6,6,6,6,6,1,1,1,1,1,1,6,6,1,1,1,6,6,1,1,1,6,6,1,6,1,1,6,6,6,6,6,1,6,6,1,1,1,1,6,6,6,1,6,1,6,6,1,6,6,1,1,6,1,6,1,6,6,6,1,1,6,6,1,1,6,1,6,6,1,1,6,1,1,1,1,1,6,6,6,1,6,6,6,1,1,1,6,6,1,1,1,1,1,6,6,1,6,1,1,6,6,6,6,1,1,6,6,1,1,6,1,9,6,6,6,6,6,6,6,1,6,6,1,1,9,9,9,9,9,9,9,1,1,6,6,1,6,6,6,6,6,6,6,6,1,1,6,1,6,6,1,1,1,6,6,1,1,6,1,6,6,6,6,1,1,1,6,1,1,1,1,1,6,1,9,9,9,9,9,9,9,9,9,6,6,1,6,1,1,6,1,1,6,1,6,6,6,1,1,1,6,1,1,1,6,6,1,1,1,6,6,6,1,1,1,6,6,6,1,6,1,6,6,6,1,6,6,6,6,6,1,1,1,1,6,6,1,6,1,1,6,6,6,1,1,1,6,6,6,6,6,6,1,1,6,1,1,1,1,6,6,6,6,1,6,6,9,1,6,1,1,6,1,1,6,6,1,9,1,1,7,1,6,6,6,1,1,1,6,6,6,6,6,6,6,1,6,6,6,6,6,6,6,6,6,6,6,1,6,1,1,6,6,6,6,6,1,1,1,6,6,6,1,9,9,6,6,1,1,6,6,1,1,1,1,1,6,1,1,1,6,6,1,1,1,6,6,1,1,1,1,6,6,6,6,6,1,6,1,1,1,6,1,6,1,1,6,1,1,1,1,1,1,1,6,6,1,1,1,1,1,1,1,1,1,1,1,1,1,6,1,1,1,1,1,1,1,1,1,1,1,1,1,1,1,1,6,1,1,1,6,6,6,6,1,6,1,1,1,1,1,1,1,1,1,1,1,1,6,1,1,1,1,1,1,1,1,6,1,1,6,6,1
75,20703,MCCARTHY,200,1,1,1,6,1,6,1,1,1,1,1,6,6,6,6,6,6,6,6,1,6,1,1,1,1,1,1,6,6,1,1,1,1,1,1,6,6,6,6,6,6,6,6,1,6,6,6,6,6,1,1,6,1,1,1,6,1,1,1,1,1,1,6,1,1,1,1,1,1,1,1,1,1,1,1,1,1,1,1,1,1,1,1,1,1,1,1,1,1,1,1,1,1,1,1,1,1,1,1,1,1,9,9,6,6,6,6,6,6,6,6,6,1,1,1,1,6,6,1,1,6,1,6,6,1,1,1,1,1,1,6,1,6,6,1,1,1,1,6,6,6,6,6,6,6,6,1,6,6,6,1,6,6,6,6,6,1,1,1,1,1,1,1,6,6,6,1,1,1,1,1,1,1,1,1,1,1,1,1,1,1,6,1,6,1,1,1,1,1,1,1,1,1,1,1,1,1,1,1,1,1,1,1,6,1,6,1,1,1,1,1,9,9,6,1,1,1,1,1,1,1,1,1,1,1,1,1,1,1,1,1,1,1,1,1,1,1,1,1,1,1,6,1,1,1,1,1,1,1,1,1,1,1,1,1,1,1,1,1,1,1,1,1,1,1,6,1,1,1,1,1,1,1,1,1,1,1,6,6,6,1,6,1,1,1,1,1,1,1,1,1,6,1,1,1,1,1,1,1,1,1,1,1,6,1,1,1,1,1,1,1,1,6,1,1,1,6,1,1,1,1,1,1,1,1,1,1,1,1,1,1,1,1,6,6,1,1,1,1,6,1,6,1,1,1,1,1,1,6,6,1,6,1,1,1,6,6,6,6,6,1,6,6,6,6,6,1,1,1,6,1,1,1,1,1,6,1,1,1,1,1,1,1,6,6,6,6,6,6,1,1,1,1,6,6,6,1,6,6,6,1,1,6,6,1,1,1,1,1,1,1,1,1,1,6,6,6,1,6,6,6,6,6,6,1,1,1,1,6,6,6,6,6,1,1,1,1,1,1,1,1,1,1,1,6,6,6,6,6,6,1,1,1,1,6,1,1,6,6,6,6,1,1,6,6,1,1,6,1,6,1,6,1,6,6,6,1,1,1,1,1,6,1,1,1,1,1,1,6,6,6,6,1,6,6,1,1,6,6,6,6,6,1,6,6,6,1,1,1,6,1,1,6,1,6,1,1,1,6,6,6,6,1,1,6,6,1,1,1,1,1,1,1,6,6,1,1,1,1,6,1,1,1,1,1,1,6,1,1,9,9,6,6,6,6,1,9,9,1,1,1,1,6,1,1,6,1,1,1,1,1,1,1,6,6,6,6,6,1,1,1,1,1,6,6,6,1,1,1,1,1,1,6,6,1,6,1,1,1,1,1,1,1,6,1,1,1,1,1,1,1,6,1,1,1,1,1,6,1,1,1,1,1,1,1,1,1,6,1,1,1,1,1,1,1,1,1,1,1,1,6,1,1,1,6,6,1,1,6,1,1,1,6,1,1,1,1,1,1,1,6,1,1,1,1,1,1,1,1,1,1,1,6,1,1,1,1,1,1,6,1,6,1,1,1,1,1,1,1,6,1,1,1,1,1,1,1,1,1,6,1,1,1,1,1,1,1,1,1,1,1,1,6,6,6,1,1,1,1,1,1,6,6,1,1,1,1,1,1,1,1,1,1,1,1,1,1,1,6,1,1,1,1,1,6,1,1,1,1,1,1,1,1,1,1,1,1,1,1,1,1,1,1,1,1,1,1,1,1,1,1,1,1,1,1,1,1,1,1,1,1,1,6,1,1,6,1,1,1,1,1,1,1,1,6,1,1,1,1,1,6,1,1,1,6,1,6,1,1,1,1,1,1,6,1,6,1,6,1,1,1,1,1,1,1,1,6,1,1,1,1,1,1,1,1,1,1,1,1,1,1,1,6,1,1,1,1,1,1,1,1,1,1,1,9,9,1,1,6,1,1,6,6,1,6,1,6,1,6,1,6,1,1,1,1,1,1,1,1,1,1,1,6,1,6,1,1,1,1,1,1,1,1,9,1,1,1,1,1,6,6,6,1,6,1,1,6,6,1,1,6,1,1,1,1,1,1,1,1,6,1,1,1,1,1,6,6,6,6,1,1,6,6,1,6,1,1,1,1,1,1,1,1,6,1,1,1,1,1,1,6,6,6,6,6,1,6,1,1,1,1,6,6,1,1,1,1,1,1,1,1,1,1,1,1,9,9,9,1,1,1,9,9,9,9,1,1,6,1,1,1,1,1,6,1,1,1,1,1,1,1,1,6,1,1,1,6,1,6,6,1,1,1,1,1,1,6,6,6,1,1,1,1,1,1,1,6,1,1,1,6,1,1,6,1,1,1,1,1,1,1,1,1,1,1,1,1,1,6,6,6,1,1,1,1,1,1,1,6,1,1,1,1,1,6,1,1,1,1,1,6,1,1,1,1,1,1,1,1,1,1,6,1,1,1,1,6,1,1,1,6,1,1,1,6,6,6,6,1,1,1,1,1,1,1,1,1,1,1,1,1,1,1,1,1,1,1,1,1,6,1,1,1,1,1,1,1,1,1,1,1,1,1,1,1,1,1,1,1,1,1,1,1,1,1,1,1,1,1,1,1,1,1,1,1,1,1,1,1,1,1,1,1,1,1,1,1,1,1,1,1,1,1,1,1,1,1,1,1,1,1,1,1,1,1,1,1,1,1,1,1,1,1,1,1,1,1,1,1,1,1,1,1,1,1,1
76,20704,LAMBORN,200,1,1,1,6,1,6,1,1,1,1,1,6,6,6,6,6,6,6,6,1,6,1,1,1,1,1,1,6,6,1,1,1,1,9,9,9,9,9,6,6,6,6,6,1,6,6,6,6,6,1,1,6,1,1,1,6,1,1,1,1,1,1,6,1,1,1,1,1,1,1,1,1,1,1,1,1,1,1,1,1,1,1,1,1,1,1,1,1,1,1,1,1,1,1,1,1,1,1,1,1,1,1,1,6,6,6,6,6,6,6,6,6,1,1,1,1,6,6,1,1,6,1,6,6,1,1,1,1,1,1,6,1,6,6,1,1,1,1,6,6,6,6,6,6,6,6,1,6,6,6,1,6,6,6,6,6,1,1,1,1,1,1,1,6,6,6,1,1,1,1,1,1,1,1,1,1,1,1,1,1,1,6,1,6,1,1,1,1,1,1,1,1,1,1,1,1,1,1,1,1,1,1,1,6,1,6,1,1,1,1,1,1,1,9,1,1,1,1,1,1,1,1,1,1,1,1,1,1,1,1,1,1,1,1,1,1,1,1,1,1,1,6,1,1,1,1,1,6,1,1,1,1,1,1,1,1,1,1,1,1,1,1,1,1,1,6,6,1,1,1,1,1,1,1,1,1,1,6,6,6,1,6,1,1,1,1,1,1,1,1,1,6,1,1,9,1,1,1,1,1,1,1,1,6,1,1,1,1,1,1,1,1,6,1,1,1,6,1,1,1,1,1,1,1,1,1,1,1,1,1,1,1,1,1,6,1,1,1,1,6,1,6,1,1,1,1,1,1,6,6,1,6,1,1,1,6,6,6,6,6,1,6,6,6,6,1,1,1,1,1,1,9,1,1,1,6,1,1,1,1,1,1,1,6,6,6,6,6,6,1,1,1,1,6,6,6,1,6,6,6,1,1,6,6,1,1,1,1,1,1,1,1,1,1,1,1,6,1,6,6,6,6,6,6,1,1,1,1,6,1,6,6,6,1,1,1,1,1,1,1,1,1,1,1,6,1,1,1,6,1,1,1,1,1,1,1,1,6,6,6,6,1,1,6,6,1,1,1,1,6,1,6,1,1,6,6,1,1,6,1,1,6,1,1,1,1,1,1,6,6,1,6,1,6,6,1,1,6,6,6,6,6,6,6,6,6,1,1,1,1,1,1,6,1,6,1,1,1,6,6,6,6,1,1,1,6,1,1,1,1,1,1,1,6,6,1,1,1,1,6,1,1,1,1,1,1,6,1,1,1,1,6,6,1,6,1,1,1,1,1,1,1,6,1,6,6,1,1,1,1,1,1,1,6,6,6,6,6,1,1,1,1,1,6,6,6,1,1,1,1,1,1,6,6,1,6,1,1,1,1,1,1,1,6,1,1,1,1,1,1,1,6,1,1,1,1,1,6,1,1,1,1,1,1,1,1,1,6,1,1,1,1,1,1,1,1,1,1,1,1,6,1,1,1,6,6,1,1,6,1,1,1,6,1,1,1,1,1,1,1,6,1,1,1,1,1,1,1,1,1,1,1,6,1,1,1,1,1,1,6,1,6,1,1,1,1,1,1,1,6,1,1,1,1,1,1,1,1,1,6,1,1,1,1,1,1,1,6,1,1,1,1,6,6,6,1,1,1,1,1,1,1,6,1,1,1,1,1,1,1,1,1,1,1,1,1,1,1,6,1,1,1,1,1,6,1,1,1,1,1,1,1,1,1,1,1,1,1,1,1,1,1,1,1,1,1,1,1,1,1,1,1,1,1,1,1,1,1,1,1,1,1,6,1,1,6,1,1,1,1,1,1,1,1,6,1,6,1,1,1,6,1,1,1,6,1,6,1,1,1,1,1,1,6,1,6,1,6,1,1,1,1,1,1,1,1,6,1,1,1,1,1,1,1,1,1,1,1,1,1,1,1,6,1,1,1,9,9,1,1,1,1,1,1,9,9,1,1,6,1,1,6,1,1,6,1,6,1,1,1,6,1,1,1,1,1,1,1,1,1,1,1,6,1,6,1,1,1,1,1,1,1,1,1,1,1,1,1,1,6,6,1,1,1,1,1,6,1,1,1,6,1,1,1,1,1,1,1,1,6,1,1,1,1,1,6,6,6,6,1,1,6,6,1,6,1,1,1,1,1,1,1,1,6,1,1,1,1,1,1,6,6,1,6,6,1,6,1,1,1,1,6,6,1,1,1,1,1,1,1,1,1,1,1,1,1,1,1,1,1,1,6,1,6,1,1,1,6,1,1,1,1,1,6,1,1,1,1,1,1,1,1,6,6,1,1,6,1,1,6,1,1,1,1,1,1,6,1,6,1,1,1,1,1,1,1,6,1,1,1,6,1,1,6,1,1,1,1,1,1,1,1,1,1,1,1,9,1,6,6,6,1,1,1,1,1,1,1,6,1,1,1,1,1,6,1,1,1,1,1,6,1,1,1,1,1,1,1,1,6,1,6,1,1,1,1,6,1,1,1,6,1,1,1,6,6,6,6,1,1,9,1,1,1,1,1,1,1,1,1,1,6,1,1,1,1,1,1,1,6,1,1,1,1,1,1,1,1,1,1,1,1,9,9,1,1,1,1,1,1,6,1,1,1,1,1,1,1,1,1,1,1,1,1,1,1,1,1,1,1,1,1,1,1,1,1,1,1,1,1,1,1,1,1,1,1,1,1,1,1,1,1,1,1,1,1,1,1,1,1,1,1,1,1,1,1,1,1,1,1,1,1,1,1,1,1
77,20705,PERLMUTTER,100,6,6,6,1,9,1,6,6,6,1,6,1,1,1,1,1,1,1,1,6,1,6,9,9,9,9,9,9,9,9,9,9,9,1,1,1,1,1,1,1,1,1,1,6,1,1,1,1,1,6,6,1,6,6,6,1,6,1,1,1,6,6,1,6,1,1,6,6,6,6,6,6,6,6,6,6,6,1,1,6,6,6,6,1,1,1,6,6,6,6,6,6,6,6,6,6,6,6,1,6,1,6,6,1,1,1,1,1,1,1,1,1,6,9,6,1,1,1,6,6,1,6,1,1,6,1,6,6,6,6,1,6,6,1,1,6,6,6,1,1,1,1,1,1,1,1,6,1,1,1,6,1,1,1,1,1,6,1,1,6,6,6,1,1,1,1,6,6,1,1,1,1,1,1,6,6,1,6,6,9,6,1,1,1,6,1,6,6,1,6,6,1,6,1,1,6,6,6,6,6,6,6,6,1,6,1,6,1,1,6,6,6,6,1,1,6,6,6,1,1,1,1,6,6,1,1,1,6,6,1,1,1,1,6,1,1,1,1,6,6,1,1,6,9,6,6,1,1,1,1,6,6,1,1,6,1,9,6,6,6,1,6,6,1,1,6,1,1,1,6,6,1,6,6,6,1,1,9,1,1,6,1,1,1,1,1,6,6,6,6,6,1,6,6,6,6,6,6,1,1,6,6,1,1,6,1,6,1,1,6,6,6,1,6,6,6,1,6,1,6,1,1,1,6,6,1,1,1,1,6,6,1,6,6,1,6,1,6,6,1,6,1,6,9,9,6,6,1,1,1,6,6,6,6,6,6,1,1,1,1,6,1,1,1,1,6,6,6,6,6,6,6,6,9,1,1,1,1,1,1,6,6,1,1,1,1,1,1,1,6,6,6,6,1,1,1,6,1,1,1,6,1,1,1,6,6,6,1,6,6,6,1,6,6,6,6,1,6,1,1,1,1,1,1,6,6,6,6,1,1,1,1,1,6,6,1,1,1,1,1,6,6,1,6,6,6,6,6,1,6,6,6,6,6,6,6,6,1,1,1,1,1,6,1,1,6,6,6,6,1,6,1,6,1,1,1,6,6,1,6,6,1,6,1,6,6,6,6,1,1,6,1,6,1,6,6,6,1,1,1,1,1,1,1,1,1,6,6,6,6,6,6,1,6,1,6,6,6,1,1,6,1,6,6,1,1,6,1,6,1,6,6,1,1,1,6,6,6,1,1,6,6,1,1,6,6,1,6,1,6,6,6,6,6,1,6,1,1,6,6,1,1,1,1,1,1,1,1,1,1,6,6,1,1,1,1,1,1,6,1,6,6,1,1,1,1,6,6,1,1,6,6,1,1,6,1,6,1,6,6,6,6,6,1,6,9,9,9,6,6,1,1,6,1,6,6,1,1,6,1,6,1,1,1,6,6,1,1,6,1,6,6,1,1,1,6,1,1,6,6,1,6,6,6,1,1,6,1,1,6,1,6,1,1,1,1,1,6,6,1,1,6,1,6,6,1,1,1,6,1,1,1,1,1,6,6,6,6,6,1,1,1,6,6,1,1,6,6,1,1,6,1,6,1,1,6,6,6,1,1,6,1,6,6,1,1,6,6,1,1,9,1,6,6,6,6,6,6,6,1,1,1,1,1,1,1,1,6,6,1,1,6,1,1,6,6,6,6,1,1,6,1,1,6,6,6,6,6,6,1,1,1,1,6,6,6,1,1,1,6,6,6,6,6,6,6,6,1,1,1,1,1,6,6,6,6,1,1,6,6,1,1,1,6,6,1,6,1,1,6,6,6,6,6,1,6,1,1,9,9,1,1,6,6,1,6,1,6,1,1,6,6,1,1,1,1,1,1,1,6,6,1,1,6,6,1,1,1,1,6,6,1,1,1,1,1,1,1,9,6,6,1,1,6,6,1,1,1,1,6,6,1,1,1,1,1,6,6,1,6,1,1,6,6,1,6,1,1,6,6,1,1,6,1,1,6,6,6,6,6,6,6,1,6,1,6,1,1,1,1,6,6,6,1,1,1,6,6,1,6,6,6,6,6,6,6,6,6,1,6,1,6,1,1,1,1,6,6,1,1,1,1,6,6,6,6,6,1,6,6,1,1,1,1,1,6,1,9,9,9,9,9,9,9,9,9,6,6,1,6,1,1,6,1,1,6,1,6,6,6,6,1,1,6,1,1,1,6,6,1,9,1,6,6,6,1,1,1,6,6,6,1,6,1,1,6,6,1,6,6,6,6,6,1,1,1,1,6,6,1,1,1,1,6,6,6,1,1,1,6,6,6,6,6,6,1,1,1,1,1,9,9,9,9,9,9,9,9,9,9,9,9,9,9,9,1,1,6,6,1,1,1,1,7,1,6,6,6,1,1,1,6,6,6,6,6,6,6,1,6,6,6,6,6,1,6,6,6,6,6,1,6,9,9,6,6,6,6,6,1,1,1,6,1,6,1,1,6,6,6,1,1,6,6,1,1,1,1,1,6,1,1,1,6,1,1,1,1,6,6,1,1,7,1,1,6,6,6,6,1,6,1,1,1,9,1,6,1,1,6,1,1,1,1,1,1,1,6,6,1,1,1,1,1,1,1,1,1,1,1,1,1,6,1,1,1,1,6,1,1,1,1,1,1,1,1,1,1,1,1,1,1,1,6,6,6,6,1,6,1,1,1,1,1,1,1,1,1,1,1,1,1,1,1,1,1,1,1,1,1,6,1,1,6,6,1
78,20706,COURTNEY,100,6,6,6,1,6,1,6,6,6,1,6,1,1,1,1,1,1,1,1,6,1,6,1,1,6,6,1,1,1,1,6,6,1,6,6,1,1,1,1,1,1,1,1,6,1,1,1,1,1,6,6,1,6,6,6,1,6,6,1,1,6,6,1,6,1,1,6,6,6,6,6,6,6,6,6,6,6,1,1,6,6,6,6,6,1,1,6,6,6,6,6,6,6,6,6,6,6,6,1,6,1,6,6,1,1,1,1,1,1,1,1,1,6,6,6,6,1,1,6,6,1,6,1,1,6,1,6,6,6,6,1,6,6,6,1,6,6,6,1,1,1,1,1,1,1,1,6,1,1,1,6,1,1,1,1,1,6,1,1,6,6,6,6,1,1,1,6,6,1,1,1,1,1,1,6,6,1,6,6,1,6,1,1,1,6,1,6,6,6,6,6,1,6,1,1,6,6,6,6,6,6,6,6,1,6,1,6,1,1,6,6,6,6,1,1,6,6,6,1,1,1,1,6,6,1,1,1,6,6,1,1,1,1,6,1,1,1,1,6,6,1,1,6,1,6,6,1,1,1,1,6,6,1,1,6,1,1,6,6,6,1,6,6,6,1,1,1,1,1,6,6,1,6,6,6,1,1,1,1,1,6,1,1,1,1,1,6,6,6,6,6,1,1,6,6,6,6,6,1,1,6,6,6,1,6,1,1,1,1,6,6,6,1,1,6,6,1,6,1,6,1,1,1,6,6,1,1,1,1,6,6,1,6,6,1,6,1,6,6,1,6,1,1,1,1,6,6,1,1,9,9,6,6,6,6,6,1,1,1,1,6,1,1,6,1,6,6,6,6,1,6,6,6,6,1,1,1,1,1,1,6,6,1,1,1,1,1,1,1,6,6,6,6,1,1,1,6,1,1,1,6,1,1,1,6,6,6,1,6,6,6,1,6,6,6,6,1,6,6,6,1,1,1,1,6,6,6,6,1,1,1,1,1,6,6,1,1,1,1,1,6,6,1,6,6,6,6,6,1,6,6,6,6,6,6,6,6,1,1,1,1,1,6,1,1,6,6,6,6,1,6,1,6,1,1,1,6,6,1,6,6,1,9,1,6,6,6,6,1,1,6,1,6,1,1,6,6,1,1,1,1,1,6,1,1,1,6,6,6,6,6,6,1,6,1,6,6,6,1,1,1,1,6,6,1,1,6,1,6,1,6,6,1,1,1,6,6,6,1,1,6,6,1,1,6,6,1,6,1,6,6,6,6,6,1,6,1,1,6,6,1,1,1,1,1,1,1,1,1,1,6,6,1,1,1,1,1,1,6,1,6,6,6,1,1,1,6,6,1,1,6,6,1,1,6,1,6,1,6,6,6,6,1,1,6,1,1,1,6,6,6,1,6,1,6,6,1,1,6,1,6,1,1,1,6,6,1,1,6,1,6,6,1,1,1,6,1,6,6,6,1,6,6,9,1,1,6,1,1,6,1,6,1,1,1,1,1,6,6,1,1,6,1,6,6,1,1,1,6,1,1,1,1,6,6,6,6,6,6,1,6,1,6,6,1,1,6,6,1,1,6,1,1,1,6,6,6,6,1,1,6,6,6,6,1,6,6,6,9,1,1,1,1,1,1,6,6,6,6,1,6,1,1,6,1,1,1,6,6,1,1,6,1,1,6,6,6,6,1,6,6,1,1,6,6,6,6,6,6,1,1,9,9,9,9,9,9,1,1,6,6,6,6,6,6,6,6,1,1,1,6,9,6,6,6,1,1,1,6,6,1,1,1,6,6,9,9,1,1,6,6,6,6,6,1,6,1,1,1,1,1,6,6,6,1,6,1,6,6,1,6,6,1,1,6,1,6,1,6,6,6,1,1,6,6,1,1,6,6,6,6,1,1,1,1,1,1,1,6,6,6,6,1,6,6,6,1,1,1,6,6,1,1,1,1,1,6,6,1,6,1,1,6,6,6,6,1,1,6,6,1,1,9,1,1,6,6,6,6,6,6,6,1,6,6,1,9,1,1,1,6,6,6,1,1,1,6,6,6,6,6,6,6,6,6,6,6,6,1,6,1,6,1,1,1,1,6,6,1,1,6,1,6,6,6,6,6,1,1,6,1,1,1,1,1,6,1,1,1,1,6,6,1,1,1,1,6,6,1,6,1,1,6,1,1,6,1,6,6,6,6,1,1,6,1,1,1,6,6,1,1,1,6,6,6,1,1,1,6,6,6,1,1,1,1,6,6,1,6,6,6,6,6,1,1,1,1,6,6,1,1,1,1,6,6,6,1,1,1,6,6,6,6,1,1,1,1,1,1,1,1,1,6,6,6,6,1,1,6,6,1,6,1,1,6,1,1,6,6,1,1,1,1,7,1,6,6,6,1,1,1,6,6,6,6,6,6,6,1,6,6,6,6,6,1,6,6,6,6,6,1,6,1,1,6,6,6,6,6,1,1,1,6,6,6,1,1,6,6,6,1,1,6,6,1,1,1,1,6,6,1,1,1,6,1,1,1,1,6,6,1,1,1,1,1,6,6,6,6,1,6,1,1,1,6,1,6,1,1,6,1,1,1,1,1,1,1,6,6,6,1,1,1,1,1,1,1,1,1,1,1,1,6,1,1,1,1,1,1,1,1,1,1,1,1,1,1,1,1,1,1,1,1,6,6,6,6,1,6,1,1,1,1,1,1,1,1,1,1,1,1,6,9,1,1,1,1,1,1,1,6,1,1,6,6,1
79,20708,CASTOR,100,6,6,6,1,6,1,6,6,6,1,6,1,1,1,1,1,1,1,1,6,1,6,1,1,6,6,6,1,1,1,6,6,1,6,6,1,1,1,1,1,1,1,1,6,1,1,1,1,1,6,6,1,6,6,6,1,6,6,1,1,6,6,1,6,1,1,6,6,6,6,6,6,6,6,6,6,9,1,1,6,6,6,6,6,1,1,6,6,6,6,6,6,6,6,6,6,6,6,1,6,1,6,6,1,1,1,1,1,1,1,1,1,6,6,6,6,1,1,6,6,1,6,1,1,6,1,6,6,6,6,1,6,1,1,1,9,6,6,1,1,1,1,1,1,1,1,6,1,1,1,6,1,1,1,1,1,6,1,1,6,6,6,6,1,1,1,6,6,1,1,6,1,1,1,6,6,1,6,6,1,6,1,1,1,6,1,6,6,6,6,6,1,6,1,1,6,6,6,6,6,6,6,6,1,6,1,6,1,1,6,6,6,6,1,1,6,6,6,1,1,1,1,6,6,1,1,6,6,6,1,1,1,6,6,6,1,1,1,6,6,1,1,6,6,6,6,1,1,1,6,6,6,6,1,6,9,1,6,6,6,1,6,6,1,1,1,6,1,1,6,6,1,6,6,6,1,1,1,1,1,6,1,1,1,1,1,6,6,6,6,6,1,1,6,6,6,6,6,1,1,6,6,6,1,6,1,6,1,1,6,6,6,1,6,6,6,1,6,1,6,1,1,1,6,6,6,1,1,1,6,6,6,6,6,1,6,9,6,6,1,6,1,6,1,1,6,6,1,1,1,6,1,6,6,6,1,1,1,1,1,6,1,1,1,1,6,6,6,6,6,6,6,1,6,1,1,1,1,1,1,6,6,1,1,1,1,1,1,1,6,6,6,6,1,1,1,6,1,1,1,6,1,1,1,6,6,6,1,6,6,6,1,6,6,6,6,1,6,1,1,1,1,1,1,6,6,6,6,1,1,1,1,1,6,6,1,1,1,1,1,6,6,6,6,6,1,6,6,1,6,6,6,6,6,6,6,6,1,6,1,1,6,6,1,9,6,6,6,6,1,6,1,6,1,1,1,6,6,1,6,6,1,6,9,9,9,9,9,9,9,9,1,6,1,1,6,6,1,1,1,1,1,6,1,1,1,6,6,6,6,6,6,1,6,1,6,6,6,1,1,1,1,6,6,1,1,6,1,6,1,6,6,6,1,1,6,6,6,1,1,1,6,1,1,6,6,1,6,1,6,6,1,1,6,1,6,1,1,6,6,1,1,1,1,1,1,1,1,1,6,6,6,1,1,1,1,1,1,6,1,6,6,6,1,1,1,6,6,1,1,6,6,1,1,6,1,6,1,6,6,6,6,6,1,6,1,1,6,6,6,6,1,6,1,6,6,1,1,6,1,6,1,1,6,6,6,6,1,6,1,6,6,1,1,1,6,9,9,6,6,1,6,6,6,1,1,6,1,1,6,6,6,1,1,1,6,1,6,6,1,1,6,1,6,6,1,6,1,6,1,1,1,1,6,6,6,6,6,6,1,6,1,6,6,1,1,6,6,1,1,6,1,6,1,6,6,6,6,1,1,6,9,6,6,1,6,6,1,1,1,9,1,1,1,1,6,6,6,6,1,6,6,1,1,1,1,1,6,6,1,1,6,1,6,6,6,6,6,1,6,6,1,1,6,6,9,6,6,6,9,6,1,1,6,6,6,1,1,6,6,6,6,6,6,6,6,6,1,1,6,6,6,6,6,6,1,1,1,6,6,1,1,1,6,6,1,6,1,1,6,6,6,6,6,1,6,1,1,1,1,1,6,6,6,1,6,1,6,6,1,6,6,1,1,6,1,6,1,6,6,6,1,1,6,6,1,1,6,6,6,6,1,1,1,1,1,1,1,6,9,9,6,1,6,6,6,1,9,1,6,6,1,1,9,1,1,6,6,1,6,1,1,6,6,6,6,1,1,6,6,1,1,6,1,1,6,6,6,6,9,9,6,1,6,6,1,6,1,1,1,6,6,6,1,1,6,6,6,6,6,6,6,6,6,6,6,6,6,1,6,1,6,6,9,9,9,6,6,6,1,6,1,6,6,6,6,1,1,1,9,9,9,9,9,9,6,1,1,1,1,6,6,6,1,1,1,6,6,6,6,1,1,6,1,1,6,1,6,6,6,6,1,1,6,1,1,6,6,6,1,1,1,6,6,6,1,1,6,6,6,6,1,6,1,6,6,6,1,6,6,6,6,6,1,1,1,1,6,6,1,6,1,1,6,6,6,1,1,6,1,6,6,6,6,6,6,1,6,1,1,1,1,6,6,6,6,1,6,6,6,1,6,1,1,6,1,1,6,6,1,1,1,9,9,1,6,6,6,1,1,1,6,6,6,6,6,6,6,1,6,6,6,6,6,1,6,6,6,6,6,1,6,1,1,6,6,6,6,6,1,1,1,6,6,6,1,9,9,6,6,1,1,6,6,1,1,1,1,6,6,1,1,1,6,1,1,1,1,9,9,9,1,1,1,1,6,6,6,6,1,6,1,1,1,6,1,6,1,1,6,1,1,1,1,1,1,1,6,6,6,1,1,1,1,1,1,1,1,1,1,1,1,6,1,1,1,1,6,1,1,1,1,1,1,1,1,1,1,1,6,1,1,1,6,6,6,6,1,6,1,9,1,1,1,1,1,1,1,1,1,1,1,1,1,1,1,1,1,1,1,6,1,1,6,6,1
80,20709,BUCHANAN,200,1,1,1,6,1,6,1,1,9,1,1,6,6,6,6,6,6,6,6,1,6,1,9,9,1,1,1,6,6,1,1,1,1,1,1,6,6,6,6,6,6,6,6,1,6,6,6,6,6,1,1,6,1,1,1,6,1,9,1,1,1,1,6,1,1,1,1,1,1,1,1,1,1,1,1,1,1,1,1,1,1,1,1,1,9,9,1,1,1,1,1,1,1,1,1,1,1,1,1,1,1,1,1,1,6,6,6,6,6,6,6,6,1,1,1,1,6,6,1,1,6,1,6,6,1,1,1,1,1,1,6,1,6,6,1,1,1,1,6,6,6,6,6,6,6,6,1,6,6,6,1,6,6,6,6,6,1,1,1,1,1,1,1,6,6,6,1,1,1,1,1,1,1,1,1,1,1,1,1,1,1,6,1,6,1,1,1,1,6,1,1,1,1,9,9,1,1,1,1,1,1,1,1,6,1,6,1,1,1,1,1,1,1,6,1,1,1,1,1,1,1,1,1,1,1,1,1,1,1,1,1,1,1,9,9,1,1,1,1,1,1,6,1,1,1,1,1,1,1,1,1,1,1,1,1,1,1,1,1,1,1,1,1,1,1,6,1,9,9,1,1,1,1,1,1,1,1,6,6,6,1,6,1,1,9,9,1,1,1,1,1,6,1,1,1,1,1,1,1,1,1,1,1,6,1,1,1,1,1,1,1,1,6,1,1,1,6,1,1,1,1,9,9,1,1,1,1,1,1,1,1,1,1,6,6,1,1,1,1,6,1,6,1,1,1,1,1,1,6,6,1,6,1,1,1,6,6,6,6,6,1,6,6,6,6,6,6,1,1,6,6,1,1,1,1,6,1,1,1,1,1,1,1,6,6,6,6,6,6,1,1,1,1,6,6,6,1,6,6,6,1,1,6,6,1,1,1,1,1,1,9,1,1,1,6,6,6,1,6,6,6,6,6,6,1,1,6,1,6,1,6,1,6,1,1,1,1,1,1,1,1,1,1,1,6,1,6,6,6,6,6,1,6,1,6,1,1,6,6,6,6,1,1,6,6,9,9,9,9,9,9,9,9,9,9,9,9,9,9,9,9,9,9,9,1,1,1,1,6,6,6,1,6,6,6,6,1,1,6,6,6,6,1,6,6,6,1,1,1,1,1,1,6,1,6,1,1,6,6,6,6,6,6,1,6,6,1,1,1,1,1,1,1,6,6,1,1,1,1,6,1,9,9,9,1,1,6,1,1,1,1,6,6,6,6,1,1,1,1,9,1,1,6,1,1,6,1,9,9,9,9,9,9,6,6,6,6,6,1,1,1,1,1,6,6,6,1,1,1,1,1,1,6,6,1,6,1,1,1,1,1,1,1,6,1,1,1,1,1,1,1,6,1,1,1,1,1,6,1,1,1,1,1,1,1,1,1,6,1,1,1,1,1,1,9,1,1,1,1,1,6,1,9,9,6,6,1,1,6,1,1,9,6,1,9,1,1,1,1,1,6,1,1,1,1,1,1,1,1,1,9,9,6,1,1,1,1,1,1,6,1,6,1,1,1,1,9,1,1,6,1,1,1,1,1,1,1,1,9,6,1,1,1,1,1,1,1,1,9,1,1,1,6,6,6,1,1,1,1,1,1,6,6,1,9,1,1,1,1,1,1,1,1,1,1,1,1,1,6,1,1,1,1,1,6,1,1,1,1,1,1,1,1,1,1,1,1,1,1,1,1,1,1,1,1,1,1,1,1,1,1,1,1,1,1,1,9,9,1,1,1,1,6,1,1,6,1,1,1,1,1,1,1,1,6,1,1,1,1,1,6,1,1,1,6,1,6,6,1,1,1,1,1,6,1,6,1,6,1,1,1,1,1,1,1,1,6,1,1,1,1,1,1,1,1,1,1,1,1,1,1,1,6,1,1,9,1,1,1,1,1,1,1,1,1,1,1,1,6,1,1,6,6,1,6,1,6,1,1,1,6,1,9,1,1,1,1,7,1,1,1,1,6,1,6,1,1,1,1,1,1,1,1,1,1,1,1,1,1,6,6,6,1,6,1,1,6,6,1,1,6,1,1,9,9,9,1,1,1,6,1,1,1,1,1,6,6,6,6,1,1,1,1,1,6,1,1,1,1,1,1,1,1,6,1,1,1,1,1,6,6,6,6,6,6,6,1,1,6,1,1,6,6,1,1,1,1,1,1,1,1,1,1,1,1,9,9,9,1,1,1,6,1,6,1,1,1,6,1,1,1,1,1,6,1,1,1,1,1,1,6,1,6,6,1,1,6,1,6,6,1,1,1,6,6,6,6,6,6,1,1,1,1,1,1,1,6,6,1,1,6,1,1,6,1,1,1,1,1,1,1,1,1,1,1,1,1,6,6,6,6,6,1,1,1,6,6,1,6,6,6,6,6,6,6,1,1,1,1,1,6,6,9,9,1,1,1,1,1,1,1,6,1,1,1,1,6,1,1,1,6,1,1,1,6,6,6,6,1,1,1,1,1,1,1,1,1,1,1,1,1,1,1,1,1,1,1,1,1,6,1,1,1,9,1,1,6,1,1,9,9,9,9,9,9,9,9,9,9,9,9,9,9,9,9,9,9,9,9,9,9,9,1,1,1,1,1,1,1,1,1,1,1,1,1,1,1,1,1,1,1,1,1,1,1,1,1,1,1,1,1,1,1,1,1,1,1,1,1,1,1,1,1,1,1,1,1,1,1,1,1,1,1,1,1,1
81,20712,JOHNSON,100,6,6,6,1,6,1,6,1,6,6,6,1,1,1,1,1,1,1,1,6,1,6,1,1,9,9,9,9,9,9,9,9,9,6,6,1,1,1,1,1,1,1,1,6,1,1,1,1,1,6,1,1,6,9,6,1,6,6,1,1,6,6,1,6,9,1,6,6,6,6,6,6,6,6,6,6,6,1,9,6,6,9,6,6,1,1,6,6,6,6,6,6,6,6,6,6,6,6,1,6,1,6,6,1,1,1,1,1,1,1,1,1,6,6,6,6,1,1,6,6,9,6,1,1,6,1,6,6,6,6,1,6,1,1,1,1,6,6,1,1,1,1,1,1,1,1,6,1,1,1,6,1,1,1,9,1,6,1,1,6,6,6,1,1,1,1,6,6,1,1,1,1,1,1,6,6,1,6,6,1,6,1,1,1,6,1,6,6,1,9,6,1,6,1,1,6,6,6,6,6,6,6,6,1,6,1,6,1,1,6,6,6,6,1,6,6,6,6,6,1,1,1,6,6,1,6,1,6,6,1,1,1,1,6,1,1,1,1,6,6,1,1,6,1,6,6,1,1,1,1,6,6,6,1,6,1,1,6,6,6,1,6,6,6,1,1,1,6,6,6,6,1,6,6,6,1,1,1,1,1,6,9,6,1,1,1,6,6,6,6,6,1,6,6,6,6,6,6,1,1,6,6,1,1,6,6,6,1,1,6,6,6,1,6,6,6,1,6,1,6,1,1,1,6,6,1,1,1,1,6,6,1,6,6,1,6,1,6,6,1,6,1,6,1,1,6,6,1,1,1,6,1,6,6,6,6,1,1,1,1,6,1,1,1,1,6,6,6,6,6,6,6,6,6,1,1,6,1,1,1,6,6,1,1,1,1,1,1,1,6,6,6,6,1,1,1,6,1,1,1,6,6,1,1,6,9,9,9,6,6,6,1,6,6,6,6,1,6,1,1,1,1,1,1,6,6,6,6,1,1,1,1,1,6,6,6,1,1,1,1,6,6,1,6,6,6,6,6,1,6,6,6,6,6,6,6,6,1,1,1,1,1,6,1,1,6,6,6,6,1,6,1,6,1,1,1,6,6,1,6,6,1,6,1,6,6,6,6,1,1,6,1,6,1,1,6,6,1,1,1,1,1,6,1,1,1,6,6,6,6,6,6,1,6,1,6,6,6,1,1,1,1,6,6,1,1,6,1,6,1,6,6,1,1,1,6,9,6,1,9,6,6,1,1,6,6,1,6,1,6,6,1,1,6,1,6,1,1,6,6,1,1,1,1,1,1,1,1,1,1,6,6,1,1,1,1,1,1,6,1,6,6,1,1,1,1,6,6,1,1,6,6,1,1,6,1,6,1,6,6,6,6,1,1,6,1,1,1,9,9,9,1,6,1,6,6,1,1,6,1,6,7,1,1,6,6,1,1,6,6,6,6,1,1,1,6,1,1,6,6,1,6,6,6,1,1,6,1,1,6,1,6,1,1,1,1,1,6,6,1,1,6,1,6,6,1,1,1,6,1,1,1,1,6,6,6,6,6,6,1,1,1,6,6,1,1,6,6,1,1,6,1,6,1,1,6,6,6,1,1,6,6,6,6,1,1,6,6,9,1,1,1,1,9,1,6,6,6,6,1,1,1,1,6,1,1,1,6,6,1,1,6,1,1,6,6,6,6,1,6,6,1,1,6,6,6,9,6,6,1,6,1,1,6,6,6,1,1,1,6,6,6,6,6,6,9,6,1,1,1,9,1,6,9,6,6,1,1,6,6,1,1,1,6,9,9,6,1,1,6,6,6,6,6,1,6,1,1,1,1,1,6,6,6,1,6,1,6,6,1,6,6,6,1,6,1,6,1,6,6,6,1,1,6,6,6,1,6,6,6,9,1,1,6,1,1,1,1,1,6,6,6,1,6,6,1,1,1,1,6,6,1,1,1,1,1,6,6,1,6,1,1,6,6,6,6,1,1,6,6,1,1,9,1,1,9,6,6,6,6,6,6,1,6,1,6,1,1,1,1,6,9,6,1,1,1,6,6,1,6,6,6,6,6,6,6,6,6,6,6,1,6,9,1,1,1,6,6,1,1,6,6,6,6,6,1,1,1,1,6,1,1,1,1,1,6,6,1,1,1,6,6,1,1,1,1,6,6,6,6,1,1,6,1,1,6,1,6,6,6,6,1,1,6,1,1,1,6,6,1,1,6,6,6,6,1,1,1,6,6,6,1,6,1,6,6,6,1,6,6,6,6,6,1,1,1,1,6,6,1,6,1,1,6,6,6,1,1,1,6,6,6,6,6,6,6,1,6,1,6,1,1,6,6,6,6,1,6,6,6,1,6,1,1,6,1,1,6,6,1,1,1,1,7,1,6,6,6,1,1,1,6,6,6,6,6,6,6,1,6,6,6,6,6,1,6,6,6,6,6,1,6,1,1,6,6,6,6,6,1,1,1,6,6,6,6,1,1,6,9,1,1,6,9,1,1,1,1,6,6,1,1,1,6,1,1,1,1,6,6,1,1,6,1,6,6,6,6,6,1,6,1,1,1,9,1,6,1,1,6,1,1,1,1,1,1,1,6,6,1,1,1,1,1,1,1,1,1,1,1,1,1,6,1,1,1,1,1,1,1,1,1,1,1,1,1,1,1,1,6,1,1,1,6,6,6,6,1,6,1,1,1,1,1,1,1,1,1,1,1,1,6,1,1,1,1,1,1,1,6,6,1,1,6,6,1
82,20715,ROSKAM,200,1,1,1,6,1,6,1,1,1,1,1,6,6,6,6,6,6,6,6,1,6,1,1,1,1,1,1,6,6,1,1,1,1,1,1,6,6,6,6,6,6,6,6,1,6,6,6,6,6,1,1,6,1,1,1,6,1,1,1,1,1,1,6,1,1,1,1,1,1,1,1,1,1,1,1,1,1,1,1,1,1,1,1,1,1,1,1,1,1,1,1,1,9,1,1,1,1,1,1,1,1,1,1,1,6,6,6,6,6,6,6,6,1,1,1,1,6,6,1,1,6,1,6,6,1,1,1,1,1,9,6,1,6,6,1,1,1,1,6,6,6,6,6,6,6,6,1,6,6,6,1,6,6,6,6,6,1,1,1,1,1,1,1,6,6,6,1,1,1,1,9,1,1,1,1,1,1,1,1,1,1,6,1,6,1,1,1,1,6,1,1,1,6,1,1,1,1,1,1,1,1,1,1,6,1,6,1,1,1,1,1,1,1,6,1,1,1,1,1,1,1,1,1,1,1,1,1,1,1,1,1,1,6,1,1,1,1,1,1,1,1,6,1,1,1,1,1,6,1,6,1,1,1,1,1,1,1,1,1,1,1,1,1,1,1,6,1,1,1,1,1,1,1,1,1,1,1,1,6,6,1,6,1,1,1,1,1,1,1,1,1,6,1,1,1,1,1,1,1,1,1,1,1,6,1,1,1,1,1,1,1,1,6,1,9,1,6,1,1,1,1,1,1,1,1,1,1,1,1,1,1,9,1,1,6,1,1,1,1,6,1,6,1,1,1,1,1,1,6,6,1,6,9,9,1,6,6,6,6,9,1,6,6,1,6,1,1,1,6,6,1,1,1,1,1,6,1,1,1,1,1,1,1,6,6,6,6,6,6,1,1,1,1,6,6,6,1,6,6,6,1,1,6,6,1,1,1,1,1,1,1,1,1,1,6,6,6,6,6,6,6,6,6,6,9,9,9,9,9,9,9,9,9,9,9,9,9,1,1,1,1,1,1,6,6,1,1,6,6,6,6,6,6,1,6,1,1,6,6,6,6,1,6,6,6,6,1,6,1,6,6,6,6,6,6,6,1,1,6,6,1,6,1,1,1,1,1,1,6,6,6,1,6,6,6,1,1,1,6,6,1,6,1,6,6,6,6,6,1,1,1,6,6,1,6,1,1,6,6,6,6,6,1,1,1,6,1,1,1,1,1,1,1,6,6,1,9,1,1,6,1,1,1,1,1,1,6,1,1,1,1,6,6,6,6,1,1,1,1,1,1,1,6,1,1,6,1,1,1,1,9,1,1,6,6,6,6,6,1,1,1,1,1,6,6,6,1,1,1,1,1,1,6,6,1,6,1,1,1,1,1,1,1,6,1,1,1,1,1,1,1,6,1,1,1,1,9,6,1,1,1,1,1,1,1,1,1,6,1,1,1,1,1,9,1,1,1,1,1,1,6,1,1,1,6,6,1,1,6,1,1,1,6,1,1,6,1,1,1,1,6,6,1,1,1,1,6,1,1,1,1,1,6,1,1,1,1,1,1,6,1,6,1,1,1,1,1,1,1,6,1,1,1,1,6,1,1,1,1,6,1,6,1,1,1,6,1,1,1,1,1,1,6,6,9,1,1,1,1,1,6,6,6,1,1,1,1,1,1,1,1,1,1,6,1,1,1,1,6,1,1,1,1,1,6,1,9,1,1,1,1,1,1,1,1,1,1,1,6,1,1,1,1,1,1,1,1,1,1,6,1,6,1,1,1,1,1,1,1,1,1,1,6,1,1,6,6,1,1,1,1,9,1,1,6,1,1,1,1,1,6,1,1,1,6,1,6,1,1,1,1,1,1,6,1,6,1,6,1,1,1,1,1,1,1,1,6,1,6,1,1,1,1,1,1,1,1,1,6,1,1,1,6,1,1,1,1,1,1,1,1,1,1,1,1,1,1,1,6,1,1,6,6,6,6,1,6,1,1,1,6,1,1,1,1,1,1,1,1,1,1,1,6,1,6,1,6,1,1,1,9,1,1,1,1,1,1,1,9,1,6,6,1,6,1,1,6,6,1,1,6,1,6,1,1,1,9,1,6,6,1,1,1,1,1,6,6,6,6,1,1,6,6,1,6,1,1,1,1,1,1,1,6,6,1,1,1,1,6,6,6,1,6,6,6,6,6,6,6,6,6,6,6,1,9,9,9,1,1,1,1,1,1,1,1,1,1,6,1,1,1,6,1,6,1,1,1,6,6,1,1,1,1,6,1,1,1,1,1,1,1,1,6,1,1,1,6,1,6,6,1,1,1,6,6,6,6,6,6,1,1,1,1,1,1,1,6,1,1,1,6,1,1,6,1,1,1,1,1,1,1,1,1,1,1,1,1,1,6,6,1,6,6,6,1,1,1,1,1,1,1,6,6,1,6,1,1,1,1,1,6,1,1,1,1,1,1,1,1,1,1,6,1,1,1,1,6,1,1,1,6,1,1,1,6,6,6,6,1,1,1,1,1,1,1,1,1,1,1,1,1,1,1,1,1,1,1,1,1,6,1,1,1,1,1,9,9,9,9,1,1,9,9,9,1,1,1,9,9,9,1,1,1,1,1,1,1,1,1,1,1,1,9,9,1,1,1,1,1,1,1,1,1,1,1,1,1,1,1,1,1,1,1,9,9,9,9,9,9,9,9,9,9,9,9,9,9,9,9,9,9,9,9,9,9,9,9,9,9,9,9,9,9,9,9,9
83,20720,LOEBSACK,100,6,6,6,1,6,1,6,6,6,6,6,1,1,1,1,1,1,1,1,6,1,6,1,1,6,6,6,1,1,1,6,6,1,6,6,1,1,1,1,1,1,1,1,6,1,1,1,1,1,6,6,1,9,6,6,6,6,1,1,1,6,6,1,6,1,1,6,6,6,6,6,6,6,6,6,6,6,1,1,6,6,6,6,6,1,1,6,6,6,6,6,6,6,6,6,6,6,6,1,6,1,6,6,1,1,1,1,1,1,1,1,1,6,6,6,1,1,1,6,6,1,1,1,1,6,1,6,6,6,6,6,6,6,6,1,9,6,6,1,1,1,1,1,1,1,1,6,1,1,1,6,1,1,1,1,1,6,9,9,9,6,6,1,1,1,1,6,6,1,1,6,1,1,1,6,6,1,6,6,1,6,1,1,1,6,9,6,6,9,6,6,1,6,1,1,6,6,6,6,6,6,6,6,1,6,1,6,1,1,6,6,6,6,1,1,6,6,6,1,1,1,1,6,6,1,1,6,6,6,1,1,1,6,6,1,1,1,1,6,6,1,1,6,6,6,6,1,1,1,6,6,6,6,1,6,1,1,6,6,6,1,6,6,6,1,1,6,1,1,6,6,1,6,6,6,1,1,1,1,1,1,1,1,1,1,1,6,6,6,6,6,1,1,6,6,6,6,6,1,1,6,6,6,1,6,1,1,1,1,6,6,6,1,1,6,6,1,6,1,1,1,1,1,9,6,6,1,1,1,6,6,6,6,6,1,6,1,6,6,1,6,1,6,1,1,6,6,1,1,1,6,6,6,6,6,6,1,1,1,1,6,1,1,6,1,6,6,6,6,6,6,6,6,6,1,1,1,1,1,1,6,6,1,1,1,1,1,1,1,6,6,6,6,1,1,1,6,1,1,1,9,1,1,6,6,1,6,1,6,6,6,1,6,6,6,6,1,6,1,1,1,1,1,1,6,6,6,6,1,1,1,1,1,6,6,1,1,1,1,1,6,6,6,6,6,6,6,6,1,6,6,6,6,6,6,6,6,1,6,1,1,6,6,1,1,6,6,6,6,1,6,1,6,1,1,1,6,6,1,6,6,1,6,1,6,6,6,6,1,1,6,1,6,1,1,6,6,1,1,1,1,1,1,1,1,1,6,6,6,6,6,6,1,6,1,6,6,6,1,1,1,1,6,6,1,1,6,1,1,1,6,6,6,1,1,6,6,6,1,1,1,1,1,1,6,6,1,6,1,6,6,6,6,6,6,6,1,1,6,6,1,1,1,1,1,1,1,1,1,6,6,6,1,1,1,1,1,1,6,1,6,6,6,1,1,1,6,6,1,1,6,6,1,1,6,1,6,1,6,6,6,6,6,1,1,1,1,6,6,6,6,1,6,1,6,6,1,1,1,1,6,9,9,9,6,6,6,1,6,1,6,6,1,1,1,6,1,1,6,6,1,6,6,6,1,1,6,1,1,6,6,9,1,1,1,6,1,6,6,1,1,6,1,6,6,1,6,1,6,1,1,1,1,1,6,6,6,6,6,1,1,1,6,6,1,1,6,6,1,1,6,1,1,1,6,6,6,6,1,1,6,6,6,6,1,6,1,1,1,1,1,1,6,6,6,6,6,6,6,1,6,6,1,1,1,1,1,6,6,1,1,6,1,6,6,6,6,6,1,6,6,1,1,6,6,1,6,6,1,9,1,1,1,6,6,1,1,1,6,6,6,6,6,6,6,6,1,1,1,6,1,6,1,6,6,1,1,1,6,6,1,1,1,1,6,1,6,1,1,6,6,6,6,6,1,6,1,1,1,1,1,1,6,6,1,6,1,6,1,1,6,6,1,1,1,1,6,1,1,6,6,1,1,6,6,1,1,1,6,6,6,1,1,1,1,1,1,1,6,6,6,1,1,6,6,1,1,1,1,6,6,1,1,1,1,1,6,6,1,6,1,1,6,6,1,6,1,1,6,6,1,1,6,1,1,6,6,6,6,6,6,6,1,6,1,6,6,1,1,1,6,6,6,1,1,1,6,6,6,6,6,6,6,6,6,6,6,6,1,6,1,6,6,9,9,9,6,6,9,1,6,1,6,6,6,6,6,1,1,6,1,1,1,1,6,6,1,1,1,1,6,6,6,1,1,1,6,6,6,6,1,1,6,1,1,6,1,6,6,6,6,1,1,1,1,1,6,6,6,1,1,1,6,6,1,9,9,9,6,6,6,1,6,1,1,6,6,1,6,6,6,6,6,1,1,1,1,6,6,1,1,1,1,6,6,6,1,1,6,6,6,6,6,6,6,1,1,6,1,1,1,1,6,6,6,6,1,6,6,6,1,6,6,1,6,9,9,6,6,1,1,1,1,7,1,6,6,6,1,1,1,6,6,6,6,6,6,6,1,6,6,6,6,6,1,6,6,6,6,6,1,6,1,1,6,6,6,6,1,1,1,1,6,1,6,1,1,1,6,9,1,1,6,6,1,1,1,1,9,1,1,1,1,6,1,1,1,1,6,6,1,1,7,1,1,6,6,6,1,1,6,1,1,1,6,1,6,1,1,6,1,1,1,1,1,1,1,6,6,6,1,1,1,1,1,1,1,1,1,1,1,1,6,1,1,1,1,1,1,1,1,1,1,1,1,1,1,1,1,1,1,1,1,6,6,6,6,1,6,1,1,1,1,1,1,1,1,1,1,1,1,6,1,1,1,1,1,1,1,1,6,1,1,6,6,1
84,20723,YARMUTH,100,6,6,6,1,6,1,6,6,6,6,6,1,1,1,1,1,1,1,1,6,1,6,1,1,6,6,1,1,1,1,6,6,1,6,6,1,1,1,1,1,1,1,1,6,1,1,1,1,1,6,6,1,6,6,6,1,6,6,1,1,6,6,1,6,1,1,6,6,6,6,6,6,6,6,6,6,6,1,1,6,6,6,6,6,1,1,6,6,6,6,6,6,6,6,6,6,6,6,1,6,1,6,6,1,1,1,1,1,1,1,1,1,6,6,6,6,1,1,6,6,1,6,1,1,6,1,6,6,6,6,1,6,1,1,1,1,6,6,1,1,1,1,1,1,1,1,6,1,1,1,6,1,1,1,1,1,6,1,1,6,6,6,1,1,1,1,6,6,1,1,1,1,1,1,6,6,1,9,9,9,6,1,1,1,6,1,6,6,1,6,6,1,1,1,1,6,6,6,6,6,6,6,6,1,6,1,6,1,1,6,6,6,6,1,1,6,6,9,1,1,1,1,6,6,1,1,1,6,6,1,1,1,1,6,1,1,1,1,6,6,1,1,6,1,6,6,1,1,1,1,6,6,1,1,6,1,1,6,6,6,1,6,6,6,1,1,6,1,1,6,6,1,6,6,6,1,1,1,1,1,6,1,1,1,1,1,6,6,6,6,6,1,6,6,6,6,6,6,1,1,6,6,1,1,6,1,1,1,1,6,6,6,1,6,6,6,1,6,1,6,1,1,1,9,6,1,1,1,1,6,6,1,6,6,1,6,1,6,6,1,6,1,6,1,1,6,6,1,1,1,6,6,6,6,6,6,1,1,1,1,6,1,1,6,1,6,6,6,6,6,6,6,6,6,1,1,6,1,1,1,6,6,9,1,1,1,1,1,1,6,6,6,6,1,1,1,6,1,1,1,6,1,1,1,6,6,6,1,6,6,6,1,6,6,6,6,1,6,1,1,1,1,1,1,6,6,6,6,1,1,1,1,1,6,6,1,1,1,1,1,6,6,9,6,6,6,6,6,1,6,6,6,6,6,6,6,6,1,1,1,1,6,6,1,1,6,6,6,6,1,6,1,6,1,1,1,6,6,1,6,6,1,6,1,6,6,6,6,1,1,6,1,6,1,1,6,6,1,1,1,1,1,6,1,1,1,6,6,6,6,6,6,1,6,1,6,6,6,1,1,1,1,6,6,1,1,6,1,6,1,9,9,9,1,1,6,6,6,1,1,6,6,9,9,6,6,1,6,1,6,6,1,1,6,1,6,9,9,6,6,1,1,1,1,1,1,1,9,9,9,6,6,1,1,1,1,1,1,6,1,6,6,1,1,1,1,6,6,1,1,6,6,1,1,6,1,6,1,6,6,6,6,6,1,6,1,1,1,6,6,1,1,6,1,6,6,1,1,6,1,6,1,1,1,6,6,1,1,6,6,6,6,1,1,1,6,1,1,6,6,1,6,6,6,1,1,6,1,1,6,1,6,1,1,1,1,1,6,6,1,1,6,1,6,6,1,1,1,6,1,1,1,1,6,6,6,6,6,6,1,6,1,6,6,1,1,6,6,1,1,6,1,6,1,1,6,6,6,1,1,6,1,6,6,1,1,6,6,1,1,1,1,6,6,6,6,9,9,9,1,1,1,1,6,1,1,1,6,6,1,1,6,1,1,6,6,6,6,1,6,6,1,1,6,6,6,6,6,6,1,6,1,1,6,6,6,1,9,9,6,6,6,7,6,6,6,6,1,1,1,9,1,6,6,6,1,1,1,6,6,1,9,1,6,6,1,6,1,1,6,6,6,6,6,1,6,1,1,1,1,1,6,6,6,1,6,1,6,9,9,6,6,1,1,6,1,6,1,6,6,6,1,1,6,6,1,1,6,1,6,6,1,1,6,1,1,1,1,9,6,6,6,1,6,6,6,1,1,1,6,6,1,1,1,1,1,6,6,1,6,1,1,6,6,1,6,1,1,6,6,1,1,6,1,1,6,6,6,6,6,6,6,1,6,6,6,1,1,1,1,6,6,6,1,1,6,6,6,9,6,6,6,6,6,6,6,6,6,1,6,1,6,9,1,1,1,6,6,1,1,6,6,6,6,6,6,6,1,1,6,1,1,1,1,1,6,6,1,1,1,6,6,1,1,1,1,6,6,1,6,1,1,6,1,1,6,1,6,6,6,6,1,1,6,1,1,1,6,6,9,1,1,6,6,6,1,1,1,6,6,6,1,6,6,1,6,6,1,9,6,6,6,6,1,1,1,1,6,6,1,6,1,1,6,6,6,1,1,6,6,6,6,6,6,6,6,1,6,1,6,1,1,6,6,6,6,1,6,6,6,1,6,1,1,6,9,9,6,6,1,1,1,1,7,1,6,6,6,1,1,1,6,6,6,6,6,6,6,1,6,6,6,6,6,1,6,6,6,6,6,1,6,1,1,6,6,6,6,6,1,1,1,6,6,6,6,1,6,6,9,1,1,6,6,1,1,1,1,6,6,1,1,1,6,1,1,1,1,6,6,9,1,1,1,6,6,6,6,6,1,6,1,1,1,6,9,6,1,1,6,1,1,1,1,1,1,1,6,6,1,1,1,1,1,1,1,1,1,9,9,9,9,6,1,1,1,1,6,1,1,1,1,1,1,1,1,1,1,1,1,1,1,1,6,6,6,6,1,9,1,1,1,1,1,1,1,1,1,1,1,1,6,1,1,1,1,1,1,1,1,6,1,1,6,6,1
85,20724,SARBANES,100,6,6,6,1,6,1,6,6,6,1,6,1,1,1,1,1,1,1,1,6,1,6,1,1,6,6,6,1,1,6,6,6,1,6,6,1,1,1,1,1,1,1,1,6,1,1,1,1,1,6,6,1,6,6,6,1,6,6,1,1,6,6,1,6,1,1,6,6,6,6,6,6,6,6,6,6,6,1,1,6,6,6,6,6,1,1,6,6,6,6,6,6,6,6,6,6,6,6,1,6,1,6,6,1,1,1,1,1,1,1,1,1,6,6,6,6,1,1,6,6,1,6,1,1,6,1,6,6,6,6,1,6,1,1,1,1,6,6,1,1,1,1,1,1,1,1,6,1,1,1,6,1,1,1,1,1,6,1,1,6,6,6,6,1,1,1,6,6,1,1,6,1,1,1,6,6,1,6,6,1,6,1,1,1,6,1,6,6,6,6,6,1,6,1,1,6,6,6,6,6,6,6,6,1,6,1,6,1,1,6,6,6,6,1,6,6,6,6,1,1,1,1,6,6,1,6,6,6,6,1,1,1,6,6,1,1,1,1,6,6,1,1,6,6,6,6,1,1,1,6,6,6,6,1,6,1,1,6,6,6,1,6,6,6,1,1,6,1,1,6,6,1,6,6,6,1,1,1,1,1,6,1,1,1,1,1,6,6,6,6,6,1,6,6,6,6,6,6,1,1,6,6,6,1,6,1,6,1,1,6,6,6,1,6,6,6,1,6,1,1,1,1,1,6,6,6,1,1,1,6,6,6,6,6,1,6,1,6,6,1,6,1,6,1,1,6,6,1,1,1,6,1,6,6,6,1,1,1,1,1,6,1,1,1,1,6,6,6,6,6,6,6,6,6,1,1,1,1,1,1,6,6,1,1,1,1,1,1,1,6,6,6,6,1,1,1,6,1,1,1,6,1,1,1,6,6,6,1,6,6,6,1,6,6,6,6,1,6,1,1,1,1,1,1,9,6,7,6,1,1,1,1,1,6,6,1,1,1,1,1,6,6,6,6,6,6,6,6,1,6,6,6,6,6,6,6,6,1,1,1,1,6,6,1,1,6,6,6,6,1,6,1,6,1,1,1,6,6,1,6,6,1,6,1,6,6,6,6,1,1,6,1,6,1,1,6,6,1,1,1,1,1,6,1,1,1,6,6,6,6,6,6,1,6,1,6,6,6,1,1,1,1,6,6,1,1,6,1,6,1,6,6,6,1,1,6,6,6,1,1,6,6,1,1,6,6,1,6,1,6,6,1,1,9,1,6,1,1,6,6,1,1,1,1,1,1,1,1,1,6,6,6,1,1,1,1,1,1,6,1,6,6,6,1,1,1,6,6,1,1,6,6,1,1,6,1,6,1,6,6,6,6,6,1,6,1,1,6,6,6,6,1,6,1,6,6,1,1,6,1,6,1,1,6,6,6,6,1,6,1,6,6,1,1,1,6,1,6,6,6,1,6,6,6,1,1,6,1,1,6,6,6,1,1,1,6,1,6,6,1,1,6,1,6,6,1,6,1,6,1,1,1,1,6,6,6,6,6,6,1,6,1,6,6,1,1,6,6,1,1,6,1,6,1,6,6,6,6,1,1,6,6,6,6,1,6,6,6,1,1,1,1,1,1,1,6,6,6,6,1,6,1,1,6,1,1,1,6,6,1,1,6,1,6,6,6,6,6,1,6,6,1,1,6,6,6,6,6,6,1,6,1,1,6,6,6,1,1,6,6,6,6,6,6,6,6,6,1,1,6,6,6,6,6,6,6,1,1,6,6,1,1,1,6,6,1,6,1,1,6,6,6,6,6,1,6,1,1,1,1,1,6,6,6,1,6,1,6,6,1,6,6,1,1,6,1,6,1,6,6,6,1,1,6,6,6,9,9,9,6,6,1,1,1,1,1,1,1,6,6,6,6,1,6,6,6,1,1,1,6,6,1,1,1,1,1,6,6,1,6,1,1,6,6,6,6,1,1,6,6,1,1,6,1,1,6,6,6,6,6,6,6,1,6,6,1,6,1,1,1,6,6,6,1,1,1,6,6,6,6,6,6,6,6,6,6,6,6,1,6,1,6,9,1,1,1,6,6,6,1,6,6,6,6,6,6,1,1,1,6,1,6,6,1,1,6,1,1,1,1,6,6,6,1,1,1,6,6,6,6,1,1,6,1,1,6,1,6,6,6,6,1,1,6,1,1,6,6,6,1,1,1,6,6,6,1,1,6,6,6,6,1,6,1,6,6,6,1,6,6,6,6,6,1,1,1,1,6,6,1,6,1,1,6,6,6,1,1,6,6,6,6,6,6,6,6,1,6,1,1,1,1,6,6,6,6,1,6,6,6,1,6,1,1,6,1,1,6,6,1,1,1,1,7,1,6,6,6,1,1,1,6,6,6,6,6,6,6,1,6,6,6,6,6,1,6,6,6,6,6,1,6,1,1,6,6,6,6,6,1,1,1,6,6,6,1,1,6,6,6,1,1,6,6,1,1,1,1,6,6,1,1,1,6,1,1,1,1,6,6,1,1,6,1,1,6,6,6,6,1,6,1,1,1,6,9,6,1,1,6,1,1,1,1,1,1,1,6,6,6,1,1,1,1,1,1,1,1,1,1,1,1,6,1,1,9,1,1,1,1,9,1,1,1,1,1,1,1,1,6,1,1,1,6,6,6,6,1,6,1,1,1,1,1,1,1,1,1,9,1,1,6,1,1,1,1,1,1,1,9,6,1,1,6,6,1
86,20725,WALBERG,200,1,1,1,6,1,6,1,1,9,1,1,6,6,6,6,6,6,6,6,1,6,1,1,1,1,1,6,6,6,1,1,1,1,1,1,6,6,6,6,6,6,6,6,1,6,6,6,6,6,1,1,6,1,1,1,6,1,1,1,1,1,1,6,1,1,1,1,1,1,1,1,1,1,1,1,1,1,1,1,1,1,1,1,1,1,1,1,1,1,1,1,1,1,1,1,1,1,1,1,1,6,1,1,1,6,6,6,6,6,6,6,6,1,1,1,1,6,6,1,1,6,1,6,6,1,1,1,1,1,1,6,1,6,6,1,1,1,1,6,6,6,6,6,6,6,6,1,6,6,6,1,6,6,6,6,6,1,1,1,1,1,1,6,6,6,6,1,1,1,1,6,1,1,1,1,1,1,1,1,1,1,6,1,6,1,1,1,1,6,1,1,1,6,1,1,1,1,1,1,1,1,1,1,6,1,6,1,1,1,1,1,1,1,6,1,1,1,1,1,1,1,1,1,1,1,1,6,1,1,1,1,1,6,1,1,1,1,9,1,1,1,6,1,6,1,1,1,1,1,6,1,1,1,1,1,1,1,1,1,1,1,1,1,1,1,6,1,1,1,1,1,1,1,1,1,1,1,6,6,6,1,6,1,1,1,1,1,1,1,1,1,6,1,1,1,1,1,1,1,1,1,1,6,6,1,1,1,1,1,1,1,1,6,1,1,1,6,1,1,1,1,1,1,1,1,6,1,1,1,1,1,6,1,1,6,1,1,1,1,6,1,6,1,1,1,1,1,1,6,6,1,6,1,1,1,6,6,6,6,6,1,6,6,6,6,1,1,1,1,6,1,1,1,1,1,6,1,1,1,1,1,1,1,6,6,6,6,6,6,1,1,1,1,6,6,6,1,6,6,6,1,1,6,6,1,1,1,1,1,1,1,1,1,1,1,1,6,1,6,6,6,6,6,6,1,1,1,6,6,1,6,6,6,1,1,1,1,1,1,1,1,1,1,1,6,1,1,6,6,6,1,1,1,1,6,1,1,6,6,6,6,1,1,6,6,1,1,1,1,6,1,6,1,6,6,6,1,1,1,1,1,6,1,1,1,1,1,1,6,6,1,1,6,6,6,1,1,6,6,6,6,6,1,6,6,6,1,6,1,1,1,1,6,1,6,1,1,1,6,6,6,6,1,1,1,6,1,1,1,1,1,1,6,6,6,1,1,1,1,6,1,1,1,1,1,1,6,1,1,1,1,6,6,1,6,1,1,1,1,1,1,1,6,1,1,6,1,1,1,6,1,1,1,6,6,6,6,6,1,1,1,1,6,6,6,6,1,1,1,1,1,1,6,6,1,6,1,1,1,1,1,1,1,6,1,1,1,6,1,1,6,6,1,1,1,1,1,6,1,1,1,1,1,6,1,1,6,6,1,1,1,1,1,1,1,1,1,1,1,1,6,1,1,1,6,6,1,1,6,1,6,1,6,1,1,6,1,1,1,1,6,1,1,1,1,1,6,1,1,1,1,1,6,1,1,1,1,1,1,6,1,6,1,1,1,1,1,1,1,6,1,1,1,1,6,1,1,1,1,6,1,6,1,1,1,1,1,1,1,1,1,1,6,6,6,1,1,1,1,1,6,6,6,1,1,1,1,1,1,1,1,1,1,6,1,1,1,1,6,1,1,1,1,1,6,1,1,1,1,1,1,1,1,1,1,1,1,1,1,1,1,1,1,1,1,1,1,1,1,6,1,6,1,1,1,1,1,1,1,1,1,1,6,1,1,6,1,1,1,1,1,1,1,1,6,1,1,1,1,1,6,1,1,1,6,1,6,1,1,1,1,1,1,6,1,6,1,6,1,1,1,1,1,1,1,1,6,1,6,1,1,1,1,1,1,1,1,1,6,1,1,1,6,1,1,1,1,1,1,1,1,1,1,1,1,1,1,1,6,1,1,6,6,1,6,1,6,1,1,1,6,1,1,1,1,1,1,1,1,1,1,1,6,1,6,1,6,1,1,1,1,1,1,1,1,1,1,1,6,1,6,6,1,6,1,1,6,6,1,1,6,1,6,1,1,1,1,1,6,6,1,1,1,1,1,6,6,6,6,1,1,6,6,1,6,1,1,1,1,1,1,1,6,6,1,1,1,1,6,1,6,6,1,6,6,1,6,1,1,1,1,6,6,1,1,1,6,1,1,1,1,1,1,1,1,1,1,6,1,1,1,6,1,6,1,1,1,6,1,1,1,1,1,6,1,1,1,1,1,1,1,1,6,1,1,1,6,1,6,1,1,1,1,6,6,6,6,6,6,1,1,1,1,1,1,1,6,1,1,1,6,1,1,6,1,1,1,1,1,1,1,1,1,1,1,1,1,1,6,6,6,1,1,1,1,1,1,1,6,1,1,1,1,1,6,1,1,1,1,1,6,1,1,1,1,1,1,1,1,1,1,6,1,1,1,1,6,1,1,1,6,1,1,1,6,6,6,6,1,1,1,1,1,1,1,1,1,1,1,1,1,1,1,1,1,1,1,1,1,6,1,1,1,1,1,1,1,1,1,1,1,1,1,1,1,1,1,1,1,6,1,1,1,1,1,1,1,1,1,1,1,1,1,1,1,1,1,1,1,1,1,1,1,1,1,1,1,1,1,1,1,1,1,1,1,1,1,1,1,1,1,1,1,1,1,1,1,1,1,1,1,1,1,1,1,1,1,1,1,1,1,1,1,1,1,1
87,20726,WALZ,100,6,6,6,1,6,1,6,6,6,1,6,1,1,1,1,1,1,1,1,6,1,6,1,1,6,6,1,1,1,1,6,6,1,6,1,1,1,1,1,1,1,1,1,6,1,1,1,1,1,6,6,1,6,6,6,6,6,1,1,1,6,6,1,6,1,1,6,6,6,6,6,6,6,6,6,1,6,1,1,6,6,6,6,6,1,1,6,9,9,9,6,6,6,6,6,6,6,6,1,6,1,6,6,1,1,1,1,1,1,1,1,1,6,6,6,6,1,1,6,6,1,1,1,1,6,1,6,6,6,6,6,6,6,6,1,6,6,6,1,1,1,1,1,1,1,1,6,1,1,1,6,9,1,1,1,1,6,1,1,6,6,6,1,1,1,1,6,1,1,1,1,1,1,1,6,6,1,6,6,1,6,1,1,1,6,1,6,6,1,6,6,1,1,1,1,6,6,6,6,6,6,6,6,1,6,1,6,1,1,6,6,6,6,1,1,6,6,6,1,1,1,1,6,6,1,1,1,6,6,1,1,1,1,6,1,1,1,1,6,6,1,1,6,1,6,6,1,1,1,1,6,6,1,1,6,1,1,6,6,6,1,6,6,6,1,1,6,1,1,6,6,1,6,6,6,1,1,6,6,1,1,1,1,1,1,1,6,6,6,6,6,1,1,6,6,6,6,6,1,1,6,6,1,1,6,1,9,1,1,6,6,6,1,1,6,6,1,6,1,6,1,9,9,6,6,1,1,1,1,6,6,1,6,6,1,6,1,6,6,1,6,1,6,1,1,6,6,1,1,1,6,1,6,6,6,6,1,1,1,1,6,1,1,1,1,6,6,6,6,1,6,6,6,6,1,1,1,1,1,1,6,6,1,1,1,1,1,1,1,6,6,6,6,1,1,1,6,1,1,1,6,1,1,1,6,6,6,1,6,6,6,1,6,6,6,6,1,6,1,1,1,1,1,1,6,6,6,6,1,1,1,1,1,6,6,1,1,1,1,1,6,6,1,6,6,6,6,6,1,6,6,6,6,6,1,6,6,1,1,1,1,6,6,1,1,6,6,6,6,1,6,1,6,1,1,1,6,6,1,6,6,1,6,1,6,6,6,6,1,1,6,1,6,1,1,6,6,1,1,1,1,1,6,1,1,1,6,6,6,6,6,6,1,6,1,6,6,6,1,1,1,1,6,6,1,1,6,1,6,1,6,6,1,1,1,6,9,9,9,9,9,9,1,1,6,6,1,6,1,6,6,6,1,9,9,9,9,9,6,6,1,1,1,1,1,1,1,1,1,1,6,6,1,1,1,1,1,1,6,1,6,6,1,1,1,1,6,6,1,1,6,6,1,1,6,1,6,1,6,6,6,6,6,1,6,1,1,1,6,6,1,1,6,1,6,6,1,1,6,1,9,9,9,9,6,6,1,1,6,1,6,6,1,1,1,6,1,1,6,6,6,6,6,6,1,1,6,1,1,6,1,9,9,9,9,9,6,6,6,1,1,6,1,6,6,1,1,1,1,1,9,9,9,9,9,9,9,9,9,9,9,9,9,9,9,9,6,6,1,1,6,1,6,1,1,6,6,6,1,1,6,1,6,6,1,1,6,6,1,9,9,9,9,9,6,6,6,6,1,1,1,1,1,6,1,1,1,6,6,1,1,6,1,1,6,6,6,6,1,6,6,1,6,1,6,6,6,6,6,1,6,1,1,6,6,6,1,9,9,9,9,9,9,9,9,9,9,9,9,9,9,9,6,6,6,6,1,1,6,6,1,1,1,6,6,1,6,1,1,9,9,9,9,9,9,9,9,9,9,9,9,9,6,6,1,6,9,9,6,1,6,6,1,9,9,9,9,9,9,9,9,9,9,9,9,9,9,9,9,9,9,9,9,9,9,9,9,9,9,9,9,9,9,9,9,9,1,1,1,6,6,1,1,9,1,1,9,9,1,6,1,1,6,6,1,6,1,1,9,9,9,9,9,1,1,6,6,6,6,6,6,6,1,6,6,1,1,9,9,9,6,6,6,1,1,6,9,9,9,9,9,9,9,9,9,9,9,9,9,9,9,9,9,1,1,1,9,9,9,9,9,9,9,9,9,9,9,9,9,9,9,9,9,9,9,9,9,9,9,9,9,9,9,9,9,9,9,9,9,9,9,9,9,9,9,9,9,9,9,9,9,9,9,9,9,9,9,9,9,9,9,9,9,9,9,9,9,9,9,9,9,1,1,1,1,6,6,1,6,6,6,6,6,9,9,9,9,6,6,1,6,1,1,6,6,6,9,9,9,9,9,9,9,9,9,9,9,9,9,9,9,9,9,9,9,9,1,6,6,6,9,9,9,9,9,9,9,9,9,9,9,9,9,9,9,9,9,9,9,9,9,9,9,9,9,9,9,9,9,9,9,9,9,9,9,9,9,9,9,9,9,9,9,9,9,9,9,9,9,9,9,9,9,9,9,9,9,9,6,6,9,9,9,9,9,9,9,9,9,9,9,9,9,9,9,9,9,9,6,6,1,1,1,1,6,6,9,9,9,9,9,9,9,9,6,9,9,9,9,9,9,9,9,9,9,9,9,9,9,9,9,9,9,9,9,9,9,9,9,9,9,9,9,9,9,9,9,9,9,9,9,9,9,9,9,9,9,9,9,9,9,9,9,9,9,9,9,9,9,9,9,9,9,9,9,9,9,9,9,9,9,9,9,9,9,9,9,9,9,9,9,9,9,9,9,9
88,20727,ELLISON,100,6,6,6,1,6,1,6,6,6,6,6,1,6,1,1,1,1,1,1,6,1,6,1,1,6,6,1,1,1,6,6,6,1,6,6,1,1,1,1,1,1,1,1,6,1,1,1,1,1,6,6,1,6,6,6,1,6,6,1,1,6,6,1,6,9,9,6,6,6,6,6,6,6,6,6,6,6,9,9,6,6,6,6,6,9,9,6,6,6,6,6,6,6,6,6,6,6,6,9,9,9,6,6,1,1,1,1,1,1,1,1,1,6,6,6,6,1,1,6,6,1,6,6,1,6,1,6,6,6,6,1,6,6,1,6,6,6,6,1,9,1,1,1,1,1,1,6,1,1,1,6,1,1,1,1,1,6,1,1,6,6,6,1,1,1,1,6,6,1,1,1,1,1,1,6,6,1,6,6,1,6,1,1,1,6,1,6,6,1,6,6,1,6,1,1,6,6,6,6,6,6,6,1,1,6,1,6,1,1,6,6,6,6,1,6,6,6,6,1,1,1,1,6,6,1,1,9,6,6,1,1,1,1,6,1,1,1,1,6,6,1,1,6,1,6,6,1,6,1,1,6,6,1,1,6,1,1,6,9,6,1,6,6,6,1,1,6,6,6,6,6,1,9,6,6,1,1,1,1,1,6,1,6,1,9,9,6,6,9,6,6,1,6,6,6,6,6,6,1,1,6,6,6,1,6,6,6,1,1,6,6,6,1,6,6,6,1,6,1,6,1,1,1,6,6,7,1,1,1,6,6,1,6,6,1,6,1,6,6,1,6,1,6,1,1,6,6,1,1,1,6,1,6,6,6,1,1,1,1,1,6,1,1,1,1,6,6,6,6,6,6,6,6,6,1,1,6,1,1,1,6,6,1,1,6,1,1,1,1,6,6,6,6,1,1,1,6,1,1,1,6,6,1,1,6,6,6,1,6,6,6,1,6,6,6,6,1,6,1,1,1,1,1,1,6,6,6,6,1,1,1,1,1,6,6,6,1,1,1,1,6,6,6,6,6,6,6,6,1,6,6,6,6,6,6,6,6,1,1,1,1,6,6,1,1,6,6,6,6,1,6,1,6,1,1,1,6,6,1,6,6,1,6,1,6,6,6,6,1,1,6,1,6,1,1,6,6,1,1,1,1,1,6,1,1,1,6,6,6,6,6,6,1,6,1,6,6,6,1,1,1,1,6,6,1,1,6,1,6,1,6,6,1,1,1,6,6,9,1,1,6,6,1,1,6,6,1,6,1,6,6,1,1,6,1,6,1,1,6,6,1,1,1,1,1,1,1,1,1,1,6,6,1,1,1,1,1,1,6,1,6,6,6,1,1,1,6,6,1,1,6,6,1,1,6,1,6,1,6,6,6,6,6,1,6,1,1,7,6,6,7,9,9,9,6,6,1,1,6,1,6,6,1,6,6,6,1,1,6,6,6,6,1,1,1,6,1,6,6,6,1,6,6,6,1,1,6,1,1,6,1,6,1,1,1,1,6,6,6,1,1,6,1,6,6,1,6,1,6,1,6,1,1,6,6,6,6,6,6,1,6,1,6,6,1,1,6,6,1,1,6,1,6,1,1,6,6,6,1,1,6,1,6,6,1,1,6,6,1,1,1,1,1,1,1,6,6,6,6,1,1,1,1,6,1,1,1,6,6,1,1,6,1,1,6,6,6,6,1,6,6,1,6,6,6,7,6,6,6,1,6,1,1,6,6,6,1,1,1,6,6,6,6,6,6,6,6,1,1,1,6,6,6,6,6,6,1,1,6,6,1,1,1,6,6,1,6,1,1,6,6,6,6,6,1,6,1,1,1,1,1,6,6,6,1,6,1,6,6,1,6,6,1,1,6,9,9,9,9,9,9,9,1,6,6,6,1,6,1,6,6,1,1,6,1,1,1,1,1,6,6,6,1,6,6,6,1,1,1,6,6,1,1,1,1,1,6,6,1,6,1,1,6,6,1,6,1,1,6,6,1,6,6,1,1,6,6,6,6,6,6,6,1,6,1,6,1,1,1,1,6,6,6,1,1,6,6,6,1,6,6,6,6,6,6,6,6,6,1,6,1,6,1,1,1,1,6,6,1,1,6,1,6,6,6,1,1,1,1,6,1,1,1,1,1,6,6,9,9,9,9,9,9,9,9,9,6,6,1,6,1,1,6,1,1,6,1,6,6,6,6,1,1,6,9,9,9,9,9,9,9,9,9,9,9,9,9,9,9,9,9,9,9,9,9,6,6,1,6,6,6,6,6,9,9,9,9,9,9,9,9,9,1,6,6,6,1,6,6,6,9,9,9,9,9,9,9,9,9,9,9,9,9,9,9,9,9,9,9,9,9,9,9,9,9,9,9,9,9,9,9,9,1,7,1,6,6,6,1,1,1,6,6,6,6,6,6,6,1,6,6,6,6,6,1,6,6,6,6,9,9,9,9,9,9,9,9,9,9,9,9,9,9,9,9,9,9,9,9,9,9,9,9,9,9,9,9,9,9,9,9,9,9,9,9,9,9,9,9,9,9,1,1,1,1,9,9,9,9,9,9,9,9,9,6,9,9,9,9,9,9,9,9,9,9,9,9,9,9,9,9,9,9,9,9,9,9,9,9,9,9,9,9,9,1,1,1,1,1,1,1,9,1,1,9,1,1,1,1,6,1,1,1,6,6,6,6,9,9,9,9,9,9,9,9,9,9,9,9,9,9,9,9,9,9,9,9,9,9,9,9,9,9,9,9,9
89,20729,SMITH,200,1,1,1,6,1,6,1,1,1,1,1,6,6,6,6,6,6,6,6,1,6,1,1,1,1,1,1,6,6,1,1,1,1,1,1,6,6,6,6,6,6,6,6,1,6,6,6,6,6,1,1,6,1,1,1,6,1,1,1,1,1,1,6,1,1,6,1,1,1,1,1,1,1,1,1,1,1,1,1,1,1,1,1,1,1,1,1,1,1,1,1,1,1,1,1,1,1,1,1,1,1,9,9,6,6,6,6,6,6,6,6,6,1,1,1,1,6,6,1,1,6,1,6,6,1,9,9,1,1,1,6,1,6,6,1,1,1,1,6,6,6,6,6,6,6,6,1,6,6,6,1,6,6,6,6,6,1,1,1,1,1,1,1,6,6,6,1,1,1,1,1,1,1,1,1,1,1,1,1,1,1,6,1,6,1,1,1,1,1,1,1,1,1,1,1,1,1,1,1,1,1,1,1,6,1,6,1,1,1,1,1,1,1,6,1,1,1,1,1,1,1,1,1,1,1,1,1,1,1,1,1,1,1,1,1,1,1,1,1,1,1,6,1,1,1,1,1,1,1,1,1,1,1,1,1,1,1,1,1,1,1,1,1,1,1,6,1,1,1,1,1,1,1,1,1,1,1,6,6,6,1,6,1,1,1,1,1,1,1,1,1,6,1,1,9,1,1,1,1,1,1,1,1,6,1,1,1,1,1,1,1,1,6,1,1,1,6,1,1,1,1,1,1,1,1,1,1,1,1,1,1,1,1,1,6,1,1,1,1,6,1,6,1,1,1,1,1,1,6,6,1,6,1,1,6,6,6,6,6,6,1,6,6,6,6,6,1,1,1,6,1,1,1,1,1,6,1,1,1,1,1,1,1,6,6,6,6,6,6,1,1,1,1,6,6,6,1,6,6,6,1,1,6,6,1,1,1,1,1,1,1,1,1,1,6,6,6,1,6,6,6,6,6,6,1,1,1,1,6,6,6,6,6,1,1,1,1,1,1,1,1,1,1,1,6,6,1,1,6,1,1,1,1,1,1,1,1,6,6,6,6,1,1,6,6,1,1,6,1,6,1,6,1,6,6,6,1,1,6,1,1,6,1,1,1,1,1,1,6,6,1,1,1,6,6,1,1,1,6,6,6,6,6,6,6,6,6,1,1,1,1,9,6,1,6,1,1,1,6,6,6,6,1,1,1,6,1,1,1,1,1,1,1,6,6,1,1,1,1,6,1,1,1,1,1,1,6,1,1,1,1,6,6,1,6,1,1,1,1,1,1,1,6,1,1,6,1,1,1,1,1,1,1,6,6,6,6,6,1,1,9,9,9,9,9,9,9,9,9,1,9,9,9,9,9,9,9,9,1,1,1,1,1,6,1,1,1,1,1,1,1,6,1,1,1,1,1,6,1,1,1,1,1,1,1,1,9,6,1,1,1,1,1,1,1,1,1,1,1,1,6,1,1,1,6,6,1,1,6,1,1,1,6,1,1,1,1,1,1,1,6,1,1,1,1,1,1,1,1,1,1,1,6,1,1,1,1,1,1,6,1,6,9,1,1,1,1,1,1,6,1,1,1,1,1,1,1,1,1,6,1,1,1,1,1,1,1,1,1,1,1,1,6,6,6,1,1,1,1,1,1,6,6,1,1,1,1,1,1,1,1,1,1,1,1,1,1,1,6,1,1,1,1,1,6,1,1,1,1,1,1,1,1,1,1,1,1,1,1,1,1,1,1,1,1,1,1,1,1,1,1,1,1,1,1,6,1,1,1,1,1,1,6,1,1,6,1,1,1,1,1,1,1,1,6,1,1,9,1,1,6,1,1,1,6,1,6,1,1,1,1,1,1,6,1,6,1,6,1,1,1,1,1,1,1,1,6,1,1,1,1,1,1,1,1,1,1,1,1,1,1,1,6,1,1,1,1,1,1,1,1,1,1,1,1,1,1,1,6,1,1,6,6,1,6,1,6,1,6,1,6,1,1,1,1,1,1,1,1,1,9,1,6,1,6,1,1,1,1,1,1,1,1,1,1,1,1,1,1,6,6,6,1,6,1,1,6,1,1,1,6,1,1,1,9,1,1,1,1,6,1,1,1,1,1,6,6,6,6,1,1,6,6,6,6,1,1,1,1,1,1,1,1,6,1,1,1,1,1,1,6,6,6,6,6,1,6,1,6,1,1,6,6,1,1,1,1,1,1,1,1,1,1,1,1,1,1,1,1,1,1,6,1,6,1,1,1,6,1,1,1,1,1,6,1,1,1,1,1,1,1,1,6,6,1,1,6,1,1,1,1,1,1,6,6,6,6,6,6,1,1,1,1,1,1,1,6,1,1,1,6,1,1,6,1,1,1,1,1,1,1,1,1,1,1,1,1,1,6,6,6,1,1,1,1,1,1,1,6,1,1,1,1,1,6,1,1,1,1,1,6,1,1,1,1,1,1,1,1,6,1,6,1,1,1,1,6,1,1,1,6,1,1,1,6,6,6,6,1,1,1,1,1,1,1,1,1,1,1,1,1,6,1,1,1,1,1,1,1,6,1,1,1,1,1,1,1,1,1,1,1,1,1,1,1,1,1,1,1,1,1,1,1,1,1,1,1,1,1,1,1,1,1,1,6,1,1,1,1,1,1,1,1,1,1,1,9,9,9,9,9,9,9,9,1,1,1,1,1,1,1,1,1,1,1,1,1,1,1,1,1,1,1,1,1,1,1,1,1,1,1,1,1,1,6,1
90,20731,SHEA-PORTER,100,6,6,6,1,6,1,6,6,6,7,6,1,1,1,1,1,1,1,1,6,1,6,1,1,6,6,6,1,1,1,6,6,1,6,6,1,1,1,1,1,1,1,1,6,1,1,1,1,1,6,6,1,6,6,6,1,6,6,1,1,6,6,1,6,1,1,6,6,6,6,6,6,6,6,6,6,6,1,1,6,6,6,6,6,1,1,6,6,6,6,6,6,6,6,6,6,6,6,1,6,1,6,6,1,1,1,1,1,1,1,1,1,6,6,6,6,1,1,6,6,1,6,1,1,6,1,6,6,6,6,6,6,6,6,1,6,6,6,1,1,1,1,1,1,1,1,6,1,1,1,6,1,1,1,1,1,6,1,1,6,6,6,1,1,1,1,6,6,1,1,1,1,1,1,6,6,1,6,6,1,6,1,1,1,6,1,6,6,1,6,6,1,1,1,1,6,6,6,6,6,6,6,6,1,6,1,6,1,1,6,6,6,6,1,1,6,6,6,1,1,1,1,6,6,1,6,1,6,6,1,1,1,1,6,1,1,1,1,6,6,1,1,6,1,6,6,1,1,1,1,6,6,1,1,6,1,1,6,6,6,1,6,6,6,1,1,6,1,1,6,6,1,6,6,6,1,1,1,1,1,6,1,1,1,1,1,6,6,6,6,6,1,6,6,6,6,6,6,1,1,6,6,1,1,6,1,1,9,9,6,6,6,1,1,6,6,1,6,1,1,1,1,1,6,6,1,1,1,1,6,6,1,6,6,1,6,1,6,6,1,6,1,6,1,1,9,9,9,1,1,6,9,6,6,6,6,1,6,1,1,6,1,1,6,1,6,6,6,6,6,6,6,1,6,1,1,1,1,1,1,9,6,1,1,1,1,1,1,1,6,6,6,6,1,1,1,6,1,1,1,6,1,1,6,6,1,6,1,6,6,6,1,6,6,6,6,1,6,1,1,1,1,1,1,6,6,6,6,1,1,1,1,1,6,6,1,1,9,9,1,6,6,1,6,6,6,6,6,1,6,6,6,6,6,6,6,6,1,1,1,1,6,6,1,1,6,6,6,6,1,6,1,6,1,1,1,6,6,1,6,6,1,6,1,6,6,6,6,1,1,6,1,6,1,1,6,6,1,1,1,1,1,1,1,1,1,6,6,6,6,6,6,1,6,1,6,6,6,1,1,1,1,6,6,1,1,6,1,1,1,6,6,1,1,1,6,6,6,1,1,1,6,1,1,6,6,1,6,1,6,6,6,6,6,1,6,1,1,6,6,1,1,1,1,1,1,1,1,1,1,6,6,1,1,9,1,1,1,6,1,6,6,1,1,1,1,6,6,1,1,6,6,1,1,6,1,6,1,6,6,6,6,1,1,6,1,1,1,6,6,1,1,6,1,6,6,1,1,6,1,6,1,1,1,6,6,1,1,6,1,6,6,1,1,1,6,1,6,6,6,1,6,6,6,1,1,6,1,1,6,1,6,1,1,1,1,7,6,6,1,1,6,1,6,6,1,1,1,6,1,1,1,1,6,6,6,6,6,6,1,6,1,6,9,9,9,6,6,1,1,6,1,6,1,1,6,6,6,1,1,6,1,6,6,1,6,6,6,1,1,1,1,1,1,1,6,6,6,6,1,1,1,1,6,1,1,1,6,6,1,1,6,1,1,6,6,6,6,1,6,6,1,7,6,6,1,6,6,6,1,6,1,1,6,6,6,1,1,1,6,6,6,6,6,6,6,6,1,1,1,6,1,1,6,6,1,1,1,6,6,1,1,1,6,6,1,6,1,1,6,6,6,6,6,1,6,1,1,9,9,9,9,9,9,9,9,9,9,6,1,6,6,1,1,6,1,6,1,6,6,6,1,1,6,6,1,1,6,1,6,6,1,1,1,1,1,9,9,9,9,9,9,9,9,9,9,9,9,1,6,6,1,1,1,1,1,6,6,1,6,1,1,6,6,1,6,1,1,6,6,1,1,6,1,1,6,6,6,6,6,6,6,1,6,1,6,1,1,1,1,9,6,6,1,1,1,6,6,1,1,6,6,6,6,6,6,6,6,1,6,1,6,1,1,1,1,6,6,1,1,6,1,6,6,6,6,6,1,1,6,1,1,1,1,1,6,1,1,1,1,6,6,1,1,1,1,6,6,1,6,1,1,6,1,1,6,1,6,6,6,6,1,1,6,1,1,1,6,6,1,1,1,6,6,6,1,1,1,6,6,6,1,1,1,6,6,6,1,6,6,6,6,6,1,1,9,9,9,9,9,9,9,1,6,6,6,1,1,6,6,6,6,6,1,1,1,1,1,1,1,9,9,6,6,6,6,1,6,6,6,1,6,1,1,6,9,9,9,9,1,1,1,1,7,1,6,6,6,1,1,1,6,9,6,6,6,6,6,1,6,6,6,6,6,1,6,6,6,6,6,1,6,1,1,6,6,6,6,6,1,1,1,6,1,6,1,1,1,6,6,1,1,6,6,1,1,1,1,6,9,9,9,9,6,1,1,1,1,6,6,1,1,1,1,1,6,6,6,6,1,6,1,1,1,6,1,6,1,1,6,1,1,1,1,1,1,1,6,6,1,1,1,9,9,9,9,9,9,9,9,9,9,9,9,9,9,9,9,9,9,9,9,9,9,9,9,9,9,9,9,9,9,9,9,9,9,9,9,9,9,9,9,9,9,9,9,9,9,9,9,9,9,9,9,9,9,9,9,9,9,9,9,9,9,9,9
91,20733,CLARKE,100,6,6,6,1,6,1,6,6,6,1,6,1,1,1,1,1,1,1,1,6,1,6,1,1,6,6,6,1,1,1,6,6,1,6,6,1,1,1,1,1,1,1,1,6,1,1,1,1,1,6,6,1,6,6,6,1,6,6,9,1,6,6,1,6,1,1,6,6,6,6,6,6,6,6,6,6,9,1,1,6,6,6,6,6,1,1,6,6,6,6,6,6,6,6,6,6,6,6,1,6,1,6,6,1,1,1,1,1,1,1,1,1,6,6,6,6,1,1,6,6,1,6,1,1,6,1,6,6,6,6,1,6,1,1,6,1,6,6,1,1,1,1,1,1,1,1,6,1,1,1,6,1,1,1,1,1,6,1,1,6,6,6,6,1,1,1,6,6,1,1,6,9,9,1,6,6,1,6,6,1,6,1,1,1,6,1,6,6,6,6,6,1,6,1,1,6,6,6,6,6,6,6,6,1,6,1,6,1,1,6,6,6,6,1,6,6,6,6,1,1,1,1,6,6,1,1,6,6,6,1,1,1,6,6,6,1,1,1,6,6,1,1,6,6,6,6,1,1,1,1,6,6,6,1,6,1,1,6,6,6,1,6,6,6,1,1,6,6,6,6,6,1,6,6,6,1,1,1,1,1,6,1,6,1,1,1,6,6,6,6,6,1,6,6,6,6,6,6,1,1,6,6,6,1,6,6,6,1,1,6,6,6,1,6,6,6,1,6,1,6,6,1,1,6,6,6,1,1,1,6,6,6,6,6,1,6,1,6,6,1,6,1,6,1,1,6,6,1,1,1,6,1,6,6,6,1,1,1,1,1,6,1,1,6,1,6,6,6,6,1,6,6,6,6,1,1,6,9,9,9,6,6,1,1,1,1,1,1,1,6,6,6,6,1,1,1,6,1,1,1,6,6,1,1,6,6,6,1,6,6,6,1,6,6,6,6,1,6,1,1,1,1,1,1,6,6,6,6,1,1,1,1,1,6,6,6,1,1,1,1,6,6,9,6,6,6,6,6,1,6,6,6,6,6,6,6,6,1,1,1,1,1,6,1,1,6,6,6,6,1,6,1,6,1,1,1,6,6,1,6,6,1,6,9,6,6,6,6,1,1,6,1,6,1,1,6,6,1,1,1,1,1,6,1,1,1,6,6,6,6,6,6,1,6,1,6,6,6,1,1,1,1,6,6,1,1,6,1,6,1,6,6,6,1,1,6,6,6,1,1,6,6,9,9,6,6,1,6,1,6,6,1,1,6,1,6,1,1,6,6,1,1,1,1,1,1,1,1,1,6,6,6,1,1,1,1,1,1,6,1,6,6,6,1,1,1,6,6,1,1,6,6,1,1,6,1,6,1,6,6,6,6,1,1,6,1,1,6,6,6,6,1,6,6,6,6,1,1,6,1,6,6,1,6,6,6,6,1,6,6,6,6,1,1,1,6,1,6,6,6,1,6,6,6,1,1,6,1,1,6,6,6,1,1,1,6,6,6,6,1,1,6,1,6,6,1,6,1,6,1,9,1,1,6,6,6,6,6,6,1,6,1,6,9,9,9,9,9,9,1,6,1,6,1,6,6,6,6,1,1,6,1,6,6,1,6,6,6,1,1,1,1,1,9,1,6,6,6,6,1,1,1,1,6,1,1,1,6,6,1,1,6,1,6,6,6,6,6,1,6,6,1,6,6,6,6,6,6,6,1,6,1,1,6,6,6,1,1,6,6,6,6,6,6,6,6,6,1,1,6,6,6,6,6,6,6,1,1,6,6,1,1,1,6,6,1,6,1,1,6,6,6,6,6,1,6,6,1,1,1,1,6,6,6,1,6,1,6,6,1,6,6,1,1,6,1,6,1,6,6,6,1,1,6,6,1,1,6,6,9,6,1,1,6,1,1,1,1,6,6,6,6,1,6,6,1,1,1,1,6,6,1,1,1,1,1,6,6,1,6,1,1,6,6,6,6,1,1,6,6,1,1,6,1,1,6,6,6,6,6,6,6,1,6,1,6,6,1,1,1,6,6,6,1,6,6,6,6,6,6,6,6,6,6,6,6,6,6,6,6,1,6,6,1,1,1,6,6,6,1,6,1,6,6,6,1,6,1,1,6,1,1,1,1,1,6,6,1,1,1,6,6,6,1,1,1,6,6,6,6,1,1,6,1,1,6,1,6,6,6,6,1,1,6,1,1,6,6,6,1,1,6,6,6,6,1,1,6,6,6,6,1,6,1,6,6,6,1,6,6,6,6,6,1,1,9,9,9,9,9,9,9,1,6,6,6,1,1,6,6,6,6,6,6,6,1,1,6,1,6,1,1,6,6,6,6,1,6,6,6,1,6,6,1,6,1,1,6,6,1,1,1,1,6,1,6,6,6,1,1,1,6,6,6,6,6,6,6,1,6,6,6,6,6,1,6,6,6,6,6,1,6,9,9,6,6,6,6,6,1,1,1,6,6,6,6,1,6,6,6,1,1,6,6,1,1,1,1,6,6,1,1,1,6,1,1,1,1,6,6,1,1,6,1,6,6,6,6,6,1,6,1,1,1,6,1,6,1,1,6,1,1,1,1,1,1,1,6,6,6,1,1,1,1,1,1,1,1,1,1,1,1,6,1,1,1,1,1,1,1,1,1,1,1,1,1,1,1,1,6,1,1,1,6,6,6,6,1,6,1,9,9,9,1,1,1,1,1,1,1,1,6,1,1,1,1,1,1,1,1,6,1,1,6,6,1
92,20738,JORDAN,200,1,1,1,6,1,6,1,1,1,1,1,6,6,6,6,6,6,6,6,1,6,1,1,1,1,1,6,6,6,1,1,1,6,1,1,6,6,6,6,6,6,6,6,1,6,6,6,6,6,1,1,6,1,1,1,6,1,1,6,1,1,1,6,1,1,1,1,1,1,1,1,1,1,1,1,1,1,1,1,1,1,1,1,1,1,1,1,1,1,1,1,1,1,1,1,1,1,1,1,1,6,1,1,6,6,6,6,6,6,6,6,6,1,1,1,1,6,6,1,1,9,9,9,9,9,1,1,9,1,1,6,1,6,6,1,6,9,9,6,6,6,6,6,6,6,6,1,6,6,6,1,6,6,6,6,6,1,1,1,1,9,9,9,9,9,9,9,9,9,9,9,1,1,1,1,1,1,1,1,1,1,6,1,6,1,1,1,1,6,1,1,1,6,1,1,1,1,1,1,1,1,1,1,6,1,6,1,1,1,1,1,1,1,6,1,1,1,1,1,1,1,1,1,1,1,1,6,1,1,1,1,1,6,1,1,1,1,1,1,1,1,6,1,6,1,1,1,6,1,6,1,1,6,1,1,1,1,1,1,1,1,1,1,1,1,6,6,1,1,1,1,1,1,1,1,1,1,6,6,6,1,6,1,1,1,1,1,1,1,1,1,6,1,1,1,1,1,1,1,1,1,1,6,6,1,1,1,1,6,1,1,1,6,1,1,1,6,1,1,1,1,1,1,1,1,6,1,1,1,1,1,6,1,6,6,1,1,1,1,6,1,6,1,1,6,1,1,1,6,6,1,6,1,1,1,6,6,6,6,6,1,6,6,1,6,1,1,1,1,6,1,1,1,1,1,6,1,1,1,1,1,1,1,6,6,6,6,6,6,1,1,1,1,6,6,6,1,6,6,6,1,1,6,6,1,6,1,1,1,1,1,1,1,1,1,1,6,1,6,6,6,6,6,6,1,1,1,1,6,6,6,6,6,1,1,1,1,1,1,1,1,1,6,1,1,1,1,1,6,1,1,1,1,1,6,1,1,6,6,6,6,1,1,6,6,1,1,1,1,6,1,6,1,6,6,6,1,1,6,1,1,6,1,1,1,1,1,1,6,6,1,6,1,6,6,1,1,6,6,6,6,6,6,6,6,6,1,1,1,1,1,1,6,1,6,1,1,1,6,6,6,6,1,1,6,6,1,1,1,1,1,1,6,6,6,6,1,6,1,6,1,1,1,1,1,1,6,1,1,1,1,6,6,1,6,1,1,1,1,1,1,1,9,1,6,6,1,1,1,6,1,1,1,6,6,6,6,6,1,1,1,1,6,6,6,6,1,1,1,1,1,1,6,6,1,6,1,1,1,1,1,1,1,6,1,1,1,6,1,1,6,6,1,1,1,1,1,6,1,1,1,6,1,6,1,1,6,6,1,1,1,1,1,9,1,1,1,1,1,1,6,1,1,1,6,6,1,1,6,1,6,1,6,1,1,6,1,1,6,1,6,1,1,1,1,1,6,1,1,6,1,1,6,1,1,1,1,1,1,6,1,6,1,1,1,1,1,1,1,6,1,1,1,1,6,1,1,1,1,6,1,6,1,1,1,6,6,6,1,1,1,1,6,9,6,1,1,1,1,1,6,1,6,6,1,1,1,1,1,1,1,6,1,6,1,1,1,1,6,1,1,1,1,1,6,1,1,1,1,1,1,1,1,1,1,1,1,1,6,1,1,1,1,1,1,1,1,1,1,6,1,6,1,1,6,6,1,1,1,1,1,1,6,1,1,6,1,1,1,1,1,1,1,1,6,1,6,1,1,1,6,1,1,1,6,1,6,1,1,1,1,1,6,6,1,6,1,6,1,1,1,1,1,1,1,1,6,1,6,1,6,1,1,6,1,1,1,1,6,1,1,1,6,1,1,1,1,1,1,1,1,1,1,1,1,1,1,1,6,1,1,6,6,1,6,1,6,1,1,1,6,1,1,1,1,1,1,1,1,1,1,1,6,1,6,1,6,1,1,1,1,1,1,1,6,1,1,1,6,1,6,1,1,1,1,1,1,1,1,1,6,6,6,1,1,1,1,1,6,6,1,1,1,1,1,6,6,6,6,1,1,6,6,1,6,1,1,1,1,1,1,1,6,6,1,6,1,1,6,1,6,6,1,6,6,1,6,1,1,1,1,6,6,6,1,1,6,1,1,1,1,1,1,1,1,1,1,6,9,9,9,6,1,6,1,1,1,6,1,1,1,1,1,6,1,1,1,1,1,1,1,1,6,6,1,1,6,1,6,1,1,1,1,1,1,6,6,6,6,1,1,1,1,1,1,1,6,1,1,1,6,1,1,6,1,1,1,1,1,1,1,1,6,1,1,1,1,1,6,6,6,1,1,1,1,1,1,1,6,1,1,1,1,1,6,1,1,1,1,1,6,1,1,1,1,1,1,1,1,6,1,6,1,1,1,1,6,1,1,1,6,1,1,1,6,6,6,6,1,1,1,1,1,1,1,1,9,1,1,1,6,6,1,6,6,1,1,1,1,6,1,1,1,1,6,1,1,1,1,1,6,1,1,1,1,1,1,1,6,6,6,1,1,1,1,1,1,1,1,1,1,6,1,6,1,1,1,1,1,1,1,1,1,1,1,1,1,1,1,1,1,1,1,1,1,1,1,1,1,1,1,1,1,1,1,1,1,1,1,1,6,1,1,1,6,1,1,1,1,1,1,1,1,1,1,9
93,20748,COHEN,100,6,6,6,1,6,1,6,6,6,6,6,1,1,1,1,1,1,1,1,6,1,6,1,1,6,6,6,1,1,6,6,6,1,6,6,1,1,1,1,1,1,1,1,6,1,1,1,1,1,6,6,1,6,6,6,1,6,1,1,1,6,6,1,6,1,1,6,6,6,6,6,6,6,6,6,6,6,1,1,6,6,6,6,6,1,1,6,6,6,6,6,6,6,6,6,6,6,6,1,6,1,6,6,1,1,1,1,1,1,1,1,1,6,6,6,1,1,1,6,6,1,6,1,1,6,1,6,6,6,6,1,6,1,1,6,6,6,6,1,1,1,1,1,1,1,1,6,1,1,1,6,1,1,1,1,1,6,1,1,6,6,6,6,1,1,1,6,6,1,1,6,1,1,1,6,6,1,6,6,1,6,1,1,1,6,1,6,6,9,6,6,1,6,1,1,6,6,6,6,6,6,6,6,1,6,1,6,1,1,6,6,6,6,1,1,6,6,6,1,1,1,1,6,6,1,1,1,6,6,1,1,1,1,6,1,1,1,1,6,6,1,1,6,6,6,6,1,1,1,6,6,6,6,1,6,1,1,6,6,6,1,6,6,6,1,1,6,1,1,6,6,1,6,6,6,1,1,1,1,1,6,1,1,1,1,1,6,6,6,6,6,1,6,6,6,6,6,6,1,1,6,6,6,1,6,6,1,1,1,6,6,6,1,6,6,6,1,6,1,6,1,1,1,6,6,6,1,1,1,6,6,6,6,6,1,6,1,6,6,1,6,1,6,1,1,6,6,1,1,1,6,6,6,6,6,1,1,6,1,1,6,1,1,6,1,6,6,6,6,6,6,6,6,6,1,1,6,1,1,1,6,6,1,1,1,1,1,1,1,6,6,6,6,6,1,1,6,1,1,1,6,1,1,1,6,6,6,1,6,6,6,1,6,6,6,6,1,6,1,1,1,1,1,1,6,6,6,6,1,1,1,1,1,6,6,1,1,1,1,1,6,6,6,6,6,6,6,6,1,6,6,6,6,6,6,6,6,1,1,1,1,1,6,1,1,6,6,6,6,1,6,1,6,1,1,1,6,6,1,6,6,1,6,1,6,6,6,6,1,1,6,1,6,1,1,6,6,1,1,1,1,1,6,1,1,1,6,6,6,6,6,6,1,6,1,6,6,6,1,1,1,1,6,6,1,1,6,1,6,1,6,6,1,1,1,6,6,6,1,1,6,6,1,1,6,6,1,6,1,6,6,1,1,6,1,6,1,1,6,6,1,1,1,1,1,1,1,1,1,6,6,6,1,1,1,1,1,1,6,1,6,6,1,1,1,1,6,6,1,1,6,6,1,1,6,1,6,1,6,6,6,6,6,1,6,1,1,1,6,6,1,1,6,1,6,6,1,1,6,1,6,1,1,1,6,6,1,1,6,6,6,6,1,1,1,6,1,6,6,6,1,6,6,6,1,1,6,1,1,6,6,6,1,1,1,6,6,6,6,1,1,6,1,6,6,1,6,1,6,1,1,1,1,6,6,6,6,6,6,1,6,1,6,6,1,1,6,6,1,1,6,1,6,1,6,6,6,6,1,1,6,6,6,6,1,6,6,6,1,1,1,1,6,6,6,6,6,6,6,1,6,1,1,6,1,1,1,6,6,1,1,6,1,6,6,6,6,6,1,6,6,1,6,6,6,7,7,6,6,1,1,1,1,6,6,6,1,9,9,6,6,6,6,6,6,6,6,1,1,6,6,1,6,6,6,1,1,1,6,6,1,1,1,6,6,1,6,1,1,6,6,6,6,6,1,6,1,1,1,1,1,6,6,6,1,6,1,6,1,1,6,6,1,1,6,1,6,1,6,6,6,1,1,6,6,1,1,1,1,6,6,1,1,6,1,1,1,1,1,6,6,6,1,1,6,6,1,1,1,6,6,1,1,1,1,1,6,6,1,6,1,6,6,6,6,6,1,1,6,6,1,1,6,1,1,6,6,6,6,6,9,6,1,6,6,1,9,1,1,1,6,6,6,1,1,6,6,6,6,6,6,6,6,6,6,6,6,6,1,6,1,6,6,1,1,1,6,6,6,1,6,1,6,6,6,6,6,1,1,6,1,1,1,1,1,6,6,1,1,1,9,6,6,1,1,1,6,6,6,6,1,1,6,1,1,6,1,6,6,6,6,1,1,6,1,1,6,6,6,1,1,6,6,6,6,1,1,1,6,6,6,1,6,6,1,6,6,1,6,6,6,6,6,1,1,1,1,6,6,1,6,1,1,6,6,6,1,1,1,1,6,6,6,6,6,1,1,6,1,6,1,1,6,6,6,6,1,6,6,6,1,6,1,1,6,1,1,6,6,1,1,1,1,7,1,6,6,6,1,1,1,6,6,6,6,6,6,6,1,6,6,6,6,6,1,6,6,6,6,6,1,6,1,1,6,6,6,6,6,1,1,1,6,6,6,6,1,6,6,6,1,1,6,6,1,1,1,1,6,6,1,1,1,6,1,1,1,1,6,6,1,1,1,1,6,6,6,6,6,1,6,1,1,9,6,1,6,1,1,6,1,1,1,1,1,1,1,6,6,1,1,1,1,1,1,1,1,1,1,1,1,1,6,1,1,1,1,1,1,1,1,1,1,1,1,1,1,1,1,1,1,1,1,6,6,6,6,1,6,1,1,6,6,6,6,1,1,1,1,1,1,6,1,1,1,1,1,1,1,1,6,1,1,6,6,1
94,20749,FOSTER,100,6,6,6,1,6,1,6,6,6,6,6,1,1,1,1,1,1,1,1,6,1,6,1,1,6,6,1,1,1,1,6,6,1,6,1,1,1,1,1,1,1,1,1,6,1,1,1,1,1,6,6,1,6,6,6,6,6,6,1,1,6,6,1,6,1,1,6,6,6,6,6,6,6,6,6,6,6,1,1,6,6,6,6,6,1,1,6,6,6,6,6,6,6,6,6,6,6,6,1,6,1,6,6,1,1,1,1,1,1,1,1,1,6,6,6,6,1,1,6,6,1,6,1,1,6,1,6,6,6,6,1,6,1,1,1,1,6,6,1,1,1,1,1,1,1,1,6,1,1,1,6,1,1,1,1,1,6,1,1,6,6,6,1,1,1,1,6,6,1,1,1,1,1,1,6,6,1,6,6,1,6,1,1,1,6,1,6,6,1,6,6,1,1,1,1,6,6,6,6,6,6,6,6,1,6,1,6,1,1,6,6,6,6,1,1,6,6,6,1,1,1,1,6,6,1,1,1,6,6,1,1,1,1,6,1,1,1,1,6,6,1,1,6,1,6,6,1,1,1,1,6,6,1,1,6,1,1,6,6,6,1,6,6,6,1,1,6,1,1,6,6,1,6,6,6,1,1,1,1,1,6,1,1,1,1,1,6,6,6,6,6,1,6,6,6,6,6,6,1,1,6,6,1,1,6,1,1,1,1,6,6,6,1,6,6,6,1,6,1,6,1,1,1,6,6,1,1,1,1,6,6,1,6,6,1,6,1,6,6,1,6,1,6,1,1,6,6,1,1,1,6,6,6,6,6,6,1,1,1,1,6,1,1,1,1,6,6,6,6,6,6,6,6,6,1,1,1,1,1,1,6,6,1,1,1,1,1,1,1,6,6,6,6,1,1,1,6,1,1,1,6,1,1,1,6,6,6,1,6,6,6,1,6,6,6,6,1,6,1,1,1,1,1,1,6,6,6,6,1,1,1,1,1,6,6,1,1,1,1,1,6,6,1,6,6,6,6,6,1,6,6,6,6,6,6,6,6,1,1,1,1,6,6,1,1,6,6,6,6,1,6,1,6,1,1,1,6,6,1,6,6,1,6,1,6,6,6,6,1,1,6,1,6,1,1,6,6,1,1,1,1,1,1,1,1,1,6,6,6,6,6,6,1,6,1,6,6,6,1,1,1,1,6,6,1,1,6,1,6,1,6,6,1,1,1,6,6,6,1,1,6,6,1,1,6,6,9,6,1,6,6,6,6,6,6,6,1,1,6,6,1,1,1,1,1,1,1,1,1,1,6,6,1,1,1,1,1,1,6,1,6,6,1,1,1,1,6,6,1,1,6,6,1,1,6,1,6,1,6,6,6,6,6,1,6,1,1,1,6,6,1,1,6,1,6,6,1,1,6,1,6,1,1,1,6,6,1,1,6,1,6,6,1,1,1,6,1,6,6,6,1,6,6,6,1,1,6,1,1,6,1,6,1,1,1,1,1,6,6,1,1,6,1,6,6,1,1,1,6,1,1,1,1,1,6,6,6,6,6,1,6,1,6,6,1,1,6,6,1,1,6,1,1,1,1,6,6,6,1,1,1,1,9,9,9,9,9,9,9,9,9,9,6,6,6,6,6,6,6,1,1,1,1,1,1,1,1,6,6,1,1,6,1,1,6,6,6,6,1,6,6,1,1,6,6,6,6,9,6,1,1,1,1,6,6,6,1,1,1,6,6,6,6,6,6,6,6,1,1,1,1,1,6,6,6,6,1,1,6,6,1,1,1,1,6,6,1,1,1,6,6,6,6,6,1,6,6,1,1,1,1,6,6,6,1,6,1,6,6,1,6,6,1,1,6,1,6,1,1,6,6,1,1,6,6,1,1,6,1,6,6,1,1,1,1,1,1,1,1,6,6,1,1,6,6,1,1,1,1,6,6,1,1,1,1,1,6,6,1,6,1,1,6,6,6,6,1,1,6,6,1,1,6,1,1,6,6,6,6,6,6,6,1,6,6,1,1,1,1,1,6,6,6,1,6,1,6,6,1,1,6,6,6,6,6,6,6,6,1,6,1,6,1,1,1,1,6,6,1,1,6,1,1,6,6,6,6,1,1,6,1,6,6,1,1,6,1,1,1,1,6,6,1,1,1,1,6,6,1,6,1,1,6,1,1,6,1,6,6,6,6,1,1,6,1,1,1,6,6,1,1,1,6,6,6,9,9,9,6,6,6,1,6,1,1,6,6,1,6,6,6,6,6,1,1,1,1,6,6,1,6,1,1,6,6,6,1,1,1,6,6,6,6,6,6,1,1,1,1,1,1,1,6,6,6,6,1,6,6,6,1,6,1,1,6,1,1,6,6,1,1,1,1,7,1,6,6,6,1,1,1,6,6,6,6,6,6,6,1,6,6,6,6,6,1,6,6,6,6,6,1,6,1,1,6,6,6,6,6,1,1,1,6,6,6,1,1,1,6,6,1,1,6,6,1,1,1,1,6,6,1,1,1,6,1,1,1,1,6,6,1,1,6,1,1,6,6,6,6,1,6,1,1,1,6,1,6,1,1,6,1,1,1,1,1,1,1,6,6,1,1,1,9,9,9,9,9,9,9,9,9,9,6,1,1,1,1,1,1,1,1,1,1,1,1,1,1,1,1,1,1,1,1,6,6,6,6,1,6,1,1,1,9,1,1,1,1,1,1,1,1,1,1,1,1,1,1,1,1,1,6,1,1,6,6,1
95,20750,WELCH,100,6,6,6,1,6,1,6,6,6,6,6,1,1,1,1,1,1,1,1,6,1,6,1,1,6,6,1,1,1,6,6,6,1,6,6,1,1,1,1,1,1,1,1,6,1,1,1,1,1,6,6,1,6,6,6,1,6,6,1,1,6,6,1,6,1,1,6,6,6,6,6,6,6,6,6,6,6,1,1,6,6,6,6,6,9,9,6,6,6,6,6,6,6,6,6,6,6,6,1,6,9,6,6,1,1,1,1,1,1,1,1,1,6,6,6,6,1,1,6,6,1,6,1,1,6,1,6,9,9,9,9,9,9,9,6,1,6,6,1,1,1,1,1,1,1,1,6,1,1,1,6,1,1,1,1,1,6,9,9,9,6,6,1,1,1,1,6,9,1,1,1,1,1,1,6,6,9,6,6,1,6,1,1,1,6,1,6,6,1,6,6,1,1,1,1,6,6,6,6,6,6,6,6,1,6,1,6,1,1,6,6,6,6,1,6,6,6,6,1,1,1,1,6,6,1,1,1,6,6,1,1,1,1,6,1,1,1,1,6,6,1,1,6,1,6,6,1,1,1,1,6,6,6,1,6,1,1,6,6,6,1,6,6,6,1,6,6,1,1,6,6,1,6,6,6,1,1,1,1,1,1,1,1,1,1,1,6,6,6,6,6,1,6,6,6,6,6,6,1,1,6,6,1,1,6,1,6,1,1,6,6,6,1,6,6,6,1,6,1,6,1,1,1,6,6,1,1,1,1,6,6,1,6,6,1,6,1,6,6,1,6,1,6,1,1,6,6,1,1,1,6,6,6,6,6,1,1,1,1,1,6,1,1,1,1,6,6,6,6,6,6,6,6,6,1,1,6,1,1,1,6,6,1,1,1,1,1,1,9,6,6,6,6,1,1,1,6,1,1,1,6,1,1,1,6,9,9,9,6,6,6,1,6,6,6,6,1,6,1,1,1,1,1,1,6,6,6,6,1,1,1,1,1,6,6,6,1,1,1,1,6,6,1,6,6,6,6,6,1,6,6,6,6,6,6,6,6,1,1,1,1,6,6,1,1,6,6,6,6,1,6,1,6,1,1,1,6,6,1,6,6,1,6,1,6,6,6,6,1,1,6,1,6,1,1,6,6,1,1,1,1,1,6,1,1,1,6,6,6,6,6,6,1,6,1,6,6,6,1,1,1,1,9,6,1,1,6,1,6,1,6,6,1,1,1,6,6,6,1,1,6,6,1,1,6,6,1,6,1,6,6,1,1,6,1,6,1,1,6,6,1,1,1,1,1,1,1,1,1,1,6,6,1,1,1,1,1,1,6,1,6,6,1,1,1,1,6,6,1,1,6,6,1,1,6,1,6,1,6,6,6,6,6,1,6,1,1,1,6,6,1,1,6,6,6,6,1,1,6,1,6,1,1,1,6,6,6,1,6,6,6,6,1,1,1,6,1,1,6,6,1,6,6,6,1,1,6,1,1,6,1,6,1,1,1,1,1,6,6,1,1,6,1,6,6,1,1,1,6,1,1,1,1,6,6,6,6,6,6,1,6,1,6,6,1,1,6,6,1,1,6,1,6,1,1,6,6,6,1,1,6,1,6,6,1,1,6,6,1,1,1,1,6,6,1,6,6,6,6,1,6,1,1,6,1,1,1,6,6,1,1,6,1,1,6,6,6,6,1,6,6,1,1,6,6,6,6,6,6,9,6,1,1,6,9,6,1,1,1,6,6,6,1,6,6,6,6,1,1,1,6,1,6,6,6,1,1,1,6,6,1,1,1,6,6,1,6,1,1,6,6,6,6,9,1,6,1,1,1,1,1,6,6,6,1,6,1,6,6,1,6,6,1,1,6,1,6,1,6,9,6,1,1,6,6,1,1,6,1,6,6,1,1,1,1,1,1,1,1,6,6,6,1,6,6,6,1,1,1,6,6,1,1,1,1,1,6,6,1,6,1,1,6,6,6,6,1,1,6,6,1,1,6,1,1,6,6,6,6,6,6,6,1,6,6,1,1,1,1,1,6,6,6,1,1,6,6,6,1,1,6,6,6,6,6,6,6,1,1,6,1,6,1,1,1,1,6,6,1,1,6,1,6,6,6,1,1,1,1,6,1,1,1,1,1,6,6,1,1,1,6,6,1,1,1,1,6,6,6,6,1,1,6,1,1,6,1,6,6,6,6,1,1,6,1,1,1,6,6,1,1,1,6,6,6,1,1,1,6,6,6,1,6,1,1,6,6,1,6,6,6,6,6,1,1,1,1,6,6,1,6,1,1,6,6,6,1,1,6,6,6,6,6,6,6,6,1,6,1,6,1,1,6,6,6,6,1,6,6,6,1,6,6,1,6,1,1,6,6,1,1,1,1,7,1,6,6,6,1,1,1,6,6,6,6,6,6,6,1,6,6,6,6,6,1,6,6,6,6,6,1,6,1,1,6,6,6,6,6,1,1,1,6,6,6,6,1,6,6,6,1,1,6,9,1,1,1,1,6,6,1,1,1,6,1,1,1,1,6,6,1,1,6,1,6,6,6,6,6,1,6,1,1,1,6,1,6,1,1,6,1,1,1,1,1,1,1,6,6,1,1,1,1,1,1,1,1,1,1,1,1,1,6,1,1,1,1,1,1,1,1,1,1,1,1,1,1,1,1,1,1,1,1,6,6,6,6,1,6,1,1,1,1,1,1,1,1,1,1,1,1,6,1,1,1,1,1,1,1,1,6,1,1,6,6,1
96,20754,TSONGAS,100,6,6,6,1,6,1,6,6,6,6,6,1,1,1,1,1,1,1,1,6,1,6,1,1,6,6,1,1,1,1,6,6,1,6,6,1,1,1,1,1,1,1,1,6,1,1,1,1,1,6,6,1,6,6,6,6,6,6,1,1,6,6,1,6,1,1,6,6,6,6,6,6,6,6,6,6,6,1,1,6,6,6,6,6,1,1,6,6,6,6,6,6,6,6,6,6,6,6,1,6,1,6,6,1,1,1,1,1,1,1,1,1,6,6,6,6,1,1,6,6,1,6,1,1,6,1,6,6,6,6,6,6,6,6,1,6,6,6,1,1,1,1,1,1,1,1,6,1,1,1,6,1,1,1,1,1,6,1,1,6,6,6,1,1,1,1,6,6,1,1,1,9,9,9,9,9,9,9,9,9,9,9,9,9,9,9,9,9,9,9,9,9,9,1,1,6,6,6,6,6,6,6,6,1,6,1,6,1,1,6,6,6,6,1,1,6,6,6,1,9,1,1,6,6,1,1,1,6,6,1,1,1,1,6,1,1,1,1,6,6,1,1,6,1,6,6,1,1,1,6,6,6,6,1,6,1,1,6,6,6,1,6,6,6,1,1,6,1,1,6,6,1,6,6,6,1,1,1,1,1,6,1,1,1,1,1,6,6,6,6,6,1,6,6,6,6,6,6,1,1,6,6,1,1,6,1,6,1,1,6,6,6,1,6,6,6,1,6,1,6,1,1,1,6,6,1,1,1,1,6,6,1,6,6,1,6,1,6,6,1,6,1,6,1,1,6,6,1,1,1,6,6,6,6,6,1,1,1,1,1,6,1,1,1,1,6,6,6,6,6,6,6,6,6,1,1,6,1,1,1,6,6,1,1,1,1,1,1,1,6,6,6,6,1,1,1,6,1,1,1,6,1,1,1,6,6,6,1,6,6,6,1,6,6,6,6,1,6,1,1,1,1,1,1,6,6,6,6,1,1,1,1,1,6,6,1,1,1,1,1,6,6,1,6,6,6,6,6,1,6,6,6,6,6,6,9,9,9,9,9,9,9,9,9,9,9,9,9,9,9,9,9,9,9,9,9,9,9,1,6,6,1,6,9,6,6,6,6,1,1,6,1,6,1,1,6,6,1,1,1,1,1,6,1,1,1,6,6,6,6,6,6,1,6,1,6,6,6,1,1,1,1,6,6,1,1,6,1,6,1,6,6,1,1,1,6,6,6,1,1,6,6,9,9,6,6,1,6,1,6,6,6,1,6,1,6,9,9,6,6,1,1,1,1,1,1,1,1,1,1,6,6,1,1,1,1,1,1,6,1,6,6,1,1,1,1,6,6,1,1,6,6,1,1,6,1,6,1,6,6,6,6,6,1,6,1,1,1,6,6,1,1,6,1,6,6,1,1,6,1,6,9,9,9,6,6,1,1,6,1,6,6,1,1,1,6,9,9,6,6,1,6,6,6,1,1,6,1,1,6,1,6,1,1,1,1,1,6,6,1,1,6,1,6,6,1,1,1,6,1,9,9,1,6,6,6,6,6,6,1,6,1,6,6,1,1,6,6,1,1,6,1,6,1,1,6,6,6,1,1,6,1,6,6,1,1,6,6,1,1,1,1,9,1,1,6,6,6,6,1,1,1,1,6,1,9,9,6,6,1,1,6,1,9,6,6,6,6,1,6,6,1,1,6,6,6,6,6,6,1,6,1,1,6,6,6,1,1,9,6,6,6,6,6,6,6,6,1,1,1,6,1,6,6,6,1,1,1,6,6,1,1,1,6,6,1,6,1,1,6,6,6,6,6,1,6,6,1,9,9,1,6,6,6,1,6,1,6,9,9,9,9,9,9,9,1,6,1,6,6,6,9,9,6,6,1,1,1,1,6,6,1,1,1,1,1,1,1,1,6,6,6,1,6,6,6,9,9,1,6,6,1,1,1,1,1,6,6,1,6,1,1,6,6,1,6,1,1,6,6,1,1,6,1,1,6,6,6,6,6,6,6,1,6,6,1,1,9,9,9,6,6,6,1,1,1,6,6,1,1,6,6,6,6,6,6,9,9,9,9,9,9,9,9,9,9,6,6,1,1,6,1,6,6,6,6,6,1,1,6,1,1,1,1,1,6,1,9,9,9,6,6,1,1,1,1,6,6,1,6,1,1,6,1,1,6,1,6,6,9,9,9,9,9,1,1,1,6,6,1,1,9,9,9,9,9,9,9,6,6,6,1,6,1,1,6,6,1,6,6,6,6,6,1,1,9,9,6,6,1,6,1,1,6,6,6,9,9,9,9,9,9,9,9,9,9,9,9,9,9,1,1,6,6,6,6,1,6,6,6,1,6,1,1,6,9,9,6,6,1,1,1,1,7,1,6,6,6,1,1,1,6,6,6,6,6,6,6,1,6,6,6,6,6,1,6,6,6,6,6,1,6,9,9,6,6,6,6,6,1,1,1,6,6,6,1,9,9,6,6,1,1,6,6,1,1,1,1,6,9,1,1,1,6,1,1,1,1,6,6,1,1,6,1,1,6,6,6,6,1,6,1,1,1,6,9,9,1,1,9,9,9,9,9,1,1,1,6,6,1,1,1,9,9,9,9,9,9,9,9,9,9,9,9,1,1,1,1,1,1,1,1,1,1,1,1,1,1,1,6,1,1,1,9,6,6,6,1,6,9,1,1,1,1,1,1,1,1,1,1,1,6,1,1,1,1,1,1,1,1,6,1,9,9,9,9
97,20755,LATTA,200,1,1,1,6,1,6,1,1,1,1,1,6,6,6,6,6,6,6,6,1,6,1,1,1,1,1,1,6,6,1,1,1,1,1,1,6,6,6,6,6,6,6,6,1,6,6,6,6,6,1,1,6,1,1,1,6,1,1,1,1,1,1,6,1,1,1,1,1,1,1,1,1,1,1,1,1,1,1,1,1,1,1,1,1,1,1,1,1,1,1,1,1,1,1,1,1,1,1,1,1,1,1,1,1,6,6,6,6,6,6,6,6,1,1,1,1,6,6,1,1,6,1,6,6,1,1,1,1,1,1,6,1,6,6,1,1,1,1,6,6,6,6,6,6,6,6,1,6,6,6,1,6,6,6,6,6,1,1,1,1,1,1,1,6,6,6,1,1,1,1,1,1,1,1,1,1,1,1,1,1,1,6,1,6,1,1,1,1,6,1,1,1,1,1,1,1,1,1,1,1,1,1,1,6,1,6,1,1,1,1,1,1,1,6,1,1,1,1,1,1,1,1,1,1,1,1,1,1,1,1,1,1,6,1,1,1,1,1,1,1,1,6,1,1,1,1,1,6,1,1,1,1,1,1,1,1,1,1,1,1,1,1,1,1,1,6,1,1,1,1,1,1,1,1,1,1,1,6,6,6,1,6,1,1,1,1,1,1,1,1,1,6,1,1,1,1,1,1,1,1,1,1,6,6,1,1,1,1,1,1,1,1,6,1,1,1,6,1,1,1,1,1,1,1,1,1,1,1,1,1,1,1,1,6,6,1,1,1,1,6,1,6,1,1,1,1,1,1,6,6,1,6,1,1,1,6,6,6,6,6,1,6,6,6,6,1,1,1,1,6,1,1,1,1,1,6,1,1,1,1,1,1,1,6,6,6,6,6,6,1,1,1,1,6,6,6,1,6,6,6,1,1,6,6,1,1,1,1,1,1,1,1,1,1,1,1,6,1,6,6,6,6,6,6,1,1,1,6,6,1,6,6,6,1,1,1,1,1,1,1,1,1,6,1,6,1,1,1,6,1,1,1,1,1,6,1,1,6,6,6,6,1,1,6,6,1,1,1,1,6,1,6,1,6,6,6,1,1,1,1,1,6,1,1,1,1,1,1,6,6,1,1,1,6,6,1,1,6,6,6,6,6,1,6,6,6,1,6,1,1,1,1,6,1,6,1,1,1,6,6,6,6,1,1,6,6,1,1,1,1,1,1,1,6,6,1,1,1,1,6,1,1,1,1,1,1,6,1,1,1,1,6,6,1,6,1,1,1,1,1,1,1,6,1,1,6,1,1,1,1,1,1,1,6,6,6,6,6,1,1,1,1,1,6,6,6,1,1,1,1,1,1,6,6,1,6,1,1,1,1,1,1,1,6,1,1,1,6,1,1,1,6,1,1,1,1,1,6,1,1,1,1,1,6,1,1,1,6,1,1,1,1,1,1,1,1,1,1,1,1,6,1,1,1,6,6,1,1,6,1,1,1,6,1,1,1,1,1,1,1,6,1,1,1,1,1,6,1,1,1,1,1,6,1,1,1,1,1,1,6,1,6,1,1,1,1,1,1,1,6,1,1,1,1,1,1,1,1,1,6,1,1,1,1,1,1,1,1,1,1,1,1,6,6,6,1,1,1,1,1,6,6,6,1,1,1,1,1,1,1,1,1,1,6,1,1,1,1,6,1,1,1,1,1,6,1,1,1,1,1,1,1,1,1,1,1,1,1,6,1,1,1,1,1,1,1,1,1,1,6,1,6,1,1,1,1,1,1,1,1,1,1,6,1,1,6,1,1,1,1,1,1,1,1,6,1,1,1,1,1,6,1,1,1,6,1,6,1,1,1,1,1,1,6,1,6,1,6,1,1,1,1,1,1,1,1,6,1,6,1,1,1,1,6,1,1,1,1,1,1,1,1,6,1,1,1,1,1,1,1,1,1,1,1,1,1,1,1,6,1,1,6,6,1,6,1,6,1,1,1,6,1,1,1,1,1,1,1,1,1,1,1,6,1,6,1,6,1,1,1,1,1,1,1,1,1,1,1,1,1,6,6,1,6,1,1,6,6,1,1,6,1,1,1,1,1,1,1,1,6,1,1,1,1,1,6,6,6,6,1,1,6,6,1,6,1,1,1,1,1,1,1,6,6,1,1,1,1,1,1,6,6,1,6,6,1,6,1,1,1,1,6,6,1,1,1,1,1,1,1,1,1,1,1,1,1,1,6,1,1,1,6,1,6,1,1,1,6,1,1,1,1,1,6,1,1,1,1,1,1,1,1,6,6,1,1,6,1,6,6,1,1,1,6,6,6,6,6,6,1,1,1,1,1,1,1,6,1,1,1,6,1,1,6,1,1,1,1,1,1,1,1,1,1,1,1,1,1,6,6,6,1,1,1,1,1,1,1,6,1,1,1,1,1,6,1,1,1,1,1,6,1,1,1,1,1,1,1,1,1,1,6,1,1,1,1,6,1,1,1,6,1,1,1,6,6,6,6,1,1,1,1,1,1,1,1,1,1,1,1,1,1,1,1,1,1,1,1,1,6,1,1,1,1,1,1,1,1,1,1,1,1,1,1,1,1,1,1,1,6,1,1,1,1,1,1,1,1,1,1,1,1,1,1,1,1,1,1,1,1,1,1,1,1,1,1,1,1,1,1,1,1,1,1,1,1,1,1,1,1,1,1,1,1,1,1,1,1,1,1,1,1,1,1,1,1,1,1,1,1,1,1,1,1,1,1
98,20756,WITTMAN,200,1,1,1,6,1,6,1,1,1,1,1,6,6,6,6,6,6,6,6,1,6,1,1,1,1,1,1,6,6,1,1,1,1,1,1,6,6,6,6,6,6,6,6,1,6,6,6,6,6,1,1,6,1,1,1,6,1,1,1,1,1,1,6,1,1,1,1,1,1,1,1,1,1,1,1,1,1,1,1,1,1,1,1,1,1,1,1,1,1,1,1,1,1,1,1,1,1,1,1,1,1,1,1,6,6,6,6,6,6,6,6,6,1,1,1,1,6,6,1,1,9,9,9,9,9,1,1,1,1,1,6,1,6,6,1,1,1,1,6,6,6,6,6,6,6,6,1,6,6,6,1,6,6,6,6,6,1,1,1,1,1,1,1,6,6,6,1,1,1,1,6,1,1,1,1,1,1,1,1,1,1,6,1,6,1,1,1,1,6,1,1,1,1,1,1,1,1,1,1,1,1,1,1,6,1,6,1,1,1,1,1,1,1,6,1,1,1,1,1,1,1,1,1,1,1,1,1,1,1,1,1,1,1,1,6,1,1,1,1,1,1,6,1,1,1,1,1,6,1,1,1,1,1,1,1,1,1,1,1,1,1,1,1,1,1,6,6,1,1,1,1,1,1,1,1,1,1,6,6,6,1,6,1,1,1,1,1,1,1,1,1,6,1,1,1,1,1,1,1,1,1,1,1,6,1,1,1,1,1,1,1,1,6,1,1,1,6,1,6,1,1,1,1,1,1,6,1,1,1,1,1,6,1,6,6,1,1,1,1,6,1,6,1,1,1,1,1,1,6,6,1,6,1,1,1,6,6,6,6,6,1,6,6,6,6,1,1,1,1,1,1,1,1,1,1,6,1,1,1,1,1,1,1,6,6,6,6,6,6,1,1,1,1,6,9,6,1,6,6,6,1,1,6,6,1,1,1,1,9,1,1,1,1,1,1,1,6,1,6,6,6,6,6,6,1,1,1,1,6,6,6,1,6,1,1,1,1,1,1,1,1,1,6,1,1,1,1,1,6,1,1,1,1,1,1,1,1,6,6,6,6,1,1,6,6,1,1,1,1,6,1,6,1,6,6,6,1,6,6,1,1,6,1,1,1,1,1,1,6,6,1,6,1,6,6,1,1,6,6,6,6,6,6,6,6,6,1,1,1,1,1,1,6,1,6,1,1,1,6,6,6,6,1,1,6,6,1,1,1,1,1,1,1,6,6,1,1,1,1,6,1,1,1,1,1,1,6,1,1,1,1,6,6,6,6,1,1,1,1,1,1,1,6,1,1,6,1,1,1,1,1,1,1,6,6,6,6,6,1,1,1,1,6,6,6,6,1,1,1,1,1,1,6,6,1,6,1,1,1,1,1,1,1,6,1,1,1,1,1,1,1,6,1,1,1,1,1,6,1,1,1,1,9,1,1,1,6,6,1,1,1,1,1,1,1,1,1,1,1,1,6,1,1,1,6,6,1,1,6,1,6,1,6,1,1,1,1,1,1,1,6,1,1,1,1,1,6,1,6,1,1,1,6,1,1,1,1,1,1,6,1,9,1,1,1,1,1,1,1,6,1,1,1,1,6,1,1,1,1,6,1,1,1,1,1,9,6,6,1,1,1,1,6,6,6,1,1,1,1,1,6,1,6,1,1,1,1,1,1,1,1,1,1,6,1,1,1,1,6,1,6,1,1,1,6,1,1,1,1,1,1,1,1,1,1,1,1,1,1,1,1,1,1,1,1,1,1,1,1,6,1,6,1,1,1,1,1,1,1,1,1,1,6,1,1,6,1,1,1,1,1,1,1,1,6,1,6,1,1,1,6,1,1,1,6,1,6,1,1,1,1,1,1,6,1,6,1,6,1,1,1,1,1,1,1,1,6,1,6,1,1,1,1,1,1,1,1,1,1,1,1,1,6,1,1,1,1,1,1,1,1,1,1,1,1,1,1,1,6,1,1,6,6,1,6,1,6,1,1,1,6,1,1,1,1,1,1,1,1,1,1,1,6,1,6,1,6,1,1,1,1,1,1,1,1,1,1,1,1,1,6,1,1,1,1,1,6,1,1,1,6,1,6,1,1,1,1,1,6,6,1,1,1,1,1,6,6,6,6,1,1,6,6,1,6,1,1,1,1,1,1,1,1,6,1,1,1,1,6,1,6,6,1,6,6,1,6,1,1,1,1,6,6,1,1,1,9,1,1,1,1,1,1,9,9,1,1,6,1,1,1,6,1,6,1,1,1,6,1,1,1,1,1,6,1,1,1,1,1,1,1,1,6,6,1,1,6,1,6,1,1,1,1,1,1,1,6,1,6,1,1,1,1,1,1,1,6,1,1,1,6,1,1,6,1,1,1,1,1,1,1,1,1,1,1,9,1,6,6,6,6,1,1,1,1,1,1,6,6,1,1,1,1,1,6,1,1,1,1,1,6,1,1,1,1,1,1,1,1,1,1,6,1,1,1,1,6,1,1,1,6,1,1,1,6,6,6,6,1,1,1,1,1,1,1,1,1,1,1,1,1,1,1,1,6,1,1,1,1,6,1,1,1,1,1,1,1,1,1,1,1,1,1,1,1,1,1,1,1,6,1,1,1,1,1,1,1,1,1,1,1,1,1,1,1,1,1,1,1,1,1,1,1,1,1,1,1,1,1,1,1,1,1,1,1,1,1,1,1,1,1,1,1,1,1,1,1,1,1,1,1,1,1,1,1,1,1,1,1,1,1,1,1,1,1,1
99,20757,CARSON,100,6,6,6,1,6,1,6,6,6,6,6,1,1,1,1,1,1,1,1,6,1,6,1,1,6,6,1,1,1,6,6,6,1,6,6,1,1,1,1,1,1,1,1,6,1,1,1,1,1,6,6,1,6,6,6,1,6,6,1,1,6,6,1,6,1,1,6,6,6,6,6,6,6,6,6,6,9,1,1,6,6,6,6,6,1,1,6,6,6,6,6,6,6,6,6,6,6,6,1,6,1,6,6,1,1,1,1,1,1,1,1,1,6,6,6,6,1,1,9,6,1,6,1,1,6,1,6,6,6,6,1,6,1,1,6,6,6,6,9,1,1,1,1,1,1,1,6,1,1,1,6,1,1,1,1,1,6,1,1,6,6,6,6,1,1,1,6,6,1,1,6,1,1,1,6,6,1,6,6,1,6,1,1,9,9,9,6,6,6,6,6,1,6,9,9,6,6,9,6,6,6,6,6,9,6,1,6,1,1,6,6,6,6,1,6,6,6,6,1,1,1,1,6,6,9,1,1,6,6,1,1,1,1,6,1,1,1,1,6,6,1,1,6,1,6,6,1,1,1,1,6,6,6,1,6,1,1,6,6,6,1,6,6,6,1,1,6,1,1,6,6,1,6,6,6,1,1,1,1,1,1,1,1,1,1,1,6,6,6,6,6,1,6,6,6,6,6,6,1,1,6,6,1,1,6,6,6,1,1,6,6,6,1,6,6,6,1,6,1,6,1,1,1,6,6,6,1,1,1,6,6,6,6,6,1,6,1,6,6,9,6,1,6,1,1,6,6,1,1,1,6,1,6,6,6,1,1,1,1,1,6,1,6,1,1,6,6,6,6,1,6,6,6,6,1,1,6,1,1,1,6,6,1,1,1,1,1,1,1,6,6,6,6,1,1,1,6,1,1,1,6,1,1,1,1,6,6,1,6,6,6,1,6,6,6,6,1,6,1,1,1,1,1,1,6,6,6,6,1,1,1,1,1,6,6,1,1,1,1,1,6,6,6,6,6,6,6,6,1,6,6,6,6,6,6,6,6,1,1,1,1,6,6,1,1,6,6,6,6,1,6,1,6,1,1,1,6,6,1,6,6,1,6,1,6,6,6,6,1,1,6,1,6,1,1,6,6,1,1,1,1,1,6,1,1,1,6,6,6,6,6,6,1,6,1,6,6,6,1,1,1,1,6,6,1,1,6,1,6,1,6,6,6,1,1,6,6,6,1,1,6,6,1,1,6,6,1,6,1,6,6,1,1,6,1,6,1,1,6,6,1,1,1,1,1,1,1,9,9,9,9,6,1,1,1,1,1,1,6,1,6,6,1,1,1,1,6,6,1,1,6,6,1,1,6,1,6,1,6,6,6,6,6,1,6,1,1,1,6,6,6,1,6,6,6,6,1,1,6,1,6,1,1,1,6,6,1,1,6,6,6,6,1,1,1,6,1,6,6,6,1,6,6,6,1,1,6,1,1,6,6,6,1,1,1,1,1,6,6,1,1,6,1,6,6,1,6,1,6,1,1,1,1,6,6,6,6,6,6,1,1,1,6,6,1,1,6,6,1,1,6,1,6,1,6,6,6,6,1,1,6,1,6,6,1,6,6,6,1,1,1,1,6,9,6,6,6,6,6,1,6,1,1,1,1,1,1,6,6,1,1,1,1,1,6,6,6,6,1,6,6,1,6,6,6,6,9,6,6,1,9,1,1,6,6,6,1,1,6,6,6,6,6,6,6,6,6,1,1,6,6,6,6,6,6,6,1,1,6,6,1,1,1,6,6,1,6,1,1,6,6,6,6,6,1,1,6,1,1,1,1,6,6,6,1,6,1,1,6,1,6,6,9,1,6,1,6,1,6,6,6,1,1,6,6,1,1,1,1,6,6,1,1,1,1,1,1,1,1,6,6,6,1,6,6,6,1,1,1,6,6,1,1,1,1,1,6,6,1,6,1,9,9,9,9,9,9,1,6,6,1,1,6,9,9,9,9,9,9,6,6,6,1,6,1,1,6,1,1,1,6,6,6,1,1,1,6,6,1,6,6,6,6,6,6,6,6,6,6,6,1,6,6,1,1,1,6,6,1,1,1,1,1,6,6,6,6,1,1,6,1,1,1,1,1,6,1,1,1,1,6,6,6,1,1,1,6,6,1,6,1,1,6,1,1,6,1,6,6,6,6,1,1,6,1,1,1,6,6,1,1,6,6,6,6,1,1,6,6,6,6,1,6,1,6,6,6,1,6,6,6,6,6,1,1,1,1,6,6,1,6,1,1,6,6,6,1,1,1,6,6,6,6,6,6,1,1,1,1,6,1,1,6,6,6,6,1,6,6,6,1,6,6,1,6,1,1,6,6,1,1,1,1,7,1,6,6,6,1,1,1,6,6,6,6,6,6,6,1,6,6,6,6,6,1,6,6,6,6,6,1,6,1,1,6,6,6,6,6,1,1,1,6,6,6,1,1,6,6,6,1,1,6,6,1,1,1,1,6,6,1,1,1,6,1,1,1,1,6,6,1,1,6,1,1,6,6,6,6,1,6,1,1,1,6,1,6,1,1,6,1,1,1,1,1,1,1,6,6,9,1,1,1,1,1,1,1,1,1,1,1,1,6,1,1,1,1,1,1,1,1,1,1,1,1,1,1,1,1,6,1,1,1,6,6,6,6,1,6,1,1,1,1,1,1,1,1,1,1,1,1,6,1,1,1,1,1,1,1,1,6,1,1,6,6,1
100,20758,BILIRAKIS,200,1,1,1,6,1,6,1,1,1,1,1,6,6,6,6,6,6,6,6,1,6,1,1,1,1,1,1,6,6,1,1,1,1,1,1,6,6,6,6,6,6,6,6,1,6,6,6,6,6,1,1,6,1,1,1,6,1,1,1,1,1,1,6,1,1,1,1,1,1,1,1,1,1,1,1,1,1,1,1,1,1,1,1,1,1,1,1,1,1,1,1,1,1,1,1,1,1,1,1,1,9,1,1,1,6,6,6,6,6,6,6,6,1,1,1,1,6,6,1,1,6,1,6,6,1,1,1,1,1,1,6,1,6,6,1,1,1,1,6,6,6,6,6,6,6,6,1,6,6,6,1,6,6,6,6,6,1,1,1,1,1,1,1,6,6,6,1,1,1,1,1,1,1,1,1,1,1,1,1,1,1,6,1,6,1,1,1,1,1,1,1,1,1,9,1,1,1,1,1,1,1,1,1,6,1,6,1,1,1,1,1,1,1,6,1,1,1,1,1,1,1,1,1,1,1,1,1,1,1,1,1,1,1,1,1,1,1,1,1,1,1,6,1,1,1,1,1,6,1,1,1,1,1,1,1,1,1,1,1,1,1,1,1,1,1,6,1,1,1,1,1,1,1,1,1,1,1,6,6,6,1,6,1,1,1,1,1,1,1,1,1,6,1,1,1,1,1,1,1,1,1,1,1,6,1,1,1,1,1,1,1,1,6,1,1,1,6,1,1,1,1,1,1,1,1,1,1,1,1,1,1,1,1,1,6,1,1,1,1,6,1,6,1,1,1,1,1,1,6,6,1,6,1,1,1,6,6,6,6,6,1,6,6,6,9,1,1,1,1,6,9,9,9,9,9,9,9,1,1,1,1,1,1,6,6,6,6,6,6,1,1,1,1,6,6,6,1,6,6,6,1,1,6,6,1,1,1,1,1,1,1,1,1,1,6,1,6,1,6,6,6,6,6,6,1,1,1,1,6,1,6,6,6,1,1,1,1,1,1,1,1,1,1,1,6,1,1,1,6,1,1,1,9,1,1,1,1,6,6,6,6,1,1,6,6,9,9,9,9,9,9,9,9,9,9,9,9,9,9,9,9,9,9,9,1,1,1,1,6,6,1,6,6,6,6,1,1,6,6,6,6,6,1,6,6,6,1,1,1,1,1,1,6,1,6,1,1,1,6,6,6,6,1,1,6,6,1,1,1,1,1,1,1,6,6,1,1,1,1,6,1,1,1,1,1,1,6,1,1,1,1,6,6,6,6,1,1,1,1,1,1,1,6,1,1,6,1,1,1,1,1,1,1,6,6,6,6,6,1,1,1,1,1,6,6,6,1,1,1,1,1,1,6,6,1,6,1,1,1,1,1,1,1,6,1,1,1,1,1,1,1,6,1,1,1,1,1,6,1,1,1,1,1,1,1,1,1,6,1,1,1,1,1,1,1,1,1,1,1,1,6,1,1,9,6,6,1,1,6,1,1,1,6,1,1,1,1,1,1,1,6,1,1,1,1,1,1,1,1,1,1,1,6,1,1,1,1,1,1,6,1,6,1,1,1,1,1,1,1,6,1,1,1,1,1,1,1,1,1,6,1,1,1,1,1,1,1,1,1,1,1,1,6,6,6,1,1,1,1,1,1,6,6,1,1,1,1,1,1,1,1,1,1,1,1,1,1,1,6,1,1,1,1,1,6,1,1,1,1,1,1,1,1,1,1,1,1,1,1,1,1,1,1,1,1,1,1,1,1,1,1,1,1,1,1,1,1,1,1,1,1,1,6,1,1,6,1,1,1,1,1,1,1,1,6,1,1,1,1,1,6,1,1,1,6,1,6,1,1,1,1,1,1,6,1,6,1,6,1,1,1,1,1,1,1,1,6,1,1,1,1,1,1,1,1,1,1,1,1,1,1,1,6,1,1,1,1,1,1,1,1,1,1,1,1,1,1,1,6,1,1,6,6,1,6,1,6,1,1,1,6,1,1,1,1,1,1,1,1,1,1,1,6,1,6,1,1,1,1,1,1,1,1,1,1,1,1,1,1,6,6,6,1,1,1,1,1,6,1,1,6,1,1,1,1,1,1,1,1,6,1,1,1,1,1,6,6,6,6,1,1,1,1,1,6,1,1,9,9,9,9,9,9,9,9,9,9,9,9,1,6,6,1,6,6,1,6,1,1,1,1,6,6,1,9,9,9,9,9,9,9,1,1,1,1,1,1,1,1,1,1,6,1,6,1,1,1,6,1,1,1,1,1,6,1,1,1,1,1,1,1,1,6,1,1,1,6,1,1,1,1,1,1,1,1,6,6,6,6,1,9,9,1,1,1,1,6,6,1,1,6,1,1,6,1,1,1,1,1,1,1,1,1,1,1,1,1,1,6,1,6,6,1,1,1,1,1,1,6,1,1,6,1,1,6,1,1,1,1,1,6,1,1,1,1,1,1,1,1,1,1,6,1,1,1,1,6,1,1,1,6,1,1,1,6,6,6,6,1,1,1,1,1,1,1,1,1,1,1,1,1,1,1,1,1,1,1,1,1,6,1,1,1,1,1,1,1,1,1,1,1,1,1,1,1,1,1,1,1,1,1,1,1,1,1,1,1,1,1,1,1,1,1,1,1,1,1,1,1,1,1,1,1,1,1,1,1,1,1,1,1,1,1,1,1,1,1,1,1,1,1,1,1,1,1,1,1,1,1,1,1,1,1,1,1,1,1,1,9,1,1,1,1,6,1,1
101,20759,SCALISE,200,1,1,1,6,1,6,1,1,1,1,1,6,6,6,6,6,6,6,6,1,6,1,1,1,1,1,1,6,6,1,1,1,1,1,1,6,6,6,6,6,6,6,6,1,6,6,6,6,6,1,1,6,1,1,1,6,1,1,1,1,1,1,6,1,1,1,1,1,1,1,1,1,1,1,1,1,9,1,1,1,1,1,1,1,1,1,1,1,1,1,1,1,1,1,1,1,1,1,1,1,1,1,1,6,6,6,6,6,6,6,6,6,1,1,1,1,6,6,1,1,6,1,6,6,1,1,1,1,1,1,6,1,6,6,1,1,1,1,6,6,6,6,6,6,6,6,1,6,6,6,1,6,6,6,6,6,1,1,1,1,1,1,1,6,6,6,1,1,1,1,1,1,1,1,1,1,1,1,1,1,1,6,1,6,1,1,1,1,1,1,1,1,1,1,1,1,1,1,1,1,1,1,1,6,1,6,1,1,1,1,1,1,1,6,1,1,1,1,1,1,1,1,1,1,1,1,1,1,1,1,1,1,1,1,1,1,1,1,1,1,1,6,1,1,1,1,1,1,1,1,1,1,1,1,1,1,1,1,1,1,1,1,1,1,1,6,1,1,1,1,1,1,1,1,1,1,1,6,6,6,1,6,1,1,1,1,1,1,1,1,1,6,1,1,1,1,1,1,1,1,1,1,1,6,1,1,9,9,9,9,9,9,9,9,9,9,9,9,9,9,9,9,9,9,9,9,9,9,9,9,9,9,9,9,9,9,9,9,9,9,9,9,9,9,9,9,9,9,9,9,9,9,9,9,9,9,9,9,9,9,9,9,9,9,9,9,9,9,9,9,9,9,9,9,9,9,9,9,9,9,9,9,9,9,9,9,9,9,9,9,9,9,9,9,9,9,9,9,9,9,9,9,9,9,9,9,9,9,9,9,9,9,9,9,9,9,9,9,9,9,9,9,9,9,9,9,9,9,9,9,9,9,9,9,9,9,9,9,9,9,9,9,9,9,9,9,9,9,9,9,9,9,9,9,9,9,9,9,9,9,9,9,9,9,9,9,9,9,9,9,9,9,9,9,9,9,9,9,9,9,9,9,9,9,9,9,9,9,9,9,9,9,9,9,9,9,9,9,9,9,9,9,9,9,9,9,9,9,9,9,9,9,9,9,9,9,9,9,9,9,9,9,9,9,9,9,9,9,9,9,9,9,9,9,9,9,9,9,9,9,1,1,1,1,1,1,6,1,1,9,9,6,6,1,6,1,1,1,1,1,1,1,6,1,1,6,1,1,1,1,1,1,1,9,9,9,9,9,9,9,1,1,1,6,6,6,1,1,1,1,1,1,9,9,9,9,9,9,1,1,1,1,9,6,1,1,1,1,1,9,9,6,1,1,1,1,1,9,9,9,1,1,1,1,1,1,1,6,1,1,1,1,1,1,1,1,1,1,1,1,6,1,9,9,9,9,9,9,6,1,1,9,6,1,1,1,1,1,1,1,6,1,1,1,1,1,1,1,1,1,1,1,9,9,1,1,1,1,1,6,1,6,1,1,1,9,1,1,1,6,1,1,9,9,9,1,1,1,1,6,1,1,1,1,1,1,1,1,1,9,9,9,9,9,9,9,9,9,9,9,9,9,9,9,9,9,9,9,9,9,9,9,9,9,9,9,9,9,9,9,9,9,9,9,9,9,9,9,9,9,1,1,1,1,1,1,1,1,1,1,1,1,1,1,1,1,1,1,1,1,1,1,1,1,1,1,1,1,1,1,1,1,6,9,9,6,1,1,1,1,1,1,1,1,6,1,1,1,1,1,9,9,1,1,9,9,6,1,1,1,1,1,1,6,1,6,9,9,9,9,9,1,1,1,1,1,6,1,1,1,1,1,1,1,1,1,1,1,1,1,1,9,9,9,1,1,9,9,9,9,9,9,9,9,9,9,9,9,6,1,1,6,6,1,6,1,6,1,1,1,6,1,1,1,1,1,1,9,9,1,1,1,6,1,6,1,1,1,1,1,1,1,1,1,1,1,1,1,1,6,6,1,1,1,1,1,1,1,1,1,6,1,1,1,1,1,1,1,1,6,1,1,1,1,1,6,6,6,6,1,1,6,6,1,6,1,1,1,1,1,1,1,1,6,1,1,1,1,1,1,6,6,1,6,6,1,6,1,1,1,1,6,6,1,1,1,1,1,1,1,9,1,1,9,9,1,1,1,1,1,1,6,1,6,1,1,1,6,1,1,1,1,1,6,1,1,1,1,1,1,1,1,6,1,1,1,6,1,6,1,1,1,1,6,6,6,6,6,6,1,1,1,1,1,1,1,9,9,1,1,6,1,1,6,1,1,1,1,1,1,1,1,1,1,1,1,9,9,9,9,9,9,1,1,1,1,1,1,6,1,1,1,1,1,6,1,1,1,1,1,6,1,1,1,1,1,1,1,1,1,1,6,1,1,1,1,6,1,1,1,6,1,1,1,6,6,6,6,1,1,1,1,1,1,1,1,1,1,1,1,1,1,1,1,1,1,1,1,1,6,1,1,1,1,1,1,1,1,1,1,1,1,1,1,1,1,1,1,1,1,1,1,1,1,1,1,1,1,1,1,1,1,1,1,1,1,1,1,1,1,1,1,1,1,1,1,1,1,1,1,1,1,1,1,1,1,1,1,1,1,1,1,1,1,1,1,1,1,1,1,1,1,1,1,1,1,1,1,9,9,9,1,1,1,1,1
102,20762,SPEIER,100,6,6,6,1,6,1,6,6,6,6,6,1,1,1,1,1,1,1,1,6,1,6,1,1,6,6,1,1,1,1,6,6,1,6,6,1,1,1,1,1,1,1,1,6,1,1,1,1,1,6,6,1,6,6,6,1,6,6,9,9,6,6,1,6,1,1,6,6,6,6,6,6,6,6,6,6,6,1,1,6,6,6,6,6,1,1,6,6,6,6,6,6,6,6,6,6,6,6,1,6,1,6,6,1,1,1,1,1,1,1,1,1,6,6,6,6,1,1,6,6,1,6,1,1,6,9,9,6,6,6,1,6,1,1,6,1,6,6,9,1,1,1,1,1,1,1,6,1,1,1,6,1,1,1,1,1,6,1,1,6,6,6,1,1,1,1,6,6,1,1,1,1,1,1,6,6,1,6,6,1,6,1,1,1,6,1,6,6,1,6,6,1,1,1,1,6,6,6,6,6,6,6,6,1,6,1,6,1,9,6,6,6,6,1,1,6,6,6,1,1,1,1,6,6,1,6,1,6,6,1,1,1,1,6,1,1,1,1,6,6,1,1,6,1,6,6,1,1,1,6,6,6,1,1,6,1,1,6,6,6,1,9,9,6,1,1,1,1,1,6,6,1,6,6,6,1,1,1,1,1,6,1,1,9,9,9,6,6,6,6,6,1,6,6,6,6,6,6,1,1,6,6,1,1,6,1,6,9,1,6,6,6,1,6,6,6,1,6,9,9,9,1,1,6,6,1,1,1,1,6,6,1,6,6,1,6,1,6,6,1,6,1,1,1,1,6,6,1,1,1,6,6,6,6,6,6,1,1,1,1,6,1,1,6,1,9,6,6,6,6,6,6,6,6,1,1,6,1,1,1,6,6,1,1,1,1,1,1,1,6,6,6,6,1,1,1,6,1,1,1,6,1,1,1,6,6,6,1,6,6,6,1,6,6,6,6,1,6,1,1,1,1,1,1,9,6,6,6,1,1,1,1,1,6,6,9,9,1,1,1,6,6,1,6,6,6,6,6,1,6,6,6,6,6,6,6,6,1,1,1,1,6,6,1,1,6,6,6,6,1,6,1,6,1,1,1,6,6,1,6,6,1,6,1,6,6,6,6,1,1,6,1,6,1,1,6,6,1,1,1,1,1,6,1,1,1,6,6,6,6,6,6,1,6,1,6,6,6,1,1,1,1,6,6,1,1,6,1,6,1,6,6,6,1,1,6,6,6,1,1,6,6,1,1,9,6,1,6,1,6,6,6,1,6,1,6,1,1,6,6,1,1,1,1,1,1,1,1,1,1,6,6,1,1,1,1,1,1,6,1,6,6,1,1,1,1,6,6,1,1,6,6,1,1,6,9,6,1,6,6,6,6,9,1,9,1,1,1,6,6,1,1,6,6,6,6,1,1,6,1,6,1,1,1,6,6,1,1,6,6,6,6,1,1,1,6,1,1,6,6,1,6,6,6,1,1,6,1,1,6,1,6,1,1,1,1,1,6,6,1,1,6,1,6,6,1,1,1,1,1,1,1,1,6,6,6,6,6,6,1,6,1,6,9,9,9,6,6,1,1,6,1,6,1,1,6,6,6,1,1,6,1,6,6,1,1,6,6,1,1,9,1,6,6,6,6,6,6,6,1,1,1,1,6,1,1,1,6,6,1,1,6,1,1,6,6,6,6,1,6,6,1,1,6,6,6,6,6,6,1,6,1,1,6,6,6,1,1,1,6,6,6,6,6,6,6,6,1,1,1,6,1,6,6,6,6,1,1,6,6,1,1,1,6,6,6,1,9,9,9,9,9,9,9,9,9,9,9,1,1,1,6,6,6,1,6,1,6,6,1,6,6,1,9,6,1,9,1,6,6,6,1,1,6,6,6,1,6,1,6,6,1,1,6,1,1,1,1,1,6,6,6,1,6,6,6,1,1,1,6,6,1,9,9,9,9,6,9,1,6,1,1,6,6,1,6,1,1,6,6,1,6,6,1,1,6,6,6,6,6,6,6,1,6,9,9,9,1,1,1,6,6,6,1,1,1,6,6,1,1,6,9,6,6,6,6,9,9,9,9,9,9,9,9,9,9,9,9,9,9,9,9,9,9,9,9,9,9,9,6,1,6,6,1,1,6,1,1,1,1,6,6,1,1,1,1,6,6,1,6,1,1,6,1,1,6,1,6,6,6,6,1,1,6,1,1,1,6,6,1,1,1,6,9,9,1,1,1,6,6,6,1,6,1,6,6,6,1,6,6,6,6,6,1,1,1,1,6,6,1,6,1,1,6,6,6,1,1,1,6,6,6,9,9,9,9,9,9,9,9,1,1,9,9,9,9,9,9,9,9,9,9,9,9,9,9,9,9,9,9,9,9,9,9,9,9,9,9,9,9,9,9,9,9,9,9,9,9,9,9,9,9,9,9,9,9,9,9,9,9,9,9,9,9,9,9,9,9,9,9,9,9,9,9,9,9,9,9,9,9,9,9,9,9,9,9,9,9,9,9,9,9,9,9,9,9,1,1,6,6,9,1,1,6,1,6,6,6,6,1,6,1,1,9,6,1,6,1,1,6,1,1,1,1,1,1,1,6,6,1,1,1,9,9,9,9,9,9,9,9,9,9,6,1,1,1,1,1,1,1,1,1,1,1,1,1,1,1,1,6,1,1,1,6,6,6,6,1,6,1,1,1,1,1,1,1,1,1,1,1,1,6,1,1,1,1,1,1,1,1,6,1,1,6,6,1
103,20903,McCLINTOCK,200,1,1,1,6,1,6,1,1,1,1,1,6,6,6,6,6,6,6,6,1,6,1,1,1,1,1,1,6,6,1,1,1,1,1,1,6,6,6,6,6,6,6,6,1,6,6,6,6,6,1,1,6,1,1,1,6,6,1,1,1,1,1,6,1,1,1,1,1,1,1,1,1,1,1,1,1,1,1,1,1,1,1,1,1,1,1,1,1,1,1,1,1,1,1,1,1,1,1,1,1,1,1,1,6,6,6,6,6,6,6,6,6,1,1,1,1,6,6,1,1,6,1,6,6,1,1,1,1,1,1,6,1,6,6,1,1,1,1,6,6,6,6,6,6,6,6,1,6,6,6,1,6,9,9,6,6,1,1,1,1,1,1,1,6,6,6,1,1,1,1,1,1,1,1,1,1,1,1,1,1,1,6,1,6,1,1,1,1,1,1,1,1,1,1,1,1,1,1,1,1,6,1,1,6,1,6,1,9,9,1,1,1,1,6,1,1,1,1,1,1,1,1,1,1,1,1,1,1,1,1,1,1,1,1,1,1,1,1,1,1,1,6,1,1,1,1,1,6,1,1,1,1,1,1,1,1,1,1,1,1,1,1,1,1,1,6,1,1,1,1,1,1,1,1,1,1,1,6,6,6,1,6,1,1,1,1,1,1,1,1,1,6,1,1,1,1,1,1,1,1,1,1,1,6,1,1,1,6,1,1,1,1,6,1,1,1,6,1,1,1,1,1,1,1,1,1,1,1,1,1,1,1,1,6,6,1,1,1,1,6,1,6,1,1,1,1,1,1,6,6,1,6,1,1,1,6,6,6,6,6,1,6,6,1,1,1,1,1,1,6,1,1,1,1,1,6,6,1,1,1,1,1,1,6,6,6,6,6,6,1,1,1,1,6,6,6,1,6,6,6,1,1,6,6,1,1,1,1,1,1,1,1,1,1,6,6,6,1,6,6,6,6,6,6,1,1,1,1,6,6,6,6,6,1,1,1,1,1,1,1,1,1,1,1,1,1,1,1,6,1,1,1,1,1,1,1,1,6,6,6,6,1,1,6,6,1,1,1,1,6,1,6,1,6,6,6,1,1,6,1,1,6,1,1,1,1,1,1,6,6,1,6,1,6,6,1,1,6,6,6,6,6,6,6,6,6,1,1,1,1,1,1,6,1,6,1,1,1,6,6,6,6,1,1,1,6,1,1,1,1,1,1,1,6,6,1,1,1,1,6,1,1,1,1,1,1,6,1,1,1,1,6,6,1,6,1,1,1,1,1,1,1,6,1,1,6,1,1,1,1,1,1,1,6,6,6,6,6,1,1,1,1,1,6,6,6,1,1,1,1,1,1,6,6,1,6,1,1,1,1,1,1,1,6,1,1,1,1,1,1,1,6,1,1,1,1,1,6,1,1,1,1,1,1,1,1,1,6,1,1,1,1,1,1,1,6,1,1,1,1,6,1,1,1,6,6,1,1,6,1,1,1,6,1,1,1,1,1,1,1,6,1,1,1,1,1,1,1,1,1,1,1,6,1,1,1,1,1,1,6,1,6,1,1,1,1,1,1,1,6,1,1,1,1,1,1,1,1,1,6,6,1,1,1,1,1,1,6,1,1,1,1,6,6,6,1,1,1,1,1,1,1,6,6,1,1,1,1,1,1,1,6,1,1,1,1,1,1,6,1,1,1,1,1,6,1,1,1,1,1,1,9,9,9,9,9,9,1,1,1,1,1,1,1,1,1,1,1,1,1,1,1,1,1,1,6,1,1,1,1,1,1,6,1,1,6,1,1,6,1,1,1,1,1,6,1,6,6,1,1,6,1,1,1,6,1,6,1,1,6,1,1,1,6,1,6,1,6,1,1,1,1,1,1,1,1,6,1,1,1,1,1,1,6,1,1,1,1,1,1,1,1,6,1,1,1,1,1,1,1,1,1,1,1,1,6,1,1,6,1,1,6,1,1,6,1,1,1,1,1,6,6,1,1,1,1,1,1,1,1,1,1,6,1,6,1,1,1,1,1,1,1,1,1,1,1,1,1,1,1,1,1,1,1,1,1,1,1,6,1,6,6,1,1,1,1,1,1,1,6,1,1,1,1,1,6,6,6,6,1,1,6,6,6,6,1,1,1,1,1,1,1,1,6,1,6,1,1,1,1,6,6,1,6,6,1,6,1,1,1,1,6,6,6,6,1,1,1,1,1,1,1,1,6,6,6,1,1,1,1,1,6,6,6,6,1,1,6,1,1,6,1,1,6,6,1,1,1,1,1,1,1,6,6,1,1,6,1,6,1,1,1,1,1,1,6,6,6,6,1,1,1,1,1,1,1,6,1,1,1,6,1,1,6,1,1,1,1,1,1,1,1,6,1,1,1,1,1,6,6,6,1,1,1,1,1,1,1,6,1,1,1,1,1,6,1,1,1,1,1,6,1,1,1,1,1,1,1,1,6,1,6,1,1,1,1,6,1,1,1,6,1,1,1,6,6,6,6,1,1,1,1,1,1,1,6,1,1,1,1,1,6,1,6,1,1,1,1,1,6,1,6,1,1,1,1,1,6,6,1,6,1,1,1,1,1,1,1,1,1,6,1,6,6,6,1,1,1,6,1,1,6,1,1,1,1,1,1,1,1,1,1,1,1,1,6,1,1,1,6,1,1,1,1,1,1,1,1,1,1,1,1,1,1,1,1,1,1,1,1,1,1,1,1,6,1,1,1,6,6,1,1,1,1,1,6
104,20904,POLIS,100,6,6,6,1,6,1,6,6,6,1,6,1,1,1,1,1,1,1,1,6,1,6,1,1,6,6,1,6,6,1,6,6,1,6,6,1,1,1,1,1,1,1,1,6,1,1,1,1,1,6,6,1,6,6,6,6,6,6,1,1,6,6,1,6,1,1,6,6,6,6,6,6,6,6,6,6,6,1,1,6,6,6,6,6,1,1,6,6,6,6,6,6,6,6,6,6,6,6,1,6,1,6,6,1,1,1,1,1,1,1,1,1,6,6,6,6,1,1,6,6,1,6,1,1,6,1,6,6,6,6,6,6,9,6,6,6,6,6,1,1,1,1,1,1,1,1,6,1,1,1,6,1,1,1,1,1,6,1,1,6,6,6,1,1,1,1,6,6,1,1,1,1,1,1,6,6,1,6,6,1,6,1,1,1,6,1,6,6,1,6,6,1,1,1,1,6,6,6,6,6,6,6,6,1,6,1,6,1,9,6,6,6,6,1,1,6,6,6,1,1,1,1,6,6,1,6,1,6,6,1,1,1,1,6,1,1,1,1,6,6,1,1,6,1,6,6,1,1,1,1,6,6,1,1,6,1,1,6,6,6,1,6,6,6,1,1,6,9,9,6,6,1,6,6,6,1,1,1,1,1,6,1,1,1,1,1,6,6,6,6,6,1,6,6,9,6,6,6,9,9,6,6,1,1,6,1,6,1,1,6,6,6,1,6,6,6,1,6,1,6,1,1,1,6,6,1,1,1,1,6,6,1,6,6,1,6,1,6,6,1,6,1,6,1,1,6,6,1,1,1,6,6,6,6,6,1,1,1,1,1,6,1,1,1,6,6,6,6,6,6,6,6,6,6,1,1,6,1,1,1,6,6,6,1,1,1,1,1,1,6,6,6,6,1,1,1,6,1,1,1,6,6,1,1,6,6,6,1,6,6,6,1,6,6,6,6,1,6,1,1,1,1,1,1,6,6,1,6,1,1,1,1,1,6,6,6,1,1,1,1,6,6,1,6,1,1,6,6,1,6,6,6,6,6,1,6,6,1,1,1,1,6,6,1,1,6,6,6,6,1,6,1,6,1,1,1,6,6,1,6,6,1,6,1,6,6,6,6,1,1,6,1,1,1,1,6,6,1,1,1,1,1,1,1,1,1,6,6,6,6,6,6,1,6,1,6,6,6,1,1,1,1,6,6,1,1,6,1,6,1,6,6,1,1,1,6,6,6,1,1,6,6,1,1,6,6,1,6,1,6,6,6,6,6,1,6,1,1,6,6,1,1,1,1,1,1,1,1,1,1,6,6,1,1,1,1,1,1,6,1,6,6,1,1,1,1,6,6,1,9,9,9,1,1,6,1,6,1,6,6,6,6,6,1,6,9,9,9,9,9,9,1,6,6,6,6,1,1,6,1,6,9,9,9,6,6,1,1,6,6,6,6,1,1,1,6,1,6,6,6,1,6,6,6,1,1,6,1,1,1,1,6,1,1,1,1,6,6,6,1,1,6,1,6,6,1,1,1,6,1,1,1,1,1,6,6,6,6,6,1,6,1,6,6,1,1,6,6,1,1,6,1,6,1,1,6,6,6,1,1,6,6,6,6,1,6,6,6,1,1,1,1,6,6,6,6,6,6,6,1,1,1,1,6,1,1,1,6,6,1,1,1,1,1,6,6,6,6,1,6,6,1,6,6,6,1,6,6,6,1,6,1,1,6,6,6,1,1,1,6,6,6,6,6,6,6,6,1,1,1,6,9,6,6,6,6,1,1,6,6,1,1,1,1,6,1,6,1,1,6,6,6,6,6,1,1,1,1,9,9,9,9,9,9,9,9,9,9,1,1,6,6,1,1,6,1,1,1,6,6,6,1,1,6,6,1,1,1,1,6,6,1,1,6,1,9,1,1,1,6,6,6,1,6,6,6,1,1,1,6,6,1,1,1,1,1,6,6,1,6,1,1,6,6,1,6,1,1,1,6,1,1,6,1,1,6,6,6,6,6,6,6,1,6,1,6,1,1,1,1,6,6,6,1,6,1,9,9,9,9,9,9,9,9,9,9,9,9,9,9,9,9,9,1,1,1,6,6,1,6,1,6,6,6,6,1,1,1,1,6,1,6,6,1,1,6,6,9,9,9,9,9,9,9,9,9,9,9,9,9,9,9,9,9,9,9,9,9,9,9,9,9,9,9,1,1,1,6,6,1,1,6,6,6,6,9,9,9,9,9,9,9,9,9,9,6,6,1,6,6,6,6,6,1,1,9,9,9,9,9,9,9,1,6,6,6,1,6,6,6,6,6,6,6,6,1,1,1,1,6,1,1,6,6,6,6,1,6,6,6,1,6,6,1,6,1,1,6,6,1,1,1,1,7,1,6,6,6,1,1,1,6,6,6,6,6,6,6,1,6,6,6,6,6,1,6,6,6,6,6,1,6,1,1,6,6,6,6,1,1,1,1,6,1,6,6,1,6,6,6,1,1,6,6,1,1,1,1,1,1,1,1,1,6,1,1,1,1,6,6,1,1,1,1,6,6,6,1,6,1,6,1,9,9,9,9,9,1,1,9,9,9,9,9,9,9,9,9,9,9,9,9,9,9,9,9,9,9,9,9,9,9,9,9,9,9,9,9,9,9,9,9,9,9,9,9,9,9,9,9,9,9,9,9,9,9,9,9,9,9,9,9,9,9,9,9,9,9,9,9,9,9,9,9,9,9,9,9,9,9,9,9,9,9,9,9
105,20906,COFFMAN,200,1,1,1,6,1,6,1,1,1,1,1,6,6,6,6,6,6,6,6,1,6,1,1,1,1,1,6,6,6,1,1,1,1,1,1,6,6,6,6,6,6,6,6,1,6,6,6,6,6,1,1,6,1,1,1,6,1,1,1,1,9,9,6,1,1,1,1,1,1,1,1,1,1,1,1,1,1,1,1,1,1,1,1,1,1,1,1,1,1,1,1,1,1,1,1,1,1,1,1,1,1,1,1,1,6,6,6,6,6,6,6,6,1,1,1,1,6,6,1,1,6,1,6,6,1,1,1,1,1,1,6,1,6,6,1,1,1,1,6,6,6,6,6,6,6,6,1,6,6,6,1,6,6,6,6,6,1,1,1,1,1,1,6,6,6,6,1,1,1,1,6,1,1,1,1,1,1,1,1,1,1,6,1,6,1,1,1,1,6,1,1,1,6,1,1,1,1,1,1,1,6,1,1,6,1,6,1,1,1,1,1,1,1,6,1,1,1,1,1,1,1,1,1,1,1,1,9,1,1,1,1,1,6,1,1,1,1,1,1,1,1,6,1,6,1,1,1,1,1,6,1,1,6,1,6,1,1,1,1,1,1,1,1,1,1,6,1,1,1,1,1,1,1,1,1,1,1,6,6,6,1,6,1,1,1,1,1,1,1,1,1,6,1,1,1,1,1,1,1,1,1,1,6,6,1,1,1,1,1,1,1,1,6,1,1,1,6,1,1,1,1,1,1,1,1,6,1,1,1,1,1,6,1,6,6,1,1,1,1,6,1,6,1,1,1,1,1,1,6,6,1,6,1,1,1,6,6,6,6,6,1,6,6,1,6,1,6,6,1,6,1,1,1,1,1,6,1,1,1,1,1,1,6,6,6,6,6,6,6,1,1,1,1,6,6,6,1,6,6,6,1,1,6,6,1,1,1,1,1,1,1,1,1,1,6,6,6,1,6,6,1,6,6,1,1,1,6,1,6,1,6,6,6,1,1,1,1,1,1,1,1,1,6,1,1,1,1,1,6,1,1,1,6,1,1,1,1,1,6,1,6,1,1,6,6,6,1,6,1,6,1,6,1,6,6,6,1,1,1,1,1,6,1,1,1,1,1,1,6,6,6,1,1,6,6,1,1,6,6,6,6,6,6,6,6,6,6,6,1,1,1,1,6,1,6,1,6,1,6,6,6,1,1,1,6,6,1,1,1,1,1,1,1,6,6,1,1,1,1,6,1,1,1,1,1,1,6,1,1,1,1,6,6,1,6,1,1,1,1,1,1,1,6,1,1,6,1,1,1,6,1,1,1,6,6,6,6,6,1,1,1,1,6,6,6,6,1,1,1,1,1,1,6,6,1,6,1,1,1,1,1,1,1,6,1,1,1,6,1,1,6,6,1,1,9,1,1,6,1,1,1,1,1,6,1,1,6,6,1,1,1,1,1,1,1,1,1,1,1,1,6,1,1,1,6,6,1,1,6,1,6,1,6,1,1,6,1,1,1,1,6,1,1,1,1,1,6,1,1,1,1,1,6,1,1,1,1,1,1,6,1,6,1,1,1,1,1,1,1,6,1,1,1,1,1,1,1,1,1,6,1,6,1,1,1,6,1,1,1,1,1,1,6,6,6,1,1,1,1,1,6,6,6,1,1,1,1,1,1,1,1,1,1,6,1,1,1,1,6,1,1,1,1,1,6,1,1,1,1,1,1,1,1,1,1,1,1,1,6,1,1,1,1,1,1,1,1,1,1,6,1,6,1,1,1,1,1,1,1,1,1,1,6,1,1,6,1,1,1,1,1,1,1,1,6,1,1,1,1,1,6,1,1,1,6,1,6,1,1,1,1,1,1,6,1,6,1,6,1,1,1,1,1,1,1,1,6,1,6,1,1,1,1,6,1,1,1,1,6,1,1,1,6,1,1,1,1,1,1,1,1,1,1,1,1,1,1,1,6,1,1,6,6,1,6,1,6,1,6,1,6,1,1,1,1,1,1,1,1,1,1,1,6,1,6,1,6,1,1,1,1,1,1,1,1,1,1,1,6,1,1,6,1,1,1,1,6,6,1,1,6,1,6,1,1,1,1,1,6,6,1,1,1,1,1,6,6,1,6,1,9,6,6,1,6,1,1,1,1,1,1,1,6,6,1,1,1,1,6,1,6,1,6,6,6,1,6,1,6,6,1,1,6,1,1,1,6,1,1,1,1,1,1,1,1,1,1,6,1,1,1,6,1,6,1,1,1,6,6,1,1,1,1,6,1,1,1,1,1,1,1,1,6,1,1,1,6,1,1,1,1,1,1,1,1,1,6,6,6,1,1,1,1,1,1,1,6,1,1,1,6,1,1,6,1,1,1,1,1,1,1,9,1,1,1,1,1,1,1,6,6,6,6,1,1,1,1,6,1,1,1,6,6,1,6,1,1,1,1,1,6,1,1,1,1,1,1,1,1,1,1,6,1,1,1,1,6,1,1,1,6,1,1,1,6,6,1,6,9,1,1,1,1,1,1,1,1,1,1,1,1,1,1,1,1,1,1,1,1,6,1,1,1,1,1,1,1,1,1,1,1,1,1,1,1,1,1,1,1,6,6,1,1,1,1,1,1,1,1,1,1,1,1,1,1,1,1,1,1,1,1,1,1,1,1,1,1,1,1,1,1,1,1,1,1,1,1,1,1,1,9,1,9,1,1,1,1,1,1,1,1,1,1,1,1,1,1,1,1,1,1,1,1,1,1,1
106,20907,HIMES,100,6,6,6,1,6,1,6,6,6,1,6,1,1,1,1,1,1,1,1,6,1,6,1,1,6,6,1,6,6,1,6,6,1,6,1,1,1,1,1,1,1,1,1,6,1,1,1,1,1,6,6,1,6,6,6,6,6,6,1,1,6,6,1,6,1,1,6,6,6,6,6,6,6,6,6,6,6,1,1,6,6,6,6,6,1,1,6,6,6,6,6,6,6,6,6,6,6,6,1,6,1,6,6,1,1,1,1,1,1,1,1,1,6,6,9,1,1,1,6,6,1,1,1,1,6,9,9,6,6,6,1,1,1,1,1,9,6,6,1,1,1,1,1,1,1,1,6,1,1,1,6,1,1,1,1,1,6,1,1,6,6,6,1,1,1,1,6,6,1,1,1,1,1,1,6,6,1,6,6,1,6,1,1,1,6,1,6,6,1,6,6,1,1,1,1,6,9,6,6,6,6,6,6,1,6,1,6,1,1,6,6,6,6,1,1,6,6,6,1,1,1,1,6,6,1,1,1,6,6,1,1,1,1,6,1,1,1,1,6,6,1,1,6,1,6,6,1,1,1,1,6,6,1,1,6,1,1,6,6,6,1,6,6,6,1,6,6,1,1,6,6,1,6,6,6,1,1,1,1,1,6,1,1,1,1,1,6,6,6,6,6,1,6,6,6,6,6,6,1,1,6,6,1,1,6,1,1,9,9,6,6,6,1,1,6,6,1,6,1,1,1,1,1,6,9,1,1,1,9,6,6,1,6,6,1,6,1,6,6,1,6,1,6,1,1,6,6,1,9,1,6,6,6,6,6,6,1,1,1,1,6,1,1,6,1,6,6,6,6,1,6,6,6,6,1,1,1,1,1,1,6,6,1,1,1,1,1,1,1,6,6,6,6,1,1,1,6,1,1,1,6,1,1,1,6,6,6,1,6,6,6,1,6,6,6,6,1,6,6,6,1,1,1,1,6,6,6,6,1,1,1,1,1,6,6,1,1,1,1,1,6,6,1,6,6,1,6,6,1,6,6,6,6,6,6,6,6,1,1,1,1,6,6,1,1,6,6,6,6,1,6,1,6,1,1,1,6,6,1,6,6,1,6,1,6,6,6,6,1,1,6,1,6,1,1,6,6,1,1,1,1,1,6,1,1,1,6,6,6,6,6,6,1,6,1,6,6,6,1,1,1,1,6,6,1,1,6,9,6,1,6,6,1,1,1,6,6,6,1,1,1,6,1,1,6,6,9,9,9,6,6,6,6,6,6,6,1,1,6,6,1,1,1,1,1,1,1,1,1,1,6,6,1,1,1,1,1,1,6,1,6,6,1,1,1,1,6,6,1,1,6,6,1,1,6,1,6,1,6,6,6,6,6,1,6,1,1,1,6,6,1,1,6,1,6,6,1,1,6,1,6,1,1,1,6,6,1,1,6,1,6,6,1,1,1,6,1,1,6,6,1,6,6,6,1,1,6,1,1,6,9,6,1,1,1,1,1,6,6,1,1,6,1,6,6,1,1,1,6,1,1,1,1,1,6,6,6,6,6,1,6,1,6,6,1,1,6,6,1,1,6,1,1,1,1,6,6,6,1,1,1,1,6,6,1,1,6,1,1,1,1,1,6,6,9,6,6,6,6,1,1,6,1,1,1,1,1,6,6,1,1,6,1,1,6,6,6,6,1,6,6,1,1,6,6,6,6,6,6,1,6,1,1,6,6,6,1,1,1,6,6,6,6,6,6,6,6,1,1,1,6,1,1,6,6,1,1,1,6,6,1,1,1,1,6,1,6,1,1,6,6,6,6,6,1,6,1,1,1,1,1,1,6,6,1,6,1,6,1,1,6,6,1,1,6,1,6,1,1,6,6,1,1,6,6,1,1,1,1,6,6,1,1,1,1,1,1,1,1,6,6,1,1,6,6,1,1,1,1,6,6,1,1,1,1,1,6,6,1,6,1,1,6,6,6,6,1,1,1,6,1,1,6,1,1,6,6,6,6,6,6,6,1,6,6,1,1,1,1,1,6,6,6,9,1,1,6,6,1,1,6,6,6,6,6,6,6,6,1,6,1,6,1,1,1,1,6,6,1,1,6,1,1,6,6,6,6,1,1,6,1,6,6,1,1,6,1,1,1,1,6,6,1,1,1,1,6,6,1,6,1,1,6,1,1,6,1,6,6,6,6,1,1,6,1,1,1,6,6,1,1,9,9,6,1,1,1,1,6,6,6,1,1,1,1,6,6,1,6,6,6,6,6,1,1,1,1,6,6,1,1,1,1,6,6,6,1,1,1,6,6,6,6,6,6,1,6,1,1,1,1,1,6,6,6,6,1,6,6,6,1,6,1,1,6,1,1,6,6,1,1,1,1,7,1,6,6,6,1,1,1,6,6,6,6,6,6,6,1,6,6,6,6,6,1,6,6,6,6,6,1,6,1,1,6,6,6,6,6,1,1,1,6,6,6,1,1,1,6,6,1,1,6,6,1,1,1,1,1,6,1,1,1,6,1,1,1,1,6,6,1,1,1,1,1,6,6,6,6,1,6,1,9,1,6,1,6,1,1,6,1,1,1,1,1,1,1,6,6,1,1,1,1,1,1,1,1,1,1,1,1,1,6,1,1,1,1,1,1,1,1,1,1,1,1,1,1,1,1,1,1,1,1,6,6,6,6,1,6,1,1,1,1,1,1,1,1,1,1,1,1,6,1,1,1,1,1,1,1,1,6,1,1,6,6,1
107,20909,POSEY,200,1,1,1,6,1,6,1,1,1,1,1,6,6,6,6,6,6,6,6,1,6,1,1,1,1,1,1,6,6,1,1,1,1,1,1,6,6,6,6,6,6,6,6,1,6,6,6,6,6,1,1,6,1,1,1,6,1,1,1,1,1,1,6,1,1,1,1,1,1,1,1,1,1,1,1,1,1,1,1,1,1,1,1,1,1,1,1,1,1,1,1,1,1,1,1,1,1,1,1,1,6,1,1,6,6,6,6,6,6,6,6,6,1,1,1,1,6,6,1,1,6,1,6,6,1,1,1,1,1,1,6,1,6,6,1,1,1,1,6,6,6,6,6,6,6,6,1,6,1,6,1,6,6,6,6,6,1,1,1,1,1,1,1,6,6,6,1,1,1,1,1,1,1,1,1,1,1,1,1,1,1,6,1,6,1,1,1,1,6,1,1,1,1,1,1,1,1,1,1,9,1,1,1,6,1,6,1,1,1,1,1,1,1,6,1,1,1,1,1,1,1,1,1,1,1,1,1,1,1,1,6,1,6,1,1,1,1,1,1,1,1,6,1,1,1,1,1,6,1,1,1,1,1,1,1,1,1,1,1,1,1,1,1,1,1,1,6,1,1,1,1,1,1,1,1,1,1,6,6,6,1,6,1,1,1,1,1,1,1,1,1,6,1,1,1,1,1,1,1,1,1,1,1,6,1,1,1,9,9,1,1,1,6,1,1,1,6,1,6,1,1,1,1,1,1,1,1,1,1,1,1,1,6,6,6,6,1,1,1,6,1,6,1,1,1,1,1,1,6,6,1,6,1,1,6,6,6,6,6,6,1,6,6,6,6,1,1,1,1,6,1,1,1,1,1,6,1,1,1,1,1,1,1,6,6,6,6,6,6,1,1,1,1,6,6,6,1,6,6,6,1,1,6,6,1,1,1,1,1,1,1,1,1,1,1,1,6,1,6,6,6,6,6,6,1,1,6,1,6,6,6,1,6,1,1,1,1,1,9,1,1,1,1,1,1,1,1,1,6,1,1,1,1,1,1,9,9,9,9,9,9,9,9,9,9,9,9,9,9,9,9,9,9,9,9,9,9,9,9,9,9,9,9,9,9,9,9,9,9,9,9,9,9,9,9,9,9,9,9,9,9,9,9,9,9,9,9,9,9,9,9,9,9,9,9,9,9,9,9,9,9,9,9,9,9,9,9,9,1,1,1,1,1,6,6,1,1,1,1,6,1,1,1,1,1,1,6,1,1,1,1,6,6,1,6,1,1,1,1,1,1,1,6,1,1,6,1,1,1,1,1,1,1,6,6,6,6,6,1,1,1,1,6,6,6,6,1,1,1,1,1,1,6,6,1,6,1,1,1,1,1,1,1,6,1,1,1,1,1,1,1,6,1,1,1,1,1,6,1,1,1,1,1,1,1,1,1,6,1,1,1,1,1,1,1,1,9,9,9,9,9,9,9,9,9,9,9,9,9,9,9,1,6,1,1,1,1,1,1,1,6,1,1,1,1,1,1,1,1,1,1,1,6,1,1,1,1,1,1,6,1,6,1,1,1,1,1,1,1,6,1,1,1,1,1,1,1,1,1,6,1,1,1,1,1,1,1,1,1,1,1,1,9,6,9,1,1,1,1,1,1,1,6,1,1,1,1,1,1,1,1,1,1,1,1,1,1,1,6,1,1,1,1,1,6,9,1,1,1,1,1,1,1,1,1,1,1,1,1,1,1,1,1,1,1,1,1,1,1,6,1,1,1,1,6,6,9,9,9,9,9,9,9,9,9,6,1,1,1,1,1,1,1,1,6,1,1,1,1,1,6,1,1,1,6,1,6,1,1,1,1,1,1,6,1,6,1,6,1,1,1,1,1,1,1,1,6,1,6,1,6,1,1,6,1,1,1,1,1,1,1,1,6,1,1,1,1,1,1,1,1,1,1,1,9,9,1,1,6,1,1,6,1,1,1,1,6,1,1,1,6,1,1,1,1,1,1,1,1,1,1,1,6,1,6,1,1,1,1,1,1,1,1,1,1,1,1,1,1,6,1,6,1,1,1,1,1,1,1,1,6,6,1,1,1,1,1,1,1,6,1,1,1,1,1,6,6,6,6,1,1,6,1,1,6,1,1,1,1,1,1,1,1,1,1,1,1,1,1,1,6,6,1,6,6,1,6,1,1,1,1,6,6,1,1,1,6,1,1,1,1,1,1,1,1,9,9,9,1,1,1,6,1,6,1,1,1,6,1,1,1,1,1,6,1,1,1,1,1,1,1,1,6,6,1,1,6,1,1,1,1,1,1,1,1,6,6,1,1,1,1,1,1,1,1,1,6,1,1,1,6,1,1,6,1,1,1,1,1,1,1,1,6,1,1,1,1,1,6,6,6,1,1,1,1,1,1,1,6,1,1,1,1,1,6,1,1,1,1,1,6,1,1,1,1,1,1,1,1,1,1,6,1,1,1,1,6,1,1,1,6,1,1,1,6,6,6,6,1,1,1,1,1,1,1,1,1,1,1,1,1,1,1,1,1,1,1,1,1,6,1,1,1,1,6,1,1,1,1,1,1,1,1,1,1,1,1,1,6,1,6,1,1,1,1,1,1,1,1,1,1,1,1,6,6,1,1,1,1,1,1,1,1,1,1,1,1,1,1,1,1,1,1,1,1,1,1,1,1,1,1,1,1,1,1,1,1,1,1,1,1,1,1,1,6,1,1,1,1,1,1,1,1,1,1,1
108,20910,ROONEY,200,1,9,1,6,1,6,1,1,1,1,1,6,6,6,6,6,6,6,6,1,6,1,1,1,1,1,1,6,6,1,1,1,1,1,1,6,6,6,6,6,6,6,6,1,6,6,6,6,6,1,1,6,1,1,1,6,1,1,1,1,1,1,6,1,1,1,1,1,1,1,1,1,1,1,1,1,1,1,1,1,1,1,1,1,1,1,1,1,1,1,1,1,1,1,1,1,1,1,1,1,1,1,1,9,9,9,9,6,6,6,6,6,1,1,1,1,6,6,1,1,6,1,6,6,1,1,1,1,1,1,6,1,6,6,1,1,1,1,6,1,6,6,6,6,6,6,1,6,6,9,9,6,6,6,6,6,1,1,1,9,1,1,9,6,6,6,1,1,1,1,1,1,1,1,1,1,1,1,1,1,1,6,1,6,1,1,1,1,1,1,1,1,1,1,1,9,9,9,9,1,1,1,1,6,1,6,1,1,1,1,1,1,1,6,1,1,1,1,1,1,1,1,1,1,1,1,9,1,1,1,1,1,1,1,1,9,9,9,1,1,1,6,1,1,1,1,1,1,1,1,1,1,1,1,1,1,9,1,1,1,1,9,9,9,9,6,1,1,1,1,1,1,1,1,1,1,1,6,6,6,1,6,1,1,1,1,1,1,9,1,1,6,1,1,1,1,1,1,1,1,1,1,1,6,1,1,1,1,1,1,1,1,6,1,1,1,6,1,1,1,1,1,1,1,1,1,1,1,1,1,1,1,1,1,6,1,1,1,1,6,1,6,1,9,9,1,1,1,6,6,1,9,1,1,1,6,6,6,6,6,1,6,6,6,6,1,1,1,1,1,1,1,1,1,1,6,1,1,1,1,1,1,1,6,6,6,6,6,6,1,1,1,1,6,6,6,1,6,6,6,1,1,6,6,1,9,9,9,1,1,1,1,1,1,6,6,6,1,6,6,6,6,6,1,1,1,1,6,6,6,6,6,6,1,9,1,1,1,1,1,1,1,1,1,1,1,1,6,6,6,6,1,6,1,1,1,1,6,6,6,6,1,1,6,6,6,6,6,6,6,1,6,1,6,6,6,1,1,1,6,1,6,1,1,1,1,1,1,6,6,6,1,6,6,1,1,1,6,6,1,6,6,1,6,6,6,6,6,1,6,1,6,6,6,9,9,9,9,9,9,9,9,9,9,9,9,9,9,1,1,1,1,1,6,6,1,1,1,1,6,1,1,1,1,1,1,6,1,1,1,1,9,9,1,6,1,1,1,1,1,1,1,6,1,1,6,1,1,1,9,1,1,1,6,6,6,6,6,1,1,1,1,1,9,9,9,9,1,1,1,1,1,9,9,9,9,9,9,1,1,1,1,1,6,1,1,1,1,1,1,1,6,1,1,9,1,1,6,1,1,9,1,1,1,1,1,6,6,1,1,1,1,1,1,1,1,1,1,1,1,6,6,1,9,6,6,1,1,6,1,1,1,6,1,1,1,1,1,1,1,6,1,1,1,1,1,9,1,1,1,1,1,6,1,1,1,1,1,1,6,1,6,1,1,1,1,1,1,1,6,1,1,1,1,1,1,1,1,1,6,1,1,1,1,1,9,6,1,1,1,1,1,9,9,9,1,1,1,1,1,1,6,6,1,9,1,1,1,1,1,1,1,9,9,1,1,1,1,6,1,1,1,1,1,6,1,1,1,1,1,1,1,1,1,1,1,1,1,1,9,9,9,1,1,1,1,1,1,1,1,1,1,1,1,1,1,1,1,1,1,1,1,6,1,1,6,1,1,1,1,1,1,1,1,6,1,1,1,1,1,6,1,1,1,6,1,6,1,1,1,1,1,1,6,1,6,1,1,1,1,1,1,1,1,1,1,6,1,1,1,1,1,1,1,1,1,1,1,1,1,1,9,9,9,1,1,1,1,1,1,1,9,9,9,9,9,9,9,6,1,1,6,1,1,6,1,6,1,6,1,6,1,7,9,9,1,1,1,1,1,1,1,6,1,6,1,1,1,1,1,1,1,1,1,1,1,1,1,1,6,6,6,1,6,1,1,6,6,9,1,6,1,9,1,1,1,1,1,1,6,1,1,1,1,1,6,6,6,6,1,1,1,1,1,6,1,1,1,1,1,1,1,1,6,1,1,1,1,1,1,6,6,6,6,6,7,6,6,6,1,1,6,6,1,9,1,1,1,1,1,1,9,9,9,9,1,1,1,1,1,1,6,1,6,1,1,1,6,1,1,1,1,1,9,9,9,1,1,1,1,1,1,6,1,1,1,6,1,6,6,1,1,1,6,6,6,6,6,6,1,9,9,1,1,1,1,6,1,1,1,6,1,1,9,9,9,9,1,1,1,1,1,1,1,1,1,1,6,6,1,6,1,1,1,1,1,1,1,6,1,1,1,1,1,6,1,1,1,1,1,6,1,9,9,1,1,1,1,1,1,1,6,1,1,1,1,9,9,9,9,9,9,9,9,9,9,9,9,9,9,9,9,9,9,9,9,9,9,1,1,1,1,1,1,1,9,9,9,9,6,1,1,9,9,1,9,9,9,9,1,1,1,9,9,9,9,9,9,9,9,1,1,1,1,1,1,9,9,9,9,9,9,1,1,1,1,1,1,1,1,1,1,1,1,1,1,1,1,1,1,1,1,1,1,1,1,1,1,1,9,9,9,9,9,9,9,9,9,9,9,9,9,9,9,9,9,9,9,9,9,9,9,9,9,9,9
109,20915,JENKINS,200,1,1,1,6,1,6,1,1,1,1,9,9,9,9,9,9,9,9,9,9,9,9,1,1,1,1,6,6,6,1,1,1,1,1,1,6,6,6,6,6,6,6,6,1,6,6,6,6,6,1,1,6,1,1,1,6,1,1,1,1,1,1,6,1,1,1,1,1,1,1,1,1,1,1,1,1,1,1,1,1,1,1,1,1,9,9,1,1,1,1,1,1,1,1,1,1,1,1,1,1,1,1,1,1,6,6,6,6,6,6,6,6,1,1,1,1,6,6,1,1,6,1,6,6,1,9,9,9,9,9,9,9,9,9,9,9,1,1,6,6,6,6,6,6,6,6,1,6,6,6,1,6,6,6,6,6,1,1,1,1,1,1,6,6,6,6,1,1,1,1,6,1,1,1,1,1,1,1,1,1,1,6,1,6,1,1,1,1,6,1,1,1,6,1,1,1,1,1,1,1,1,1,1,6,1,6,1,1,1,1,1,1,1,6,1,1,1,1,1,1,1,1,1,1,1,1,6,1,1,1,1,1,6,1,1,1,1,1,1,1,1,6,1,6,1,1,1,1,1,6,1,1,6,1,1,1,1,1,1,1,1,1,1,1,1,6,6,1,1,1,1,1,1,1,1,1,1,6,6,6,1,6,1,1,1,1,1,1,1,1,1,6,1,1,1,1,1,1,1,1,1,1,6,6,1,1,1,1,1,1,1,1,6,1,1,1,6,1,1,1,1,1,1,1,1,6,1,1,1,1,1,6,1,1,6,1,1,1,1,6,1,6,1,1,1,1,1,1,6,6,1,6,1,1,1,6,6,6,6,6,1,6,6,6,6,1,1,1,1,6,1,1,1,1,1,6,1,1,1,1,1,1,1,6,6,6,6,6,6,1,1,1,1,6,6,6,1,6,6,6,1,1,6,6,1,1,1,1,1,1,1,1,1,1,6,6,6,1,6,6,6,6,6,6,1,1,1,1,6,6,6,6,6,1,1,1,1,1,1,1,1,1,6,1,6,6,1,6,6,6,1,1,1,1,1,1,1,6,6,6,6,1,1,6,6,6,6,6,1,6,1,6,1,6,6,6,1,1,6,1,1,6,1,1,1,1,1,1,6,6,1,6,1,6,6,1,1,6,6,6,6,6,1,6,6,6,6,1,1,6,1,1,6,1,6,1,1,1,6,6,6,6,1,1,6,6,1,1,1,1,1,1,6,6,6,1,1,1,1,6,1,1,9,9,1,1,6,1,1,1,1,6,6,1,6,1,1,1,1,1,1,1,6,1,1,6,1,1,1,6,1,1,1,6,6,6,6,6,1,1,1,1,6,6,6,6,1,6,1,1,1,1,6,6,1,6,1,1,1,1,1,1,1,6,1,1,1,6,1,1,6,6,1,1,1,1,1,6,1,1,1,1,1,6,1,1,6,6,1,1,1,1,1,1,1,1,1,1,1,1,6,1,1,1,6,6,1,1,6,1,6,1,6,1,1,6,1,1,1,1,6,1,1,1,1,1,6,1,1,1,1,1,6,1,1,1,1,1,1,6,1,6,1,1,1,1,1,1,1,6,1,1,1,1,6,1,1,1,1,6,1,6,1,1,1,6,1,1,1,1,1,1,6,6,6,1,1,1,1,1,6,6,6,1,1,1,1,1,1,1,1,1,1,6,1,1,1,1,6,1,1,1,1,1,6,9,1,1,1,1,1,9,9,1,1,1,1,1,6,1,1,1,1,1,1,1,1,1,1,6,1,6,1,1,1,1,1,1,1,1,1,1,6,1,1,6,1,1,1,1,1,1,1,1,6,1,1,1,1,1,6,1,1,1,6,1,6,1,1,1,1,1,1,6,1,6,1,6,1,1,1,1,1,1,1,1,6,1,6,1,1,1,1,1,1,1,1,1,6,1,1,1,6,1,1,1,1,1,1,1,1,1,1,1,1,1,1,1,6,1,1,6,6,1,6,1,6,1,6,1,6,1,1,1,1,1,1,1,1,1,1,1,6,1,6,1,6,1,1,1,1,1,1,1,1,1,1,1,6,1,6,6,1,6,1,1,6,6,1,1,6,1,6,1,1,1,1,1,6,6,1,1,1,1,1,6,6,6,6,1,1,6,6,1,6,1,1,1,1,1,1,1,6,6,1,1,1,1,6,1,6,6,1,6,6,1,6,1,1,1,1,6,6,1,1,1,6,1,1,1,1,1,1,1,1,1,1,6,1,1,1,6,1,6,1,1,1,6,1,1,1,1,1,6,1,1,1,1,1,1,1,1,6,1,1,1,6,1,6,1,1,1,1,6,6,6,6,6,6,1,9,9,9,9,9,9,9,9,1,1,6,1,1,6,1,1,9,1,1,1,1,1,1,1,1,1,1,1,6,6,6,1,1,1,1,1,1,1,6,1,1,1,1,1,6,1,1,1,1,1,6,1,1,1,1,1,1,1,1,1,1,6,1,1,1,1,6,1,1,1,6,1,1,1,6,6,6,6,1,1,1,1,1,1,1,1,1,1,1,1,1,1,1,1,1,1,1,1,1,6,1,1,9,9,9,9,9,1,1,1,1,1,9,9,9,9,9,1,1,6,1,9,9,9,9,9,9,9,9,9,9,9,9,9,9,9,9,9,9,9,9,9,9,9,9,9,9,9,9,9,9,9,9,9,9,9,9,9,9,9,9,9,9,9,9,9,9,9,9,9,9,9,9,9,9,9,9,9,9,9,9,9,9,9,9,9
110,20916,GUTHRIE,200,1,1,1,6,1,6,1,1,1,1,1,6,6,6,6,6,6,6,6,1,6,1,1,1,1,1,1,6,6,1,1,1,1,1,1,6,6,6,6,6,6,6,6,1,6,6,6,6,6,1,1,6,1,1,1,6,1,1,1,1,1,1,6,1,1,1,1,1,1,1,1,1,1,1,1,1,1,1,1,1,1,1,1,1,1,1,1,1,1,1,1,1,1,1,1,1,1,1,1,1,1,1,1,1,6,6,6,6,6,6,6,6,1,1,1,1,6,6,1,1,6,1,6,6,1,1,1,1,1,1,6,1,6,6,1,1,1,1,6,6,6,6,6,6,6,6,1,6,6,6,1,6,6,6,6,6,1,1,1,1,1,1,1,6,6,6,1,1,1,1,1,1,1,1,1,1,1,1,1,1,1,6,1,6,1,1,1,1,1,1,1,1,1,1,1,1,1,1,1,1,1,1,1,6,1,6,1,1,1,1,1,1,1,6,1,1,1,1,1,1,1,1,1,1,1,1,1,1,1,1,1,1,1,1,1,1,1,1,1,1,1,6,1,1,1,1,1,1,1,1,1,1,1,1,1,1,1,1,1,1,1,1,1,1,1,6,1,1,1,1,1,1,1,1,1,1,1,6,6,6,1,6,1,1,1,1,1,1,1,1,1,6,1,1,1,1,1,1,1,1,1,1,1,6,1,1,1,1,1,1,1,1,6,1,1,1,6,1,1,1,1,1,1,1,1,1,1,1,1,1,1,1,1,1,6,1,1,1,1,6,1,6,1,1,1,9,9,9,9,9,9,6,1,1,1,6,6,6,6,6,1,6,6,1,6,1,1,1,1,1,1,1,1,1,1,6,1,1,1,1,1,1,1,6,6,6,6,6,6,1,1,1,1,6,6,6,1,6,6,6,1,1,6,6,1,1,1,1,1,1,1,1,1,1,6,6,6,1,6,6,6,6,6,6,1,1,1,6,6,6,6,6,6,1,1,1,1,1,1,1,1,1,6,1,6,6,1,1,6,1,1,1,1,1,1,1,1,6,6,6,6,1,1,6,6,1,1,1,1,6,1,6,1,6,6,6,1,1,1,1,1,6,1,1,1,1,1,1,6,6,1,6,1,6,6,1,1,6,6,6,6,6,1,6,6,6,1,1,1,6,1,1,6,1,6,1,1,1,6,6,6,6,1,1,6,6,1,1,1,1,1,1,1,6,6,1,1,1,1,6,1,1,1,1,1,1,6,1,1,1,1,6,6,1,6,1,1,1,1,1,1,1,6,1,1,6,1,1,1,1,1,1,1,6,6,6,6,6,1,1,1,1,1,6,6,6,1,1,1,1,1,1,6,6,1,6,1,1,1,1,1,1,1,6,1,1,1,1,1,1,1,6,1,1,1,1,1,6,1,1,1,1,1,1,1,1,1,6,1,1,1,1,1,1,1,1,1,1,1,1,6,1,1,1,6,6,1,1,6,1,1,1,6,1,1,1,1,1,1,1,6,1,1,1,1,1,1,1,1,1,1,1,6,1,1,1,1,1,1,6,1,6,1,1,1,1,1,1,1,6,1,1,1,1,1,1,1,1,1,6,1,1,1,1,1,1,1,1,1,1,1,1,6,6,6,1,1,1,1,1,1,6,6,1,1,1,1,1,1,1,1,1,1,1,1,1,1,1,6,1,1,1,1,1,6,1,1,1,1,1,1,1,1,1,1,1,1,1,1,1,1,1,1,1,1,1,1,1,1,1,1,1,1,1,1,1,1,1,1,1,1,1,6,1,1,6,1,1,1,1,1,1,1,1,6,1,1,1,1,1,6,1,1,1,6,1,6,1,1,1,1,1,1,6,1,6,1,6,1,1,1,1,1,1,1,1,6,1,1,1,1,1,1,1,1,1,1,1,1,1,1,1,6,1,1,1,1,1,1,1,1,1,1,1,1,1,1,1,6,1,1,6,6,1,6,1,6,1,6,1,6,1,1,1,1,1,1,1,1,1,1,1,6,1,6,1,1,1,1,1,1,1,1,1,1,1,1,1,1,6,6,1,1,6,1,1,6,1,1,1,6,1,1,1,1,1,1,1,1,6,1,1,1,1,1,6,6,6,6,1,1,6,6,1,6,1,1,1,1,1,1,1,1,6,1,1,1,1,1,1,6,6,1,6,6,1,6,1,1,1,1,6,6,1,1,1,1,1,1,1,1,1,1,1,1,1,1,1,1,1,1,6,1,6,1,1,1,6,1,1,1,1,1,6,1,1,1,1,1,1,1,1,6,1,1,1,6,1,6,1,1,1,1,6,6,6,6,6,6,1,1,1,1,1,1,1,6,1,1,1,6,1,1,6,1,1,1,1,1,1,1,1,1,1,1,1,1,1,6,6,6,1,1,1,1,1,1,1,6,1,1,1,1,1,6,1,1,1,1,1,6,1,1,1,1,1,1,1,1,1,1,6,1,1,1,1,6,1,1,1,6,1,1,1,6,6,6,6,1,1,1,1,1,1,1,1,1,1,1,1,1,1,1,1,1,1,1,1,1,6,1,1,1,1,1,1,1,1,1,1,1,1,1,1,1,1,1,1,1,1,1,1,1,1,1,1,1,1,1,1,1,1,1,1,1,1,1,1,1,1,1,1,1,1,1,1,1,1,1,1,1,1,1,1,1,1,1,1,1,1,1,1,1,1,1,1,1,1,1,1,1,1,1,1,1,1,1,1,1,1,1,1,1,1,1,1
111,20920,PINGREE,100,6,6,6,1,6,1,6,6,6,6,6,1,1,1,1,1,1,1,1,6,1,6,1,1,6,6,1,1,1,1,6,6,1,6,6,1,1,1,1,1,1,1,1,6,1,1,1,1,1,6,6,1,6,6,6,1,6,6,1,1,6,6,1,6,1,1,6,6,6,6,6,6,6,6,6,9,6,1,1,6,6,6,6,6,9,9,6,6,6,6,6,6,6,6,6,6,6,6,1,6,1,6,6,1,1,1,1,1,1,1,1,1,6,6,6,6,1,1,6,6,1,6,1,1,6,1,6,6,6,6,1,6,1,1,1,1,6,6,1,1,1,1,1,1,1,1,6,1,1,1,6,1,1,1,1,1,6,1,1,6,6,6,1,1,1,1,6,6,1,1,1,1,1,1,6,6,1,6,6,1,6,1,1,1,6,1,6,6,1,6,6,1,6,1,1,6,6,6,6,6,6,6,6,1,6,1,6,1,1,6,6,6,6,1,6,6,6,6,1,1,1,1,6,6,1,1,1,6,6,1,1,1,1,6,1,1,1,1,6,6,1,1,6,1,6,6,1,1,1,1,6,6,1,1,6,1,1,6,6,6,1,6,6,6,1,1,6,1,1,6,6,1,6,6,6,1,1,1,1,1,6,1,1,1,1,1,6,6,6,6,6,1,1,6,6,6,6,6,9,9,6,6,1,1,6,1,6,9,9,6,6,6,1,6,6,6,1,6,1,6,1,9,9,6,6,1,1,1,1,6,6,1,6,6,1,6,1,6,6,1,6,1,6,1,1,6,6,1,1,1,6,1,6,6,6,1,1,1,1,1,6,1,1,6,1,6,6,6,6,1,6,6,6,6,1,1,1,1,1,1,6,6,1,1,1,1,1,1,1,6,6,6,6,1,1,1,6,1,1,1,6,1,1,1,6,6,6,1,6,6,6,1,6,6,6,6,1,6,1,1,1,1,1,1,6,6,6,6,1,1,1,1,1,6,6,1,1,1,1,1,6,6,1,6,6,6,6,6,1,6,6,6,6,6,6,6,6,1,1,1,1,6,6,1,1,6,6,6,6,1,6,1,6,1,1,1,6,6,1,6,6,1,6,1,6,6,6,6,1,1,6,1,6,1,1,6,6,1,1,1,1,1,6,1,1,1,6,6,6,6,6,6,1,6,1,6,6,6,1,1,1,1,6,6,1,1,6,1,6,1,6,6,1,1,1,6,6,6,1,1,6,6,1,1,6,6,1,6,1,6,6,1,1,6,1,6,9,9,6,6,1,1,1,1,1,1,1,9,9,9,6,6,1,1,1,1,1,1,6,1,6,6,1,1,1,1,6,6,1,1,6,6,1,1,6,1,6,1,6,6,6,6,6,1,6,1,1,1,6,6,1,1,6,6,6,6,1,1,6,1,6,1,1,1,6,6,1,1,6,1,6,6,1,1,1,6,1,6,6,6,1,6,6,6,1,1,6,1,1,6,9,6,1,1,1,1,6,6,6,1,1,6,1,6,6,1,1,1,6,1,1,1,1,6,6,6,6,6,6,1,6,1,6,6,1,1,6,6,1,1,6,1,6,1,1,6,6,6,1,1,6,1,6,6,1,1,6,6,1,9,9,9,6,6,6,6,6,6,6,1,1,1,1,6,1,1,1,6,6,1,1,6,1,9,6,6,6,6,1,6,6,1,6,6,6,6,6,6,6,1,6,1,1,6,6,6,1,1,1,6,6,6,6,6,6,6,6,1,1,1,6,1,6,6,6,6,1,1,6,6,1,1,1,6,6,1,6,1,1,6,6,6,6,9,1,6,1,1,9,9,1,6,6,6,1,7,1,6,6,1,6,6,1,1,6,1,6,1,6,6,6,9,9,9,9,9,9,9,9,9,9,9,9,9,9,9,1,1,1,6,6,6,1,6,6,6,1,1,1,6,6,1,1,1,1,1,6,6,1,6,1,1,6,6,1,6,1,1,6,6,1,1,6,1,1,6,6,6,6,6,6,6,1,6,6,6,1,1,1,1,6,6,6,1,1,1,6,6,1,6,6,6,6,6,6,6,6,1,1,6,1,6,6,1,1,1,6,6,9,1,6,1,6,6,6,1,1,1,1,6,1,1,1,1,1,6,1,1,1,1,6,6,1,1,1,1,6,6,1,6,1,1,6,1,1,6,1,6,1,6,6,1,1,6,1,1,1,6,6,1,1,1,6,6,6,1,1,1,6,6,6,1,6,1,1,6,6,1,6,6,6,6,6,1,1,1,1,6,6,1,6,1,1,6,6,6,1,1,1,6,6,6,6,6,6,1,1,6,1,1,1,1,6,6,6,6,1,6,6,6,1,6,1,1,6,9,9,6,6,1,1,1,1,7,1,6,6,6,1,1,1,6,6,6,6,6,6,6,1,6,6,6,6,6,1,6,6,6,6,6,1,6,1,1,6,6,6,6,6,1,1,1,6,1,6,1,1,6,6,6,1,1,6,6,1,1,1,1,6,6,1,1,1,6,1,1,1,1,6,6,1,1,7,1,6,6,6,6,6,1,6,1,1,1,6,1,6,1,1,6,1,1,1,1,1,1,1,6,6,1,1,1,1,1,1,1,1,1,1,1,1,1,6,1,1,1,1,1,1,1,1,1,1,1,1,1,1,1,1,6,1,1,1,6,6,6,6,1,6,1,1,1,1,1,1,1,1,1,1,1,1,6,1,1,1,1,1,1,1,1,6,1,1,6,6,1
112,20924,PAULSEN,200,1,1,1,6,1,6,1,1,1,1,1,6,6,6,6,6,6,6,6,1,6,1,1,1,1,1,6,6,6,1,1,1,1,1,1,6,6,6,6,6,6,6,6,1,6,6,6,6,6,1,1,6,1,1,1,6,1,1,1,1,1,1,6,1,1,1,1,1,1,1,1,1,1,1,1,1,1,1,1,1,1,1,1,1,1,1,1,1,1,1,1,1,1,1,1,1,1,1,1,1,1,1,1,1,6,6,6,6,6,6,6,6,1,1,1,1,6,6,1,1,6,1,6,6,1,1,1,1,1,1,6,1,6,6,1,1,1,1,6,6,6,6,6,6,6,6,1,6,6,6,1,6,6,6,6,6,1,1,1,1,1,1,6,6,6,6,1,1,1,1,6,1,1,1,1,1,1,1,1,1,1,6,1,6,1,1,1,1,6,1,1,1,6,1,1,1,1,1,1,1,1,1,1,6,1,6,1,1,1,1,1,1,1,6,1,1,1,1,1,1,1,1,1,1,1,1,6,1,1,1,1,1,6,1,1,1,1,1,1,1,1,6,1,6,1,1,1,1,1,6,1,1,6,1,1,1,1,1,1,1,1,1,1,1,1,6,1,1,1,1,1,1,1,1,1,1,1,6,6,6,1,6,1,1,1,1,1,1,1,1,1,6,1,1,1,1,1,1,1,1,1,1,6,6,1,1,1,1,1,1,1,1,6,1,1,1,6,1,1,1,1,1,1,1,1,6,1,1,1,1,1,6,1,6,6,1,1,1,1,6,1,6,1,1,1,1,1,1,1,6,1,6,1,1,6,6,6,6,6,6,1,6,6,1,6,6,6,1,1,6,6,1,1,1,1,6,1,1,1,1,1,1,1,6,6,6,6,6,6,1,1,1,1,6,6,6,1,6,6,6,1,1,6,6,1,1,1,1,1,1,1,1,1,1,6,6,6,1,6,6,6,6,6,1,1,1,1,6,6,6,6,1,6,1,1,1,1,1,1,1,1,1,6,1,6,1,1,6,6,6,6,1,1,1,6,1,1,6,6,6,6,1,1,6,6,6,6,6,1,6,6,1,6,1,6,6,1,6,1,1,1,6,1,1,1,1,1,1,6,6,6,1,6,6,6,1,1,1,6,1,1,1,1,1,6,6,6,6,1,6,1,6,6,1,6,1,1,1,6,6,6,6,1,1,1,6,1,1,1,1,1,1,6,6,6,1,1,1,1,6,1,1,1,1,1,1,6,1,1,1,1,6,6,6,6,1,1,1,1,1,1,1,6,1,1,6,1,1,1,6,1,1,1,6,6,6,6,6,1,1,1,1,6,6,6,6,1,1,1,1,1,1,6,6,1,6,1,1,1,1,1,1,1,6,1,1,1,6,1,1,6,6,1,1,1,1,1,6,1,1,1,1,1,6,1,1,6,6,1,1,1,1,1,1,1,1,1,1,1,1,6,6,1,1,6,6,1,1,6,1,6,1,6,1,1,6,1,1,1,1,6,1,1,1,1,1,6,1,1,1,1,1,6,1,1,1,1,1,1,6,1,6,1,1,1,1,1,1,1,6,1,1,1,1,6,1,1,1,1,6,1,6,1,1,1,6,1,1,1,1,1,1,6,6,6,1,1,1,1,1,6,6,6,1,1,1,1,1,1,1,1,1,1,6,1,1,1,1,6,1,1,1,1,1,6,1,1,1,1,1,1,1,1,1,1,1,1,1,6,1,1,1,1,1,1,1,1,1,1,6,1,6,1,1,1,1,1,1,1,1,1,1,6,1,1,6,1,1,1,1,1,1,1,1,6,1,1,1,1,1,6,1,1,1,6,1,6,1,6,1,1,1,1,6,1,6,1,6,1,1,1,1,1,1,1,1,6,6,6,1,1,1,1,1,1,1,1,1,6,1,1,1,6,1,1,1,1,1,1,1,1,1,1,1,1,1,1,1,6,1,1,6,6,1,6,1,1,1,1,1,6,1,1,1,1,1,1,1,1,1,1,1,6,1,6,1,6,1,1,1,1,1,1,1,1,1,1,1,6,6,6,6,1,6,1,6,6,6,1,1,6,1,6,1,1,1,1,1,6,6,1,1,1,1,1,6,6,6,6,1,1,6,6,1,6,1,1,1,1,1,1,1,6,6,1,1,1,1,6,1,6,1,6,6,6,6,6,1,6,6,6,6,6,1,1,1,6,1,1,1,1,1,1,1,1,1,1,6,1,1,1,6,1,6,1,1,1,6,6,1,1,1,1,6,1,1,1,1,1,1,1,1,6,1,1,1,6,1,1,1,1,1,1,6,6,1,6,6,6,1,1,1,1,1,1,1,6,6,1,1,6,1,1,6,1,1,1,1,1,1,1,1,1,1,1,1,1,6,6,6,6,6,9,6,1,6,6,6,1,6,1,6,6,1,6,1,1,1,1,1,6,1,1,1,1,1,1,1,1,1,1,6,1,1,1,1,6,1,1,1,6,1,1,1,9,6,6,6,1,1,1,1,1,1,1,1,1,1,1,1,1,1,1,1,1,1,1,1,1,6,1,1,1,1,1,1,1,1,1,1,1,1,1,1,1,1,1,1,1,6,1,9,9,9,9,9,9,9,9,9,9,9,1,1,1,1,1,1,1,1,1,1,1,1,1,1,1,1,1,1,1,1,1,1,1,1,1,1,6,1,1,1,1,1,1,1,1,1,1,1,1,1,1,1,1,1,1,1,1,1,1,1,1,1,1,9
113,20925,HARPER,200,1,1,1,6,1,6,1,1,1,1,1,6,6,6,6,6,6,6,6,1,6,1,1,1,1,1,1,6,6,1,1,1,1,1,1,6,6,6,6,6,6,6,6,1,6,6,6,6,6,1,1,6,1,1,1,6,1,1,1,1,1,1,6,1,1,1,1,1,1,1,1,1,1,1,1,1,1,1,1,1,1,1,1,1,1,1,1,1,1,1,1,1,1,1,1,1,1,1,1,1,1,1,1,1,6,6,6,6,6,6,6,6,1,1,1,1,6,6,1,1,6,1,6,6,1,1,1,1,1,1,6,1,6,6,1,1,1,1,6,6,6,6,6,6,6,6,1,6,6,6,1,6,6,6,6,6,1,1,1,1,1,1,1,6,6,6,1,1,1,1,9,1,1,1,1,1,1,1,1,1,1,6,1,6,1,1,1,1,1,1,1,1,1,1,1,1,1,1,1,1,1,1,1,6,1,6,1,1,1,1,1,1,1,6,1,1,1,1,1,1,1,1,1,1,1,1,1,1,1,1,1,1,1,1,1,1,1,1,1,1,1,6,1,1,1,1,1,1,1,1,1,1,1,1,1,1,1,1,1,1,1,1,1,1,1,6,1,1,1,1,1,1,1,1,1,1,1,6,6,6,1,6,1,1,1,1,1,1,1,1,1,6,1,1,1,1,1,1,1,1,1,1,1,6,1,1,1,1,1,1,1,1,6,1,1,1,6,1,1,1,1,1,1,1,1,1,1,1,1,1,1,1,1,6,6,1,1,1,1,6,1,6,1,1,1,1,1,1,6,6,1,6,1,1,1,6,6,6,6,6,1,6,6,6,6,1,1,1,1,6,1,1,1,1,1,6,1,1,1,1,1,1,1,6,6,6,6,6,6,1,1,1,1,6,6,6,1,6,6,6,1,1,6,6,1,1,1,1,1,1,1,1,1,1,6,1,6,1,6,6,6,6,6,6,1,1,6,6,6,6,6,6,6,1,1,1,1,1,1,1,1,1,1,1,6,6,1,6,6,1,6,1,1,1,6,1,1,6,6,6,6,1,1,6,6,6,1,6,1,6,1,6,1,6,6,6,1,1,1,6,1,6,1,1,1,1,1,1,6,6,1,6,6,6,6,1,1,6,6,6,6,6,1,6,6,6,6,6,1,6,1,6,6,1,6,1,1,1,6,6,6,6,6,1,6,6,1,1,1,1,1,1,1,6,6,1,1,1,1,6,1,1,1,1,1,1,6,1,1,1,1,6,6,1,6,1,1,1,1,1,1,1,6,1,1,6,1,1,1,1,1,1,1,6,6,6,6,6,1,1,1,1,1,6,6,6,1,1,1,1,1,1,6,6,1,6,1,1,1,1,1,1,1,6,1,1,1,1,1,1,1,6,1,1,1,1,1,6,1,1,1,1,1,1,1,1,1,6,1,1,1,1,1,1,1,1,1,1,1,1,9,9,9,9,9,9,9,9,6,1,1,1,6,1,1,1,1,1,1,1,6,1,1,1,1,1,1,1,1,1,9,9,6,1,1,1,1,1,1,6,1,6,1,1,1,1,1,1,1,6,1,1,1,1,1,1,1,1,1,6,1,1,1,1,1,1,1,1,1,1,1,1,6,6,6,1,1,1,1,1,1,6,6,1,1,1,1,1,1,1,1,1,1,1,1,1,1,1,6,1,1,1,1,1,6,1,1,1,1,1,1,1,1,1,1,1,1,1,1,1,1,1,1,1,1,1,1,1,1,1,1,1,1,1,1,1,1,1,1,1,1,1,6,1,1,1,6,1,1,1,1,1,1,1,6,1,1,1,1,1,6,1,1,1,6,1,6,1,1,1,1,1,1,6,1,6,1,6,1,1,1,1,1,1,1,1,6,1,1,1,1,1,1,1,1,1,1,1,1,1,1,1,6,1,1,1,1,1,1,1,1,1,1,1,1,1,1,1,6,1,1,6,6,1,6,1,6,1,9,9,9,9,9,1,1,1,1,1,1,1,1,1,6,1,6,1,1,1,1,1,1,1,1,1,1,1,1,1,1,6,6,6,1,6,1,1,6,6,1,1,6,1,1,1,1,1,1,1,1,6,1,1,1,1,1,6,6,6,9,1,1,6,6,1,6,1,1,1,1,1,1,1,1,6,1,1,1,1,1,1,6,6,6,6,6,6,6,6,6,1,1,6,6,1,9,9,9,1,1,1,1,1,1,1,1,1,1,1,1,1,1,6,1,6,1,1,1,6,1,1,1,1,1,6,1,1,1,1,1,1,1,1,6,1,1,1,6,1,1,1,1,1,1,6,6,6,6,6,6,1,9,9,9,9,9,9,9,9,9,9,9,9,9,9,9,1,1,1,1,1,1,1,1,1,1,1,1,1,6,6,6,6,1,1,1,1,1,1,6,1,1,1,1,1,6,1,1,1,1,1,6,1,1,1,1,1,1,1,1,1,1,6,1,1,1,1,6,1,1,1,6,1,1,1,6,6,6,6,1,1,1,1,1,1,1,1,1,1,1,1,1,1,1,1,1,9,9,9,9,9,9,9,9,1,1,1,1,1,1,1,1,1,1,1,1,1,1,1,1,1,1,1,1,1,1,1,1,1,1,1,1,1,1,1,1,1,1,1,1,1,1,1,1,9,1,1,1,1,1,1,1,1,1,1,1,1,1,1,1,1,1,1,1,1,1,1,1,1,1,1,1,1,1,1,1,1,1,1,1,1,1,1,1,6,1,1
114,20926,LUETKEMEYER,200,1,1,1,6,1,6,1,1,1,1,1,6,6,6,6,6,6,6,6,1,6,1,1,1,1,1,1,6,6,1,1,1,1,1,1,6,6,6,6,6,6,6,6,1,6,6,6,6,6,1,1,6,1,1,1,6,1,1,1,1,1,1,6,1,1,1,1,1,1,1,1,1,1,1,1,1,1,1,1,1,1,1,1,1,1,1,1,1,1,1,1,1,1,1,1,1,1,1,1,1,1,1,1,1,6,6,6,6,6,6,6,6,1,1,1,1,6,6,1,1,6,1,6,6,1,1,1,1,1,1,6,1,6,6,1,1,1,1,6,6,6,6,6,6,6,6,1,6,6,6,1,6,6,6,6,6,1,1,1,1,1,1,1,6,6,6,1,1,1,1,1,1,1,1,1,1,1,1,1,1,1,6,1,6,1,1,1,1,1,1,1,1,1,1,1,1,1,1,1,1,1,1,1,6,1,6,1,1,1,1,1,1,1,6,1,1,1,1,1,1,1,1,1,1,1,1,1,1,1,1,1,1,1,1,1,1,1,1,1,1,1,6,1,1,1,1,1,1,1,1,1,1,1,1,1,1,1,1,1,1,1,1,1,1,1,6,1,1,1,1,1,1,1,1,1,1,1,6,6,6,1,6,1,1,1,1,1,1,1,1,1,6,1,1,1,1,1,1,1,1,1,1,1,6,1,1,1,1,1,1,1,1,6,1,1,1,6,1,1,1,1,1,1,1,1,1,1,1,1,1,1,1,1,6,6,1,1,1,1,6,1,6,1,1,1,1,1,1,6,6,1,6,1,1,1,6,6,6,6,6,1,6,6,6,6,1,1,1,1,6,1,1,1,1,1,6,1,1,1,1,1,1,1,6,6,6,6,6,6,1,1,1,1,6,6,6,1,6,6,6,1,1,6,6,1,1,1,1,1,1,1,1,1,1,1,1,6,1,6,6,6,6,6,6,1,1,6,1,6,6,6,6,6,1,1,1,1,1,1,1,1,1,1,1,6,6,1,1,6,1,6,1,6,1,1,1,1,6,6,6,6,1,1,6,6,1,1,6,1,6,1,6,1,6,6,6,1,1,6,6,1,6,1,1,1,1,1,1,6,6,1,1,6,6,6,1,1,6,6,6,1,6,1,6,1,1,1,6,1,1,1,6,6,1,6,1,1,1,6,6,6,6,6,1,6,6,1,1,1,1,1,1,1,6,6,1,1,1,1,6,1,1,1,1,1,1,6,1,1,1,1,6,6,6,6,1,1,1,1,1,1,1,6,1,1,6,1,1,1,1,1,1,1,6,6,6,6,6,1,1,1,1,1,6,6,6,1,1,1,1,1,1,6,6,1,6,1,1,1,1,1,1,1,6,1,1,1,1,1,1,1,6,1,1,1,1,1,6,1,1,1,1,1,1,1,1,1,6,1,1,1,1,1,1,1,1,1,1,9,9,6,1,1,1,6,6,1,1,6,1,1,1,6,1,1,1,1,1,1,1,6,1,1,1,1,1,1,1,1,1,1,1,6,1,1,1,1,1,1,6,1,6,1,1,1,1,1,1,1,6,1,1,1,1,1,1,1,1,1,6,1,1,1,1,1,1,1,1,1,1,1,1,6,6,6,1,1,1,1,1,1,6,6,1,1,1,1,1,1,1,1,1,1,1,1,1,1,1,6,1,1,1,1,1,6,1,1,1,1,1,1,1,1,9,9,9,9,1,1,1,1,1,1,1,1,1,1,1,1,1,1,1,1,1,1,1,1,1,1,1,1,1,6,1,1,6,1,1,1,1,1,1,1,1,6,1,1,1,1,1,6,1,1,1,6,1,6,1,9,9,1,1,1,6,1,6,1,6,1,1,1,1,1,1,1,1,6,1,1,1,1,1,1,1,1,1,1,1,1,1,1,1,6,1,1,1,1,1,1,1,1,1,1,1,1,1,1,1,6,1,1,6,6,1,6,1,6,1,6,1,6,1,1,1,1,1,1,1,1,1,1,1,6,1,6,1,1,1,1,1,9,1,1,1,1,1,1,1,1,6,6,6,1,6,1,1,6,6,1,1,6,1,1,1,1,1,1,1,1,6,1,1,1,1,1,6,6,6,6,1,1,6,6,1,6,1,1,1,1,1,1,1,1,6,1,1,1,1,1,1,6,6,1,6,6,6,6,6,6,1,1,6,6,1,1,1,1,1,1,1,1,1,1,1,1,1,1,1,1,1,1,6,1,6,1,1,1,6,1,1,1,1,1,6,1,1,1,1,1,1,1,1,6,1,1,1,6,1,6,1,1,1,9,6,6,6,6,6,6,1,1,1,1,1,1,1,6,1,1,1,6,1,1,6,1,9,9,9,1,1,1,1,1,1,1,1,1,1,6,6,6,1,1,1,1,1,1,1,6,1,1,1,1,1,6,1,1,1,1,1,6,1,1,1,1,1,1,1,1,6,1,6,1,1,1,1,6,1,1,1,6,1,1,1,6,6,6,6,1,1,1,1,1,1,1,1,1,1,1,1,1,1,1,1,1,1,1,1,1,6,1,1,1,1,1,1,1,1,1,1,1,1,1,1,1,1,1,1,1,1,1,1,9,9,1,1,1,1,1,1,1,1,1,1,1,1,1,1,1,1,1,1,1,1,1,1,1,1,1,1,1,1,1,1,1,1,1,1,1,1,1,1,1,1,1,1,1,1,1,1,1,1,1,1,1,1,1,1,1,1,1,1,1,1,1,1
115,20927,TITUS,100,6,6,6,1,6,1,6,6,6,1,6,1,1,1,1,1,1,1,1,6,1,6,1,1,6,6,1,1,1,1,6,6,1,6,6,1,1,1,1,1,1,1,1,6,1,1,1,1,1,6,6,1,6,6,6,1,6,6,1,1,6,6,1,6,9,9,9,9,6,6,6,6,6,6,6,6,6,1,1,6,6,6,6,6,1,1,6,6,6,6,6,6,9,6,6,6,6,6,1,6,1,6,6,1,1,1,1,1,1,1,1,1,6,6,6,6,1,1,6,6,1,6,1,1,6,9,9,9,9,9,9,9,9,9,9,9,9,9,9,9,9,9,9,9,9,9,9,9,9,9,9,9,9,9,9,9,9,9,9,9,6,6,1,1,1,1,6,6,1,1,1,9,9,9,6,6,1,6,6,1,6,1,1,1,6,1,6,6,1,6,6,1,1,9,9,6,6,6,6,6,6,6,6,1,6,1,6,1,1,6,6,6,6,1,1,6,6,6,1,1,1,1,6,6,1,1,1,6,6,1,1,1,1,6,1,1,1,1,6,6,1,1,6,1,6,6,1,1,1,1,6,6,1,1,6,1,1,6,6,6,1,6,6,6,1,1,6,1,1,6,6,1,6,6,6,1,1,1,1,1,6,1,1,1,1,1,6,6,6,6,6,1,1,6,6,6,6,6,1,1,6,6,1,1,6,1,6,1,1,6,6,6,1,6,6,6,1,6,1,6,6,1,1,6,6,1,1,1,1,6,6,1,6,6,1,6,1,6,6,1,6,1,6,9,9,6,6,1,1,1,6,9,6,6,6,6,1,1,1,1,6,1,1,1,1,6,6,6,6,1,6,6,6,6,1,1,1,1,1,1,6,6,1,1,1,1,1,1,1,6,6,6,6,1,1,1,6,1,1,1,6,1,1,1,6,6,6,1,6,6,6,1,6,6,6,6,1,6,1,1,1,1,1,1,6,6,6,6,1,1,1,1,1,6,6,1,1,1,1,1,6,6,1,6,6,6,6,6,1,6,6,6,6,6,6,6,6,1,1,1,1,6,6,1,1,6,6,6,6,1,6,1,6,1,1,1,6,6,1,6,6,1,6,9,6,6,6,6,1,1,6,1,6,1,1,6,6,1,1,1,1,1,6,1,1,1,6,6,6,6,6,6,1,6,1,6,6,6,1,1,1,1,6,6,1,1,6,1,6,1,6,6,1,1,1,6,6,6,1,1,6,6,9,9,9,9,9,9,9,9,9,9,9,9,9,9,9,9,6,6,1,1,1,1,1,1,1,1,1,1,6,6,1,1,1,1,1,1,6,1,6,6,1,1,1,1,6,6,1,1,6,6,1,1,6,1,6,1,6,6,6,6,6,1,6,1,1,1,6,6,1,1,6,6,6,6,1,1,6,1,6,1,1,1,6,6,1,1,1,1,6,6,1,1,1,6,1,6,6,6,1,6,6,6,1,1,6,1,1,6,1,6,1,1,1,1,6,6,6,1,1,6,1,6,6,1,1,1,6,1,1,1,1,6,6,6,6,6,1,1,6,1,6,6,1,1,6,6,1,1,6,1,6,1,1,6,6,6,1,1,6,1,6,6,1,6,6,6,1,1,1,1,6,6,6,6,6,6,6,1,1,1,1,6,1,9,9,6,6,1,1,6,1,1,6,6,6,6,1,6,6,1,6,6,6,6,6,6,6,1,6,1,1,6,6,6,1,1,1,6,6,6,6,6,6,6,6,1,1,1,1,1,6,6,6,6,9,9,6,6,1,1,1,6,6,1,6,1,1,6,6,6,6,6,1,6,6,1,1,1,1,6,6,6,1,6,1,6,6,1,6,6,1,1,6,1,6,1,6,6,6,1,1,6,6,1,1,6,1,6,6,1,1,6,1,1,1,1,1,6,6,6,1,6,6,6,9,9,1,6,6,1,1,1,1,1,6,6,1,6,1,1,6,6,6,6,1,1,6,6,1,1,6,1,1,6,6,6,6,6,6,6,1,6,1,6,1,1,1,1,6,6,6,1,1,6,6,6,1,1,6,6,6,6,1,6,6,6,1,6,1,6,1,1,1,1,6,6,1,1,6,6,6,6,6,6,6,1,1,1,1,1,1,1,6,6,1,9,9,9,6,6,1,1,1,1,6,6,1,6,1,1,6,1,1,6,1,6,6,6,6,1,1,6,9,9,9,6,6,1,1,6,6,6,6,1,1,1,6,6,6,1,6,1,1,6,6,1,6,6,6,6,6,9,9,1,1,6,6,1,6,1,1,6,6,6,1,1,6,6,6,6,6,6,6,6,1,1,1,1,1,1,6,6,6,6,1,6,6,6,1,6,1,1,6,1,1,6,6,1,9,1,1,7,1,6,6,6,1,1,1,6,6,6,6,6,6,6,1,6,6,6,6,6,1,6,6,6,6,6,1,6,1,1,6,6,6,6,6,1,1,1,6,6,6,1,9,9,9,9,9,9,9,9,9,9,9,9,9,9,1,1,1,6,1,1,1,1,6,6,1,1,7,1,6,6,6,6,1,1,6,1,1,1,6,1,6,1,1,6,1,1,1,1,1,1,1,6,6,1,1,1,1,1,1,1,1,1,1,1,1,1,6,1,1,1,1,1,1,1,1,1,1,1,1,1,1,1,1,6,1,1,1,6,6,6,6,1,6,1,1,1,1,1,1,1,1,1,1,1,1,6,1,1,1,1,1,1,1,1,6,1,1,6,6,1
116,20929,LANCE,200,1,1,1,6,1,6,1,1,1,1,1,6,6,6,6,6,6,6,6,1,6,1,1,1,1,1,6,6,6,1,1,1,1,1,1,6,6,6,6,1,6,6,6,1,6,6,6,6,6,1,1,6,1,1,1,6,1,1,1,1,1,1,6,1,1,1,1,1,1,1,1,1,1,1,1,1,1,1,1,1,1,6,1,1,1,1,1,1,1,1,1,1,1,1,1,1,1,1,1,1,1,1,1,1,6,6,6,6,6,6,6,6,1,1,1,1,6,6,1,1,6,1,6,6,1,1,1,1,1,1,6,1,6,6,1,1,1,1,6,6,6,6,6,6,6,6,1,6,6,6,1,6,6,6,6,6,1,1,1,1,1,1,6,6,6,6,1,6,1,1,6,1,1,1,1,1,1,1,1,1,1,6,1,6,1,1,1,1,6,1,1,1,6,1,1,1,1,1,1,1,1,1,1,6,1,6,1,1,1,1,1,1,1,6,1,1,1,1,1,1,1,1,1,1,1,1,6,1,1,1,1,1,6,1,1,1,1,1,1,1,1,6,1,6,1,1,1,1,1,6,1,1,6,1,6,1,1,1,1,1,1,1,1,1,1,6,1,1,1,1,1,1,1,1,1,1,1,1,6,6,1,6,1,1,1,1,1,1,1,1,1,6,1,1,1,1,1,1,1,1,1,1,6,6,1,1,1,1,1,1,1,1,6,1,9,9,6,1,1,1,1,1,1,1,1,6,1,1,1,1,1,6,1,6,6,1,1,1,1,6,1,6,1,1,1,1,1,1,6,6,1,6,1,1,1,6,6,6,6,1,1,6,6,1,6,1,6,6,6,6,1,1,1,1,1,6,1,1,1,1,1,1,1,6,6,6,6,6,6,1,1,1,1,6,6,6,1,6,6,6,6,1,6,6,1,1,1,1,1,1,1,1,1,1,6,6,1,6,6,6,6,6,6,6,1,1,1,6,6,6,6,1,6,1,1,1,1,1,1,1,1,1,6,6,6,1,6,6,6,6,6,6,6,1,6,1,1,1,6,1,6,1,6,6,6,1,1,6,1,1,6,1,6,1,1,6,6,6,1,1,6,6,1,1,1,1,1,1,1,1,6,1,6,6,6,1,1,1,1,1,1,1,1,6,1,1,6,6,6,6,1,1,6,6,6,1,1,6,6,6,6,6,6,6,1,6,1,1,1,1,1,1,6,6,6,1,1,1,1,6,1,1,1,1,1,1,6,1,1,1,1,6,6,6,6,6,1,1,1,1,1,1,6,1,1,6,1,1,1,6,1,1,1,6,6,6,6,6,1,1,1,1,6,6,6,6,1,6,1,1,1,1,1,1,6,6,6,1,1,1,1,1,1,6,1,1,1,6,1,1,6,6,1,1,1,1,1,6,1,1,1,1,1,6,1,1,6,6,1,1,1,1,1,1,1,6,1,1,1,1,6,6,1,1,6,6,1,1,6,1,6,1,6,1,1,6,1,1,1,1,6,6,1,1,1,1,6,1,1,1,1,1,6,1,1,1,1,1,1,6,1,6,1,1,1,1,1,1,1,6,6,1,1,1,6,1,1,6,1,6,1,6,1,1,1,6,1,1,1,1,1,1,6,6,6,1,1,1,6,1,6,6,6,1,1,1,1,1,1,1,1,1,1,6,1,1,1,1,6,1,1,1,1,1,6,1,1,1,1,1,1,1,1,1,1,1,1,1,6,1,1,1,1,1,1,1,1,1,1,6,1,6,1,1,1,1,1,1,1,1,1,1,6,1,1,1,6,1,1,1,1,1,1,1,6,1,1,1,1,1,6,1,1,1,6,1,6,6,1,1,1,1,1,6,1,6,1,6,1,1,1,1,1,1,1,1,6,1,6,1,1,1,1,1,1,1,1,1,6,1,1,1,6,1,1,1,1,1,1,1,1,1,1,1,1,1,1,1,6,6,1,6,6,6,6,1,1,1,6,1,6,1,1,1,1,1,1,1,1,1,1,1,6,1,6,1,6,1,1,1,1,1,1,1,1,1,1,1,6,1,1,6,6,6,6,6,6,6,1,1,6,6,6,1,1,1,1,1,6,6,1,1,1,1,1,6,6,6,6,1,1,6,6,1,6,1,1,1,1,1,1,1,6,6,1,1,1,1,6,6,1,1,6,6,6,6,6,1,6,6,6,1,6,1,1,1,6,1,1,1,1,1,1,1,1,1,1,6,1,1,1,6,1,6,1,1,1,6,6,1,6,1,1,6,1,1,1,1,1,1,1,1,6,1,1,1,6,1,1,6,1,1,1,6,6,6,6,6,6,1,1,1,1,1,1,1,6,6,1,1,6,1,1,6,1,1,1,1,1,1,1,1,1,1,1,1,1,6,1,6,1,6,6,6,6,6,6,6,1,6,6,6,6,6,6,1,6,1,6,1,6,1,1,1,1,1,1,1,1,1,1,6,1,1,1,1,6,1,1,1,6,1,1,1,6,6,6,6,1,1,1,1,1,1,1,1,1,1,1,1,1,1,1,1,1,1,1,1,1,6,6,1,1,1,1,1,6,1,1,1,1,1,1,1,1,1,1,1,1,6,6,1,1,1,1,1,1,1,1,1,1,1,1,1,1,1,1,1,1,1,1,1,1,1,1,1,1,1,1,1,1,1,1,1,1,1,1,1,1,1,1,1,1,1,1,1,1,1,1,1,1,1,1,1,1,1,1,1,1,1,1,1,1,6,1,1
117,20932,LUJÁN,100,6,6,6,1,6,1,6,6,6,1,9,1,1,1,1,1,1,1,1,6,1,6,1,1,6,6,1,1,1,1,6,6,1,6,6,1,1,1,1,1,1,1,1,6,1,1,1,1,1,6,6,1,6,6,6,1,6,6,1,1,6,6,1,6,1,1,6,6,6,6,6,6,6,6,6,6,6,1,1,6,6,6,6,6,1,1,6,6,6,6,6,6,6,6,6,6,6,6,1,6,1,6,6,1,1,1,1,1,1,1,1,1,6,6,6,6,1,1,6,6,1,6,1,1,6,1,6,6,6,6,1,6,1,1,1,1,6,6,1,1,1,1,1,1,1,1,6,1,1,1,6,1,1,1,1,1,6,1,1,6,6,6,1,1,1,1,6,6,1,1,6,1,1,1,6,6,1,6,6,1,6,1,1,1,6,1,6,6,6,6,6,1,6,1,1,6,6,6,6,6,6,6,6,1,6,1,6,1,1,6,6,6,6,1,6,6,6,6,1,1,1,1,6,6,1,1,1,6,6,1,1,1,1,6,1,1,1,1,6,6,1,1,6,1,6,6,1,1,1,1,6,6,6,1,6,1,1,6,6,6,1,6,6,6,1,1,6,1,1,6,6,1,6,6,6,1,1,1,1,1,6,1,1,1,1,1,6,6,6,6,6,1,6,6,6,6,6,6,1,1,6,6,1,1,6,1,6,1,1,6,6,6,1,1,6,6,1,6,1,6,1,1,1,6,6,1,1,1,1,6,6,6,6,6,1,6,1,6,6,1,6,1,6,1,1,6,6,1,1,1,6,6,6,6,6,6,1,1,1,6,1,6,6,6,1,6,6,6,6,6,6,6,6,6,1,1,1,1,1,1,6,6,1,1,1,1,1,1,1,6,6,6,6,1,1,1,6,1,1,1,6,1,1,1,6,6,6,1,6,6,6,1,6,6,6,6,1,6,1,1,1,6,1,1,6,6,6,6,1,1,1,1,1,6,6,1,1,1,1,1,6,6,1,6,6,6,6,6,1,6,6,6,6,6,6,6,6,1,1,1,1,6,6,1,1,6,6,6,6,1,6,1,6,1,1,1,6,6,1,6,6,1,6,1,6,6,6,6,1,1,6,1,6,1,1,6,6,1,1,1,1,1,6,1,1,1,6,6,6,6,6,6,1,6,1,6,6,6,1,1,1,1,6,6,1,1,6,1,6,1,6,6,1,1,1,6,6,6,1,1,6,6,1,1,6,6,1,6,1,6,6,1,1,6,1,6,1,1,6,6,1,1,1,1,1,1,1,1,1,1,6,6,1,1,1,1,1,1,6,1,6,6,6,1,1,1,6,6,1,1,6,6,1,1,6,1,6,1,6,6,6,6,6,1,6,1,1,6,6,6,9,1,6,1,6,6,1,1,6,1,6,1,1,1,6,6,1,1,6,1,6,6,1,1,1,6,1,6,6,6,1,6,6,6,1,1,6,1,1,6,1,6,1,1,1,1,1,6,6,1,1,6,1,6,6,1,6,1,6,1,1,1,1,6,6,6,6,6,6,1,6,1,6,6,1,1,6,6,1,1,6,1,6,1,6,6,6,6,1,1,6,6,6,6,1,6,6,6,1,1,1,1,6,6,6,6,6,6,1,1,6,1,1,6,1,1,1,6,6,1,1,6,1,1,6,6,6,6,1,6,6,1,1,6,6,6,6,6,6,1,6,1,1,6,6,6,1,1,1,6,6,6,6,6,6,6,6,1,1,1,6,1,6,6,6,6,1,1,6,6,1,1,1,6,6,1,6,1,1,6,6,6,6,6,1,6,1,1,1,1,1,6,6,6,1,6,1,6,6,1,6,6,1,1,6,1,6,1,6,6,6,1,1,6,6,1,1,6,1,6,6,1,1,6,1,1,1,1,1,6,6,6,1,6,6,6,1,1,1,6,6,1,1,1,1,1,6,6,1,6,1,1,6,6,1,6,1,1,6,6,1,1,6,1,1,6,6,6,6,6,6,6,1,6,1,6,6,1,1,1,6,6,6,1,1,1,6,6,1,6,6,6,6,6,6,6,6,6,1,6,1,6,6,1,1,1,6,6,1,1,6,1,6,6,6,6,6,1,1,6,1,6,6,1,6,9,1,1,1,1,6,6,6,1,1,1,6,6,1,6,1,1,6,1,1,6,1,6,6,6,6,1,1,6,1,1,1,6,6,1,1,1,6,6,6,1,1,1,6,6,6,1,6,1,6,6,6,1,6,6,6,6,6,1,1,1,1,6,6,1,1,1,1,6,6,6,1,1,6,6,6,6,6,1,1,1,1,6,1,1,1,1,6,6,6,6,1,6,6,6,1,6,1,1,6,1,1,6,6,1,1,1,1,7,1,6,6,6,1,1,1,6,6,6,6,6,6,6,1,6,6,6,6,6,1,6,6,6,6,6,1,6,1,1,6,6,6,6,6,1,1,1,6,6,6,1,1,6,6,6,1,1,6,6,1,6,1,1,1,6,1,1,1,6,1,1,1,1,6,6,1,1,7,1,1,6,6,6,6,1,6,1,1,1,6,1,6,1,1,6,1,1,1,1,1,1,1,6,6,1,1,1,1,1,1,1,1,1,1,1,1,1,6,1,1,1,1,1,1,1,1,1,1,1,1,1,1,1,1,1,1,1,1,6,6,6,6,1,6,1,1,1,1,1,1,1,1,1,1,1,1,6,1,1,1,1,1,1,1,1,6,1,1,6,6,1
118,20934,TONKO,100,6,6,6,1,6,1,6,6,6,6,6,1,1,1,1,1,1,1,1,6,1,6,1,1,6,6,7,1,1,6,6,6,1,6,6,1,1,1,1,1,1,1,1,6,1,1,1,1,1,6,6,1,6,6,6,1,6,6,1,1,6,6,1,6,9,1,6,6,6,6,6,6,6,6,6,6,6,1,1,6,6,6,6,6,1,1,6,6,6,6,6,6,6,6,9,6,6,6,1,6,1,6,6,1,1,1,1,1,1,1,1,1,6,6,6,6,1,1,6,6,1,6,1,1,6,1,6,6,6,6,1,6,1,1,1,1,6,6,1,1,1,1,1,1,1,1,6,1,1,1,6,1,1,1,1,1,6,1,1,6,6,6,7,1,1,1,6,6,1,1,7,1,1,1,6,6,1,6,6,1,6,1,1,1,6,1,6,6,7,6,6,1,7,1,1,6,6,6,6,6,9,6,6,1,6,1,6,1,1,6,6,6,6,1,6,6,6,6,1,1,1,1,9,9,1,1,7,6,6,1,1,1,7,6,1,1,1,1,6,6,1,1,6,7,6,6,1,1,1,1,6,6,7,1,6,1,1,6,6,6,1,6,6,6,1,1,6,1,1,6,6,1,6,6,6,1,1,1,1,1,6,1,1,1,1,1,6,6,6,6,6,1,6,6,6,6,6,6,1,1,6,6,7,1,6,1,6,1,1,6,6,6,1,6,6,6,1,6,1,1,6,1,1,6,6,7,1,1,1,6,6,7,6,6,1,6,1,6,6,1,6,1,6,1,1,6,6,1,1,1,6,6,6,6,6,1,1,1,1,1,6,1,1,6,1,6,6,6,6,6,6,6,6,6,1,1,6,1,1,1,6,6,1,1,1,1,1,1,1,6,6,6,6,1,1,1,6,1,1,1,6,1,1,1,6,6,6,1,6,6,6,1,6,6,6,6,1,6,1,1,1,1,1,1,6,6,6,6,1,1,1,1,1,6,6,1,1,1,1,1,6,6,7,6,6,6,6,6,1,6,6,6,6,6,6,6,6,1,1,1,1,6,6,1,1,6,6,6,6,1,6,1,6,1,1,1,6,6,1,6,6,1,6,1,6,6,6,6,1,1,6,1,6,1,1,6,6,1,1,1,1,1,6,1,1,1,6,6,6,6,6,6,1,6,1,6,6,6,1,1,1,1,6,6,1,1,6,1,6,1,6,6,7,1,1,6,6,6,1,1,6,6,1,1,6,6,1,6,9,6,6,1,1,6,1,6,1,1,6,6,1,1,1,1,1,1,1,1,1,7,6,6,1,1,1,1,1,1,6,1,6,6,7,1,1,1,6,6,1,1,6,6,1,1,6,1,6,1,6,6,6,6,6,1,6,1,1,7,6,6,7,1,6,1,6,6,1,1,6,1,6,1,1,7,6,6,7,1,6,6,6,6,1,1,1,6,1,6,6,6,1,6,6,6,1,1,6,1,1,6,7,6,1,1,1,7,1,6,6,1,1,6,1,6,6,1,7,1,6,1,1,1,1,6,6,6,6,6,6,1,6,1,6,6,1,1,6,6,1,1,6,1,6,1,7,6,6,6,1,1,6,7,6,6,1,7,6,6,1,1,1,1,1,1,1,6,6,6,6,1,7,1,1,6,1,1,1,6,6,1,1,6,1,7,6,6,6,6,1,6,6,1,1,6,6,6,6,6,6,1,6,1,1,6,6,6,1,1,7,6,6,6,1,6,6,6,6,1,1,7,6,7,6,6,6,1,1,1,6,6,1,1,1,6,6,1,6,1,1,6,6,6,6,6,1,6,1,1,1,1,1,6,6,6,1,6,1,6,6,1,6,6,1,1,6,1,6,1,6,6,6,1,1,6,6,1,1,6,7,6,6,1,1,1,1,1,1,1,7,6,6,6,1,6,6,6,1,1,1,6,6,1,1,1,1,1,6,6,1,6,1,1,6,6,1,6,1,1,6,6,1,1,6,9,9,6,6,6,6,6,6,6,1,6,6,1,7,1,1,1,6,6,6,1,6,1,6,6,7,6,6,6,6,6,6,6,6,6,1,6,1,6,7,1,1,1,6,6,7,1,6,1,6,6,6,6,1,1,1,6,1,1,1,1,1,6,1,1,1,1,6,6,7,1,1,1,6,6,7,6,1,1,6,1,1,6,1,6,6,6,6,1,1,6,1,1,7,6,6,1,1,1,6,9,9,1,1,7,6,6,6,1,1,1,1,6,6,1,6,6,6,6,6,1,1,1,1,6,6,1,6,1,1,6,6,6,1,6,6,1,6,6,6,6,6,1,1,1,1,1,1,1,6,6,6,6,1,6,6,6,1,6,1,1,6,1,1,6,6,1,1,1,1,6,1,6,6,6,1,1,1,6,6,6,6,6,6,6,1,6,6,6,6,6,1,6,6,6,6,6,1,6,1,1,6,6,6,6,1,1,1,1,6,6,6,1,1,1,6,6,1,1,6,6,1,1,1,1,6,6,1,1,1,6,1,1,1,1,6,6,1,1,6,1,6,6,6,6,6,1,6,1,1,1,6,1,6,1,1,6,1,1,1,1,1,1,1,6,6,7,1,1,1,1,1,1,1,1,1,1,1,1,6,1,1,1,1,1,1,1,1,1,1,1,1,1,1,1,1,6,1,1,1,6,6,6,6,1,6,1,1,1,1,1,1,1,1,1,1,1,1,6,1,1,1,1,1,1,1,1,6,1,1,6,6,1
119,20941,FUDGE,100,6,9,6,1,6,1,6,6,6,1,6,1,1,1,1,1,1,1,1,6,1,6,1,1,6,6,6,1,1,6,9,9,9,6,1,1,1,1,1,1,1,1,1,6,1,1,1,1,1,6,6,1,6,6,6,1,6,6,1,1,6,6,1,6,1,1,6,6,6,6,6,6,6,6,6,6,6,1,1,6,6,6,6,6,1,1,6,6,6,6,6,6,6,6,6,6,6,6,1,6,1,6,6,1,1,1,1,1,1,1,1,1,6,6,6,6,1,1,6,6,1,6,1,1,6,1,6,6,6,6,1,6,1,1,1,6,6,6,1,1,1,1,1,1,1,1,6,1,1,1,6,1,1,1,1,1,6,9,9,9,9,9,9,1,1,1,6,6,1,1,6,1,1,1,6,6,1,6,6,1,6,1,6,1,6,1,6,6,6,6,6,1,6,1,1,6,6,6,6,6,6,6,6,1,6,1,6,1,1,6,6,6,6,1,6,6,6,6,1,1,1,1,6,6,6,6,6,6,6,1,1,1,6,6,1,1,1,1,6,6,1,1,6,6,6,6,1,1,1,6,6,6,6,1,6,1,1,6,6,6,1,6,6,6,1,1,6,6,6,6,6,9,6,6,6,1,1,1,1,1,6,1,6,1,1,1,6,6,6,6,6,1,1,6,6,6,6,6,1,1,6,6,6,1,6,6,6,9,9,6,6,6,1,6,6,6,1,6,1,6,1,1,1,6,6,6,1,1,1,6,6,6,6,6,1,6,1,6,6,1,6,1,6,1,1,6,6,1,1,1,6,1,6,6,6,6,1,1,1,1,6,1,1,6,1,6,6,6,6,1,6,6,6,6,1,1,6,1,1,1,6,6,1,1,1,1,1,1,1,6,6,6,6,1,1,1,6,1,1,1,6,1,1,1,6,6,6,1,9,6,6,1,6,6,6,6,1,6,1,1,6,1,1,6,6,6,6,6,1,1,1,1,1,6,6,1,1,1,1,1,6,6,6,6,6,6,6,6,1,6,6,6,6,6,6,6,6,1,1,1,1,6,6,1,1,6,6,6,6,1,6,1,6,1,1,1,6,6,1,6,6,1,6,1,6,6,6,6,1,1,6,1,6,1,1,6,6,1,1,1,1,1,1,1,1,1,6,6,6,6,6,6,1,6,1,6,6,6,1,1,1,1,6,6,1,1,6,1,9,9,6,6,6,1,1,6,6,6,1,1,6,6,1,9,6,6,1,6,1,6,6,1,1,6,6,6,1,1,6,6,1,1,1,1,1,1,1,1,1,6,6,6,1,1,1,1,1,1,6,1,6,6,6,1,1,1,6,6,1,1,6,6,1,1,6,1,6,1,6,6,6,6,6,1,6,1,1,6,6,6,6,1,6,1,6,6,1,1,6,1,6,1,1,6,6,6,6,1,6,1,6,6,1,1,1,6,1,1,6,6,1,6,6,6,1,1,6,1,1,6,6,6,1,1,1,6,6,6,6,1,1,6,1,6,6,1,6,1,6,1,1,1,1,6,6,6,6,6,6,1,6,1,6,6,1,1,6,6,1,1,6,1,6,1,6,6,6,6,1,1,6,6,6,6,1,6,6,6,1,1,1,1,9,9,1,6,6,6,6,1,6,1,1,6,1,1,1,6,6,1,1,6,1,6,6,6,6,6,1,6,6,1,9,9,9,6,6,6,6,1,6,1,1,6,6,6,1,1,6,6,6,6,6,6,6,6,6,1,1,6,6,6,6,6,6,1,1,1,6,6,1,1,1,6,6,1,6,1,1,6,6,6,6,6,1,6,6,1,1,1,1,6,6,6,1,6,1,6,6,1,6,6,1,1,6,1,6,1,6,6,6,1,1,6,6,1,1,6,6,6,6,1,1,1,1,1,1,1,6,6,6,6,1,6,6,1,1,1,1,6,6,1,1,1,1,1,6,6,1,6,1,1,6,6,6,6,1,1,6,6,1,1,6,1,1,6,6,6,6,6,6,6,1,6,6,1,6,1,1,1,6,6,6,1,1,1,6,6,6,6,6,6,6,6,6,6,6,6,6,6,1,6,6,1,1,1,6,6,6,1,6,1,6,6,6,6,1,1,1,6,1,1,1,1,1,6,1,1,1,1,6,6,6,1,1,1,6,6,6,6,6,1,6,1,1,6,1,6,6,6,6,1,1,6,1,1,6,6,6,1,1,6,6,6,6,9,9,9,6,6,6,1,1,1,1,6,6,1,6,6,6,6,6,1,1,1,1,6,6,1,6,1,1,6,6,6,1,1,1,6,6,6,6,6,6,1,1,1,1,1,1,1,6,6,6,6,1,6,6,6,1,6,1,1,6,1,1,6,6,1,1,1,1,7,1,6,6,6,1,1,1,6,6,6,6,6,6,6,1,6,6,6,6,6,1,6,6,6,6,9,9,9,1,1,6,6,6,6,6,1,1,1,6,6,6,1,1,6,6,6,1,1,6,6,1,1,1,1,6,6,1,1,1,6,1,1,1,1,6,6,1,1,7,1,6,6,6,6,6,1,6,1,1,1,6,1,6,1,1,6,1,1,1,1,1,1,1,6,6,6,1,9,1,1,1,1,1,1,1,1,1,1,6,1,1,1,1,1,1,1,1,1,1,1,1,1,1,1,1,6,1,1,1,6,6,6,6,1,6,1,1,1,1,1,1,1,1,1,1,9,9,9,9,9,9,9,9,9,9,9,9,9,9,9,9,9
120,20946,THOMPSON,200,1,1,1,6,1,6,1,1,1,1,1,6,6,6,6,6,6,6,6,1,6,1,1,1,1,1,6,6,6,1,1,1,1,1,1,6,6,6,6,6,6,6,6,1,6,6,6,6,6,1,1,6,1,1,1,6,1,1,1,1,1,1,6,1,1,1,1,1,1,1,1,1,1,1,1,1,1,1,1,1,1,1,1,1,1,1,1,1,1,1,1,1,1,1,1,1,1,1,1,1,1,1,1,1,6,6,6,6,6,6,6,6,1,1,1,1,6,6,1,1,6,1,6,6,1,1,1,1,1,1,6,1,6,6,1,1,1,1,6,6,6,6,6,6,6,6,1,6,6,6,1,6,6,6,6,6,1,1,1,1,1,1,6,6,6,6,1,1,1,1,6,1,1,1,1,1,1,1,1,1,1,6,1,6,1,1,1,1,6,1,1,1,6,1,1,1,1,1,1,1,1,1,1,6,1,6,1,1,1,1,1,1,1,6,1,1,1,1,1,1,1,1,1,1,1,1,6,1,1,1,1,1,6,1,1,1,1,1,1,1,1,6,1,6,1,1,1,1,1,6,1,1,6,1,1,1,1,1,1,1,1,1,1,1,1,6,1,1,1,1,1,1,9,1,1,1,1,6,6,6,1,6,1,1,1,1,1,1,1,1,1,6,1,1,1,1,1,1,1,1,1,1,6,6,1,1,1,1,1,1,1,1,6,1,1,1,6,1,1,1,1,1,1,1,1,6,1,1,1,1,1,6,1,1,6,1,1,1,1,6,1,6,1,1,1,1,1,1,6,6,1,9,1,1,1,6,6,6,6,6,1,6,6,1,6,1,6,1,1,6,1,1,1,1,1,6,1,1,1,1,1,1,1,6,6,6,6,6,6,1,1,1,1,6,6,6,1,6,6,6,1,1,6,6,1,1,1,1,1,1,1,1,1,1,6,6,6,1,6,6,6,6,6,6,1,1,6,6,6,1,6,1,6,1,1,1,1,1,1,1,1,1,6,1,1,6,6,6,6,6,6,1,6,1,1,1,1,6,6,6,6,1,1,6,6,6,1,6,1,6,1,6,1,6,6,6,1,1,1,6,1,6,1,1,1,1,1,1,6,6,6,1,6,6,6,1,1,6,6,6,1,6,1,6,1,6,6,6,6,6,1,6,6,1,6,1,1,6,6,6,6,6,6,1,1,6,1,1,1,1,1,1,6,6,6,1,1,1,1,6,1,1,1,1,1,1,6,1,1,1,1,6,6,6,6,1,1,1,1,1,1,1,6,1,1,6,1,1,1,6,1,1,1,6,6,6,6,6,1,1,1,1,6,6,6,6,1,1,1,1,1,1,6,6,1,6,1,1,1,1,1,1,1,6,1,1,1,6,1,1,6,6,1,1,1,1,1,6,1,1,1,1,1,6,1,1,6,6,1,1,1,1,1,1,1,1,1,1,1,1,6,1,1,1,6,6,1,1,6,1,6,1,6,1,1,6,1,1,1,1,6,1,1,1,1,1,6,1,1,1,1,1,6,1,1,1,1,1,1,6,1,6,1,1,1,1,1,1,1,6,1,1,1,1,6,1,1,1,1,6,1,6,1,1,1,6,1,1,1,1,1,1,6,6,6,1,1,1,1,1,6,6,6,1,1,1,1,1,1,1,1,1,1,6,9,9,9,9,6,1,1,1,1,1,6,1,1,1,1,1,1,1,1,1,1,1,1,1,6,1,1,1,1,1,1,1,1,1,1,6,1,6,1,1,1,1,1,1,1,1,1,1,6,1,1,1,6,1,1,1,1,1,1,1,6,1,1,1,1,1,6,1,1,1,6,1,6,1,1,1,1,1,1,6,1,6,1,6,1,1,1,1,1,1,1,1,6,1,6,1,1,1,1,1,1,1,1,1,6,1,1,1,6,1,1,1,1,1,1,1,1,1,1,1,1,1,1,1,6,1,1,6,6,1,6,1,6,1,6,1,6,1,1,1,1,1,1,1,1,1,1,1,6,1,6,1,6,9,9,9,1,1,1,1,1,1,1,1,6,6,6,6,1,6,1,1,6,6,1,1,6,1,1,1,1,1,1,1,6,6,1,1,1,1,1,6,6,6,6,1,1,6,6,6,6,1,1,1,1,1,1,1,6,6,1,1,1,1,6,1,6,6,6,6,6,6,6,6,6,1,6,6,6,1,1,1,6,1,1,1,1,1,1,1,1,1,1,6,1,1,1,6,1,6,1,1,1,6,1,1,1,1,1,6,1,1,1,1,1,1,1,1,6,1,1,1,6,1,6,1,1,1,1,6,6,6,6,6,6,1,1,1,1,1,1,1,6,1,1,1,6,1,1,6,1,1,1,1,1,1,1,1,1,1,1,1,1,1,6,1,6,6,1,1,1,1,1,1,6,1,1,1,1,1,6,1,1,1,1,1,6,1,1,1,1,1,1,1,1,1,1,6,1,1,1,1,6,1,1,1,6,1,1,1,6,6,6,6,1,1,1,1,1,1,1,1,1,1,1,1,1,1,1,1,1,1,1,1,1,6,1,1,1,1,1,1,1,1,1,1,1,1,1,1,1,1,1,1,1,6,1,1,1,1,1,1,1,1,1,1,1,1,1,1,1,1,1,1,1,1,1,1,1,1,1,1,1,1,1,1,1,1,1,9,1,1,1,1,1,1,1,1,1,1,1,1,1,1,1,1,1,1,1,1,1,1,1,1,1,1,1,1,1,1,1,1
121,20947,ROE,200,1,1,1,6,1,6,1,1,1,1,1,6,6,6,6,6,6,6,6,1,6,1,1,1,1,1,1,6,6,1,1,1,1,1,1,6,6,6,6,6,6,6,6,1,6,6,6,6,6,1,1,6,1,1,1,6,1,1,1,1,1,1,6,1,1,1,1,1,1,1,1,1,1,1,1,1,1,1,1,1,1,1,1,1,1,1,1,9,9,9,1,1,1,1,1,1,1,1,1,1,1,1,1,1,6,6,6,6,6,6,6,6,1,1,1,1,6,6,1,1,6,1,6,6,1,1,1,1,1,1,6,1,6,6,1,1,1,1,6,6,6,6,6,6,6,6,1,6,6,6,1,6,6,6,6,6,1,1,1,1,1,1,1,6,6,6,1,1,1,1,1,1,1,1,1,1,1,1,1,1,1,6,1,6,1,1,1,1,6,1,1,1,6,1,1,1,1,1,1,1,1,1,1,6,1,6,1,1,1,1,1,1,1,6,1,1,1,1,1,1,1,1,1,1,1,1,1,1,1,1,1,1,1,1,1,1,1,1,1,1,1,6,1,1,1,1,1,6,1,6,1,1,1,1,1,1,1,1,1,1,1,1,1,1,1,6,1,1,1,1,1,1,1,1,1,1,1,6,6,6,1,6,1,1,1,1,1,1,1,1,1,6,1,1,1,1,1,1,1,1,1,1,1,6,1,1,1,1,1,1,1,1,6,1,1,1,6,1,1,1,1,1,1,1,1,6,1,1,1,1,1,1,1,1,6,1,1,1,1,6,1,6,1,1,1,1,1,1,6,6,1,6,1,1,1,6,6,6,6,6,1,6,6,1,6,1,1,1,1,6,1,1,1,1,1,6,1,1,1,1,1,1,1,6,6,6,6,6,6,1,1,1,1,6,6,6,1,6,6,6,1,1,6,6,1,1,1,1,1,1,1,1,1,1,6,6,6,1,6,6,6,6,6,6,1,1,1,6,6,6,6,6,6,1,1,1,1,1,1,1,1,1,1,1,1,1,1,1,6,6,1,1,6,1,1,1,1,6,6,6,6,1,1,6,6,1,1,6,1,6,1,6,1,6,6,6,1,1,1,1,6,6,1,1,1,1,1,1,6,6,1,6,1,6,6,1,1,6,6,6,1,1,1,6,6,6,1,1,1,1,1,1,6,1,6,1,1,1,6,6,6,6,1,1,6,6,1,1,1,1,1,1,6,6,6,1,1,1,1,6,1,1,1,1,1,1,6,1,1,1,1,6,6,6,6,1,1,1,1,1,1,1,6,1,1,6,1,1,1,1,1,1,1,6,6,6,6,6,1,1,1,1,1,6,6,6,1,1,1,1,1,1,6,6,1,6,1,1,1,1,1,1,1,6,1,1,1,6,1,1,1,6,1,1,1,1,1,6,1,1,1,1,1,1,1,1,6,6,1,1,1,1,9,1,1,1,1,1,1,1,6,1,1,1,6,6,1,1,6,1,1,1,6,1,1,1,1,1,1,1,6,1,1,1,1,1,1,1,1,6,1,1,6,1,1,1,1,1,1,6,1,6,1,1,1,1,1,1,1,6,1,1,1,1,1,1,1,1,1,6,1,1,1,1,1,1,1,1,1,1,1,1,6,6,6,1,1,1,1,1,1,6,6,6,1,1,1,1,1,1,1,1,1,1,1,1,1,1,6,1,1,1,1,1,6,1,1,1,1,1,1,1,1,1,1,1,1,1,1,1,1,1,1,1,1,1,1,1,1,1,1,1,1,1,1,1,1,1,1,1,1,1,6,1,1,6,1,1,1,1,1,1,1,1,6,1,1,1,1,1,6,1,1,1,6,1,6,1,1,1,1,1,1,6,1,6,1,6,1,1,1,1,1,1,1,1,6,1,1,1,1,1,1,1,1,1,1,1,6,1,1,1,6,1,1,1,1,1,1,1,1,1,1,1,1,1,1,1,6,1,1,6,6,1,6,1,6,1,1,1,6,1,1,1,1,1,1,1,1,1,1,1,6,1,6,1,6,1,1,1,1,1,1,1,1,1,1,1,1,1,6,6,1,1,1,1,6,6,1,1,6,1,6,1,1,1,1,1,1,6,1,1,1,1,1,6,6,6,6,1,1,6,6,1,6,1,1,1,1,1,1,1,6,6,1,1,1,1,1,1,6,6,6,6,6,6,6,1,6,1,1,6,6,1,1,1,1,1,1,1,1,1,1,1,1,1,1,1,1,1,1,6,1,6,1,1,1,6,1,1,1,1,1,6,1,1,1,1,1,1,1,1,6,6,1,1,6,1,6,1,1,1,1,6,6,6,6,6,6,1,1,1,1,1,1,1,6,1,1,1,6,1,1,6,1,9,9,1,1,1,1,1,1,1,1,1,1,1,6,6,6,1,1,1,1,1,1,1,6,1,1,1,1,1,6,1,1,1,1,1,6,1,1,1,1,1,1,1,1,1,1,6,1,1,1,1,6,1,1,1,6,1,1,1,6,6,6,6,1,1,1,1,1,1,1,1,1,1,1,1,1,1,1,1,1,1,1,1,1,6,1,1,1,1,1,1,1,1,1,1,1,1,1,1,1,1,1,1,1,1,1,1,1,1,1,1,1,1,1,1,1,1,1,1,1,1,1,1,1,1,1,1,1,1,1,1,1,1,1,1,1,1,1,1,1,1,1,1,1,1,1,1,1,1,1,1,1,1,1,1,1,1,1,1,1,1,1,1,1,1,1,1,1,1,1,1
122,20948,OLSON,200,1,1,1,6,1,6,1,1,1,1,1,6,6,6,6,6,6,6,6,1,6,1,1,1,1,1,1,6,6,1,1,1,1,1,1,6,6,6,6,6,6,6,6,1,6,6,6,6,6,1,1,6,1,1,1,6,1,1,1,1,1,1,6,1,1,1,1,1,1,1,1,1,1,1,1,1,1,1,1,1,1,1,1,1,1,1,1,1,1,1,1,1,1,1,1,1,9,1,1,1,1,1,1,1,6,6,6,6,6,6,6,6,1,1,1,1,6,6,1,1,6,1,6,6,1,1,1,1,1,1,6,1,9,6,1,1,1,1,6,6,6,6,6,6,6,6,1,6,6,6,1,6,6,6,6,6,1,1,1,1,1,1,1,6,6,6,1,1,1,1,1,1,1,1,1,1,1,1,1,1,1,6,1,6,1,1,1,9,1,1,1,1,1,1,1,1,1,1,1,1,1,1,1,6,1,6,1,1,1,1,1,1,1,6,1,1,1,1,1,1,1,1,1,1,1,1,1,1,1,1,1,1,1,9,9,9,9,9,1,1,1,6,1,1,1,1,1,6,1,9,1,1,1,1,1,1,1,1,1,1,1,1,1,1,1,6,1,1,1,1,1,1,1,1,1,1,1,6,6,6,1,6,1,1,1,1,1,1,1,1,1,6,1,1,1,1,1,1,1,1,1,1,1,6,1,1,1,1,1,1,1,1,6,1,1,1,6,1,6,1,9,1,1,1,1,1,1,1,1,1,1,1,1,6,6,1,1,1,1,6,1,6,1,1,1,1,1,1,6,6,1,6,1,1,1,6,6,6,6,6,1,6,6,6,6,1,1,1,1,6,1,1,1,1,1,6,1,1,1,1,1,1,1,6,6,6,6,6,6,1,1,1,1,6,6,6,1,6,6,6,1,1,6,6,1,1,1,1,1,1,1,1,1,1,1,1,6,1,6,6,6,6,6,1,1,1,1,1,6,6,6,6,6,1,1,1,1,9,9,1,1,1,1,1,1,1,1,1,6,1,1,1,1,1,1,1,1,6,6,6,6,1,1,6,6,1,1,6,1,6,1,6,1,6,6,6,1,1,1,1,1,6,1,1,1,1,1,1,6,6,1,6,6,6,6,1,1,6,6,6,6,6,6,6,6,1,1,1,1,1,1,1,6,1,9,1,1,1,6,6,6,6,1,1,6,6,1,1,1,1,1,1,1,6,6,1,1,1,1,6,1,1,1,1,1,1,6,1,1,1,1,6,6,1,6,1,1,1,1,1,9,1,6,1,1,6,1,1,1,1,1,1,1,6,6,6,6,6,1,1,1,1,1,6,6,6,1,1,1,1,1,1,6,6,1,6,1,1,1,1,1,1,1,6,1,1,1,1,1,1,1,6,1,1,1,1,1,6,1,1,1,1,1,1,1,1,1,6,1,1,1,1,1,1,1,1,1,1,1,1,6,1,1,1,6,6,1,1,6,1,1,1,6,1,1,1,1,1,1,1,6,1,1,1,1,1,1,1,1,1,1,1,6,1,1,1,1,1,1,6,1,6,1,1,1,1,1,1,1,6,1,1,1,1,1,1,1,1,1,6,1,1,1,1,1,9,1,1,1,1,1,1,6,6,6,1,1,1,1,1,1,6,6,1,1,1,1,1,1,1,1,1,1,1,1,1,1,1,6,1,1,1,1,1,6,1,1,1,1,1,1,1,1,1,1,1,1,1,1,1,1,1,1,1,1,1,1,1,1,1,1,1,1,1,1,1,1,1,1,1,1,1,6,1,1,6,1,1,1,1,1,1,1,1,6,1,1,1,9,9,9,9,1,1,6,1,6,1,1,1,1,1,1,6,9,6,1,6,1,1,1,1,1,1,1,1,6,1,1,1,1,1,1,1,1,1,1,1,1,1,1,1,6,1,1,1,9,9,1,1,1,1,1,1,1,1,1,1,6,1,1,6,6,1,6,1,6,1,1,1,6,1,1,1,1,1,1,1,1,1,1,1,6,1,6,1,1,1,1,1,1,1,1,1,1,1,1,1,1,6,6,6,1,6,1,1,6,6,1,1,6,1,1,9,9,9,1,1,1,6,1,1,1,1,1,6,6,6,6,1,1,6,6,1,6,1,1,1,1,1,1,1,1,6,1,1,1,1,1,1,6,6,1,6,6,1,6,1,1,1,1,6,6,1,1,1,1,1,1,1,1,1,1,1,1,1,1,1,1,1,1,6,1,6,1,1,1,6,1,1,1,1,1,6,1,1,1,1,1,1,1,1,6,6,1,9,6,1,1,1,1,1,1,6,6,6,6,6,6,1,1,1,1,1,1,1,6,1,1,1,6,1,1,6,1,1,1,1,1,1,1,1,1,1,1,1,1,1,6,6,6,6,1,1,1,1,1,1,6,1,1,1,1,1,6,1,1,1,1,1,6,1,1,1,1,1,1,1,1,1,1,6,1,1,1,1,6,1,1,1,6,1,1,1,6,6,6,6,1,1,1,1,9,1,1,1,1,1,1,1,1,1,1,1,1,1,1,1,1,9,9,9,9,9,1,1,1,1,1,1,1,1,1,1,1,1,1,1,1,1,1,1,9,9,9,9,9,9,9,9,9,9,9,9,1,1,1,1,1,1,1,1,1,1,1,1,1,1,1,1,1,1,1,1,1,1,1,1,1,1,1,1,1,1,1,1,1,1,1,1,1,1,1,1,1,1,1,1,1,1,1,1,1,1,1,1
123,20952,CONNOLLY,100,6,6,6,1,6,1,6,6,6,6,6,1,1,1,1,1,1,1,1,6,1,6,1,1,6,6,6,1,1,1,6,6,1,6,6,1,1,1,1,1,1,1,1,6,1,1,1,1,1,6,6,1,6,6,6,6,6,1,1,1,6,6,1,6,1,1,6,6,6,6,6,6,6,6,6,6,6,1,1,6,6,6,6,6,1,1,6,6,6,6,6,6,6,6,6,6,6,6,1,6,1,6,6,1,1,1,1,1,1,1,1,1,6,6,6,6,1,1,6,6,1,6,1,1,6,1,6,6,6,6,6,6,6,6,1,6,6,6,1,1,1,1,1,1,1,1,6,1,1,1,6,1,1,1,1,1,6,1,1,6,6,6,6,1,1,1,6,6,1,1,1,1,1,1,6,6,1,6,6,1,6,1,1,1,6,1,6,6,6,6,6,1,6,1,1,6,6,6,6,6,6,6,6,1,6,1,6,1,1,6,6,6,6,1,1,6,6,6,1,1,1,9,6,6,1,6,6,6,6,1,1,1,6,6,1,1,1,1,6,6,1,1,6,6,6,6,1,1,1,6,6,6,6,1,6,1,1,6,6,6,1,6,6,6,1,1,6,1,1,6,6,1,6,6,6,1,1,1,1,1,6,1,1,1,1,1,6,6,6,6,6,1,6,6,6,6,6,6,1,1,6,6,6,1,6,1,6,1,1,6,6,6,1,1,6,6,1,6,1,6,1,1,1,6,6,6,1,1,1,6,6,6,6,6,1,6,1,6,6,1,6,1,6,1,1,6,6,1,1,1,6,6,6,6,6,6,1,1,1,1,6,1,1,1,1,6,6,6,6,6,6,6,6,6,1,1,1,1,1,1,6,6,1,1,1,1,1,1,1,6,6,6,6,1,1,1,6,1,1,1,6,1,1,1,6,6,6,1,6,6,6,1,6,6,6,6,1,6,1,1,1,1,1,1,6,6,6,6,1,1,1,1,1,6,6,1,1,1,1,1,6,6,6,6,6,6,6,6,6,6,6,6,6,6,6,6,6,1,1,1,1,1,6,1,1,6,6,6,6,1,6,1,6,1,1,1,6,6,1,6,6,1,6,1,6,6,6,6,1,1,6,1,6,1,1,6,6,1,1,1,1,1,6,1,1,1,6,6,6,6,6,6,1,6,1,6,6,6,1,1,1,1,6,6,1,1,6,1,1,1,6,6,6,1,1,6,6,6,1,1,1,6,9,9,6,6,1,6,1,6,6,6,1,6,1,6,1,1,9,9,1,1,1,1,1,1,1,1,1,6,6,6,1,1,1,1,1,1,6,1,6,6,6,1,1,1,6,6,1,1,6,6,1,1,6,1,6,1,6,6,6,6,1,1,6,1,1,6,6,6,6,1,6,1,6,6,1,1,6,1,6,1,1,6,6,6,6,1,6,1,6,6,1,1,1,6,1,6,6,6,1,6,6,6,1,1,6,1,1,6,6,6,1,1,1,6,1,6,6,1,1,6,1,6,6,1,6,1,6,1,1,1,1,1,6,6,6,6,6,1,6,1,6,6,1,1,6,6,1,1,6,1,1,1,6,6,6,6,1,1,6,6,6,6,1,6,6,1,1,1,1,1,6,6,6,6,6,6,6,1,6,1,1,6,1,1,1,6,6,1,1,6,1,6,6,6,6,6,1,6,6,1,1,6,6,6,6,6,6,1,1,1,1,6,6,6,1,1,6,6,6,6,6,6,6,6,6,1,1,6,1,6,1,6,6,1,1,1,6,6,1,1,1,6,6,1,6,1,1,6,6,1,6,6,1,6,1,1,1,1,1,6,6,6,1,6,1,6,6,1,6,6,1,1,6,1,6,1,1,6,6,1,1,6,6,1,1,6,6,6,6,1,1,1,1,1,1,1,6,6,6,6,1,6,6,1,1,1,1,6,6,1,1,1,1,1,6,6,1,6,1,1,6,6,1,6,1,1,6,6,1,1,6,1,1,6,6,6,6,6,6,6,1,6,6,1,9,1,1,1,6,6,6,1,1,1,6,6,6,6,6,6,6,6,6,6,6,6,1,6,1,6,6,1,1,1,6,6,6,1,6,1,6,6,6,6,6,1,6,6,1,6,6,1,1,6,1,1,1,1,6,6,6,1,1,1,6,6,6,6,1,1,6,1,1,6,1,6,6,6,6,1,1,6,1,1,6,6,6,1,1,1,6,6,6,1,1,6,6,6,6,1,1,1,1,6,6,1,6,6,6,6,6,1,1,1,1,6,6,1,6,1,1,6,6,6,1,1,6,6,6,6,6,6,6,1,1,6,1,1,1,1,6,6,6,6,1,6,6,6,1,6,1,1,6,1,1,6,6,1,1,1,1,7,1,6,6,6,1,1,1,6,6,6,6,6,6,6,1,6,6,6,6,6,1,6,6,6,6,6,1,6,1,1,6,6,6,6,6,1,1,1,6,6,6,1,1,6,6,6,1,1,9,9,1,1,1,1,6,6,1,1,1,6,1,1,1,1,6,6,1,1,7,1,1,6,6,6,6,1,6,1,1,9,6,1,6,1,1,6,1,1,1,1,1,1,1,6,6,6,1,1,1,1,1,1,1,1,1,1,1,1,6,1,1,1,1,1,1,1,1,1,1,1,1,1,1,1,1,6,1,1,1,6,6,6,6,1,6,1,1,1,1,1,1,1,1,1,1,1,1,1,1,1,1,1,1,1,1,1,6,1,1,6,6,1
124,20954,QUIGLEY,100,6,6,6,1,6,1,6,6,6,1,6,1,1,1,1,1,1,1,1,6,1,6,1,1,6,6,1,1,1,1,6,6,1,6,6,1,1,1,1,1,1,1,1,6,1,1,1,1,1,6,6,1,6,6,6,1,6,6,1,1,6,6,1,6,9,9,9,9,6,6,6,6,6,6,6,6,6,1,1,6,6,6,6,6,1,1,6,6,6,6,6,6,6,6,6,6,6,6,1,6,1,6,6,1,1,1,1,1,1,1,1,1,6,6,6,6,1,1,6,6,1,6,1,1,6,1,6,6,6,6,1,6,1,9,1,1,6,6,1,1,1,1,1,1,1,1,6,1,1,1,6,1,1,1,1,1,6,1,1,6,6,6,1,1,1,1,6,6,1,1,9,1,1,1,6,6,1,6,6,1,6,1,1,1,6,1,6,6,1,6,6,1,1,1,1,6,6,6,6,6,6,6,9,1,6,9,9,1,1,6,6,6,6,1,1,6,6,6,1,1,1,1,6,6,1,1,9,6,6,1,1,1,9,6,1,1,1,1,6,6,1,1,6,1,6,6,1,1,1,1,6,6,1,1,6,1,1,6,6,6,1,6,6,1,1,1,6,1,1,6,6,1,6,6,6,1,1,1,1,1,6,9,1,1,1,1,6,6,6,6,6,1,6,6,6,6,6,6,1,1,6,6,1,1,6,1,6,1,1,6,6,6,1,6,6,6,1,6,1,6,1,1,1,6,6,1,1,1,1,6,6,9,6,6,1,6,1,6,6,1,6,1,6,1,1,6,6,1,1,1,6,6,6,6,6,1,1,1,1,1,6,1,1,1,1,6,6,6,6,6,6,6,6,6,1,1,1,1,1,1,6,6,1,1,1,1,1,1,1,6,6,6,6,1,1,1,6,1,1,1,6,1,1,1,6,6,6,1,6,6,6,1,6,6,6,6,1,6,1,1,1,1,1,1,6,6,6,6,1,1,1,1,1,6,6,1,1,1,1,1,6,6,1,6,6,6,6,6,1,6,6,6,6,6,6,6,6,1,1,1,1,6,6,1,1,6,6,6,6,1,6,1,6,1,1,1,6,6,1,6,6,1,6,1,6,6,6,6,1,1,6,1,6,1,1,6,6,1,1,1,1,1,6,1,1,1,6,6,6,6,6,6,1,6,1,6,6,6,1,1,1,1,6,6,1,1,6,1,6,1,6,6,9,1,1,6,6,6,1,1,1,6,1,1,6,6,1,6,1,6,6,6,6,6,1,6,9,9,6,6,1,1,1,1,1,1,1,1,1,9,6,6,1,1,1,1,1,1,6,1,6,6,9,1,1,1,6,6,1,1,6,6,1,1,6,1,6,1,6,6,6,6,6,1,6,1,1,9,6,6,1,1,6,1,6,6,1,1,6,1,6,1,1,9,6,6,1,1,6,1,6,6,1,1,1,6,1,6,6,6,1,6,6,6,1,1,6,1,9,9,9,9,9,9,9,9,1,6,6,1,1,6,1,6,6,1,9,1,6,1,1,1,1,6,6,6,6,6,1,1,6,1,6,6,1,1,6,6,1,1,6,1,6,1,1,6,6,6,1,1,6,1,6,6,1,1,6,6,9,1,1,1,6,9,9,6,6,6,6,1,1,6,1,1,1,1,1,6,6,1,1,6,1,1,6,6,6,6,1,6,6,1,1,6,6,6,6,6,6,1,6,1,1,6,6,6,1,1,1,6,6,6,6,6,6,6,6,1,1,1,1,1,6,6,6,6,1,1,6,6,1,1,1,6,6,1,6,1,1,6,6,6,6,6,1,6,1,1,1,1,1,6,6,6,1,6,1,6,6,1,6,6,1,1,6,1,6,1,6,6,6,1,1,6,6,1,1,6,6,6,6,1,1,1,1,1,1,1,6,6,6,1,1,6,6,1,1,1,1,6,6,1,1,1,1,1,6,6,1,6,1,1,6,6,6,6,1,1,6,6,1,1,6,1,1,6,6,6,6,6,6,6,1,6,6,6,9,1,1,1,6,6,6,1,1,1,6,6,6,1,6,6,6,6,6,6,6,6,1,6,1,6,9,1,1,1,6,6,6,1,6,6,6,6,6,6,6,1,1,6,1,6,6,1,1,6,1,1,1,1,6,6,6,1,1,1,6,6,6,6,1,1,6,1,1,6,1,6,6,6,6,1,1,6,1,1,6,6,6,1,1,9,9,9,9,9,9,9,6,6,6,1,6,1,1,6,6,1,6,6,6,6,6,1,1,1,1,6,6,1,6,1,1,6,6,6,1,1,1,6,6,6,6,6,6,1,1,1,1,1,1,1,6,6,6,6,1,6,6,6,1,6,1,1,6,1,1,6,6,1,1,1,1,7,1,6,6,6,1,1,1,6,6,6,6,6,6,6,1,6,6,6,6,6,1,6,6,6,6,6,1,6,1,1,6,6,6,6,6,1,1,1,6,6,6,1,1,1,6,6,1,1,6,6,1,1,1,1,6,6,1,1,1,6,1,1,1,1,6,6,1,1,6,1,6,6,6,6,6,1,6,1,1,1,6,1,6,1,1,6,1,1,1,1,1,1,1,6,6,1,1,1,1,1,1,1,1,1,1,1,1,1,6,1,1,1,1,1,1,1,1,1,1,1,1,1,1,1,1,6,1,1,1,6,6,6,6,1,6,1,1,1,1,1,1,1,1,1,1,1,1,6,1,1,1,1,1,1,1,1,6,1,1,6,6,1
125,20955,CHU,100,6,6,6,1,6,1,6,6,6,6,6,1,1,1,1,1,1,1,1,6,1,6,1,1,6,6,1,1,1,1,6,6,1,6,6,1,1,1,1,1,1,1,1,6,1,1,1,1,1,6,6,1,9,6,6,1,6,6,1,1,6,6,1,6,9,1,6,6,6,6,6,6,6,6,6,6,6,1,1,6,6,6,6,6,1,1,6,6,6,6,6,6,6,6,6,6,6,6,1,6,1,6,6,1,1,1,9,1,1,1,1,1,6,6,6,6,1,1,6,6,9,6,1,1,6,1,6,6,6,6,1,6,1,1,6,1,6,6,1,1,1,1,1,1,1,1,6,1,1,1,6,1,1,1,1,1,6,1,1,6,6,6,1,1,1,1,6,6,1,1,1,1,1,1,6,6,1,6,6,1,6,1,1,1,6,1,6,6,1,6,6,1,1,1,1,6,6,6,6,6,6,6,6,1,6,1,6,1,1,6,6,6,6,1,6,9,6,6,1,1,1,1,6,6,1,1,1,6,6,1,1,1,1,6,1,1,1,1,6,6,1,1,6,1,6,6,1,1,1,1,6,6,1,1,6,1,1,9,9,6,1,6,6,6,1,1,6,6,6,6,6,1,6,6,6,1,1,1,1,1,6,1,6,1,1,1,6,6,6,6,6,1,6,6,6,6,6,6,1,1,6,6,1,1,6,1,6,1,1,6,6,6,1,6,6,6,1,6,1,6,1,1,1,6,6,1,1,1,1,6,6,1,6,6,1,6,1,6,6,1,6,1,6,1,1,6,6,1,1,1,6,9,6,6,6,1,1,1,1,1,6,1,1,1,1,6,6,6,6,6,6,6,6,6,1,1,6,1,1,1,6,6,1,1,1,1,1,1,1,6,6,6,6,1,1,1,6,1,1,1,6,1,1,1,6,6,6,1,6,6,6,1,6,6,6,6,1,6,1,1,1,1,1,1,6,6,6,6,1,1,1,1,1,6,6,6,1,1,1,1,6,6,1,6,6,6,6,6,1,6,6,6,6,6,6,6,6,1,1,1,1,6,6,1,1,6,6,6,6,1,6,1,6,1,1,1,6,6,1,6,6,1,6,1,6,6,6,6,1,1,6,1,6,1,9,6,6,1,1,1,1,1,6,1,1,1,6,6,6,6,6,6,1,6,1,6,6,6,1,1,1,1,6,6,1,1,6,1,6,1,6,6,1,1,1,6,6,6,1,1,6,6,1,1,6,6,1,6,1,6,6,1,1,6,1,6,1,1,6,6,1,1,1,1,1,1,1,1,1,1,6,6,1,1,1,1,1,1,6,1,6,6,1,1,1,1,6,6,1,1,6,6,1,1,6,1,6,1,6,6,6,6,6,1,6,1,1,1,6,6,1,1,6,6,6,6,1,1,6,1,6,1,1,1,6,6,1,1,6,6,6,6,1,1,1,6,1,6,6,6,1,6,6,6,1,1,6,1,1,6,1,6,1,1,1,1,1,9,9,9,1,6,1,6,6,1,1,1,6,1,1,1,1,6,6,6,6,6,6,1,6,1,6,6,1,1,6,6,1,1,6,1,6,1,1,6,6,6,1,1,6,1,6,6,1,1,6,6,1,1,1,1,6,6,6,6,6,6,6,1,1,1,1,6,1,1,1,6,6,1,1,6,1,1,6,6,6,6,1,6,6,1,1,6,6,6,6,6,6,9,6,1,1,6,6,6,1,1,1,6,6,9,6,6,6,6,6,1,1,9,6,1,6,6,6,6,1,1,6,6,1,1,1,6,6,1,6,1,1,6,6,9,6,6,1,6,1,1,1,1,1,6,6,6,1,6,1,6,6,1,6,6,1,1,6,1,6,1,6,6,6,9,9,9,9,9,1,6,1,6,6,1,1,6,1,1,1,1,1,6,6,6,1,6,6,6,1,1,1,6,6,1,1,1,1,1,6,6,1,6,1,1,6,6,1,6,1,1,6,6,1,1,6,1,1,6,6,6,6,6,6,6,1,6,1,1,1,1,1,1,9,6,6,1,1,6,6,6,1,6,6,6,6,6,6,6,6,6,1,6,1,6,1,1,1,1,6,6,1,1,6,6,6,6,6,1,1,1,1,6,1,1,1,1,1,6,6,1,1,1,6,6,1,1,1,1,6,6,1,6,1,1,6,1,1,6,1,6,6,6,6,1,1,6,1,1,1,9,9,1,1,6,6,6,6,1,1,1,6,6,6,1,6,1,6,6,6,1,6,6,6,6,6,1,1,9,9,6,6,1,6,1,1,6,6,6,1,1,6,6,6,6,6,6,6,6,1,6,1,6,1,1,6,6,6,6,1,6,6,6,1,6,6,1,6,1,1,6,6,1,1,1,1,7,1,6,6,6,1,1,1,6,6,6,6,6,6,6,1,6,6,6,6,6,1,6,6,6,6,6,1,6,1,1,6,6,6,6,6,1,1,1,6,6,6,6,1,6,6,6,1,1,6,6,1,1,1,1,6,6,1,1,1,6,1,1,1,1,6,6,1,1,7,1,6,6,6,6,6,1,6,1,1,1,6,1,6,1,1,6,1,1,1,1,1,1,1,6,6,1,1,1,1,1,1,1,1,1,1,1,1,1,6,1,1,1,1,1,1,1,1,1,1,1,1,1,1,1,1,6,1,1,1,6,6,6,6,1,6,1,1,1,1,1,1,1,1,1,1,1,1,1,1,1,1,1,1,1,1,1,6,1,1,6,6,1
126,20958,GARAMENDI,100,6,6,6,1,6,1,6,6,6,6,6,1,1,1,1,1,1,1,1,6,1,6,1,1,6,6,1,1,1,1,6,6,1,6,6,1,1,1,1,1,1,1,1,6,1,1,1,1,1,6,6,1,6,6,6,1,6,6,1,1,6,6,1,6,1,1,6,6,6,6,6,6,6,6,6,6,6,1,1,6,6,6,6,6,9,9,6,6,6,6,6,6,6,6,6,6,6,6,1,6,1,6,6,1,1,1,1,1,1,1,1,1,6,6,6,6,1,1,6,6,1,6,1,1,6,1,6,6,6,6,1,6,1,1,1,1,6,6,1,1,1,1,1,1,1,1,6,1,1,1,6,1,1,1,1,1,6,1,1,6,6,6,1,1,1,1,6,6,1,1,1,1,1,1,6,6,1,6,6,1,6,1,1,1,6,1,6,6,1,6,6,1,1,1,1,6,6,6,6,6,6,6,6,1,6,1,6,1,1,6,6,6,6,1,6,6,6,6,1,1,1,1,6,6,1,1,9,6,6,1,1,1,9,6,1,1,1,1,6,6,1,1,6,1,6,6,1,1,1,6,6,6,1,1,6,1,1,6,6,6,1,6,6,1,1,1,1,1,1,6,6,1,6,6,6,1,1,1,1,1,1,1,1,1,1,1,6,6,6,6,6,1,6,6,6,6,6,6,1,1,6,6,1,1,6,1,6,1,1,6,6,6,1,1,6,6,1,6,1,6,1,1,1,6,6,1,1,1,1,6,6,1,6,9,1,6,1,6,6,1,6,1,6,1,1,6,6,1,1,1,6,6,6,6,6,1,1,1,1,1,6,1,1,6,1,6,6,6,6,6,6,6,1,6,1,1,1,1,1,1,6,6,1,1,1,1,1,1,1,6,6,6,6,1,1,1,6,1,1,1,6,1,1,1,6,1,6,1,6,6,6,1,6,6,6,6,1,6,1,1,1,1,1,1,6,6,6,6,1,1,1,1,1,6,6,1,1,1,1,1,6,6,1,6,6,6,6,6,1,6,6,6,6,6,1,6,6,1,1,1,1,6,6,1,1,6,6,6,6,1,6,1,6,1,1,1,6,6,1,6,6,1,6,1,6,6,6,6,1,1,6,1,6,1,1,6,6,1,1,1,1,1,1,1,1,1,6,6,6,6,6,6,1,6,1,6,6,6,1,1,1,1,6,6,1,1,6,1,6,1,6,6,1,1,1,6,6,6,1,1,6,6,1,1,6,6,1,6,1,6,6,6,6,6,1,6,1,1,6,6,1,1,1,1,1,1,1,1,1,1,6,6,1,1,1,1,1,1,6,1,6,6,1,1,1,1,6,6,1,9,9,9,9,9,9,9,9,9,6,6,6,6,6,1,6,1,1,1,6,6,1,1,6,1,6,6,1,1,6,1,6,1,1,1,6,6,1,1,6,1,6,6,1,1,1,6,1,6,6,6,1,6,6,6,1,1,6,1,1,6,9,6,1,1,1,6,1,6,6,1,1,6,1,6,6,1,6,1,6,1,1,1,1,6,6,6,6,6,6,1,6,1,6,6,1,1,6,6,1,1,6,1,6,1,9,6,6,6,1,1,6,1,6,9,9,6,6,1,1,1,1,9,6,6,9,6,6,6,6,1,1,1,1,1,1,1,1,6,6,1,1,1,1,1,6,6,6,6,1,6,6,1,6,6,6,1,6,6,6,1,1,1,1,6,6,1,1,1,1,6,6,6,6,6,6,6,1,1,1,7,6,6,6,6,6,1,1,1,6,6,1,1,1,6,6,1,6,1,1,6,6,6,6,6,1,6,1,1,1,1,1,6,6,6,1,6,9,9,6,1,6,6,1,1,6,1,1,1,6,6,6,1,1,6,6,1,1,6,1,6,6,1,1,1,1,1,1,1,1,6,6,6,1,6,6,6,1,1,1,6,6,9,9,9,1,1,6,6,1,6,1,1,6,6,6,6,1,1,6,1,1,1,9,1,1,6,6,6,6,6,6,6,1,6,1,6,1,1,1,1,6,6,6,1,1,1,6,6,1,1,6,6,6,6,6,6,6,6,1,6,1,6,9,1,1,1,9,9,9,1,6,1,6,6,6,6,6,1,1,6,1,1,1,1,1,6,1,1,1,1,6,6,1,1,1,1,6,6,1,6,1,1,6,1,1,6,1,6,6,6,6,1,1,1,1,1,6,6,6,1,1,1,6,1,1,1,1,1,6,6,6,1,1,1,1,6,6,1,6,6,6,6,6,1,1,1,1,6,6,1,1,1,1,6,6,6,1,1,1,6,6,6,6,1,1,1,1,1,1,1,1,1,6,6,6,6,1,6,6,6,1,1,1,1,6,1,1,6,9,9,1,1,1,7,1,6,6,6,1,1,1,6,6,6,6,6,6,6,1,6,6,6,6,6,1,6,6,6,6,6,1,6,1,1,6,6,6,6,6,1,1,1,6,6,6,1,1,1,6,6,1,1,6,6,1,1,1,1,6,1,1,1,1,6,1,1,1,1,6,6,1,1,1,1,1,6,6,6,1,1,6,1,1,1,6,1,6,1,1,6,1,1,1,1,1,1,1,6,6,1,1,1,1,1,1,1,1,1,1,1,1,1,6,1,1,1,1,1,1,1,1,1,1,1,1,1,1,1,1,1,1,1,1,6,6,6,6,1,6,1,1,1,1,1,1,1,1,1,1,9,9,9,9,9,9,9,9,9,9,9,9,9,9,9,9,9
127,20959,DEUTCH,100,6,6,6,1,6,1,6,6,6,1,6,1,1,1,1,1,1,1,1,6,1,6,1,1,6,6,1,1,1,1,6,6,1,6,6,1,1,1,1,1,1,1,1,6,1,1,1,1,1,6,6,1,6,6,6,1,6,6,1,1,6,6,1,6,1,1,6,6,6,6,6,6,6,6,6,6,6,9,9,6,6,6,6,6,1,1,6,6,6,6,6,6,6,6,6,6,6,6,1,6,1,6,6,1,1,1,1,1,1,1,1,1,6,6,6,6,1,1,6,6,1,6,1,1,6,1,6,6,6,6,1,6,9,9,9,6,6,6,1,1,1,1,1,1,1,1,6,1,1,1,6,1,1,1,1,1,6,1,1,6,9,9,9,9,9,9,9,9,9,9,9,9,9,9,9,9,9,9,9,9,6,1,1,1,6,1,6,6,1,6,6,1,1,1,1,6,6,6,6,6,6,6,6,1,6,1,6,1,1,6,6,6,6,1,1,6,6,6,1,1,1,1,6,6,1,1,6,6,6,1,1,1,6,6,1,9,9,9,6,6,1,1,6,1,6,6,1,1,1,1,6,6,1,1,6,1,1,6,6,6,1,6,6,1,1,1,6,9,9,9,9,9,6,6,6,1,1,1,1,1,6,1,1,1,1,1,6,6,6,6,6,1,6,6,6,6,6,6,1,1,6,6,1,1,6,1,6,1,1,6,6,6,1,6,6,6,1,6,1,6,1,1,1,6,6,1,1,1,1,6,6,1,6,6,1,6,1,6,6,1,6,1,6,1,1,6,6,1,1,1,6,6,6,6,6,6,1,1,1,1,1,1,1,1,1,6,6,6,6,1,6,6,1,6,1,1,1,1,1,1,6,6,1,1,1,1,1,1,1,6,6,6,6,1,1,1,6,1,1,1,6,1,1,1,6,6,6,1,6,6,6,1,6,6,6,6,1,6,1,1,1,1,1,1,6,6,6,6,1,1,1,1,1,6,6,1,1,1,1,1,6,6,1,6,6,6,6,6,1,6,6,6,6,6,6,9,9,9,9,9,9,9,9,9,9,9,9,9,9,9,9,9,9,9,9,9,9,9,9,9,9,9,9,9,6,6,6,6,1,1,6,1,6,1,1,6,6,1,1,1,1,1,1,1,1,1,6,6,6,6,6,6,1,6,1,6,6,6,1,1,1,1,6,6,1,1,6,1,6,1,6,6,1,1,1,6,6,6,1,1,6,6,1,1,9,9,1,6,1,6,6,6,6,6,1,6,1,1,6,6,1,1,1,1,1,1,1,1,1,1,6,6,1,1,1,1,1,1,6,1,6,6,1,1,1,1,6,6,1,1,6,6,1,1,6,1,6,1,6,6,6,6,6,1,6,1,1,1,6,6,1,1,6,6,6,6,1,1,6,1,6,1,1,1,6,6,1,1,6,1,6,6,1,1,1,6,1,6,6,6,1,6,6,6,1,1,6,1,1,6,1,6,1,1,1,1,1,6,6,1,1,6,1,6,6,1,1,1,6,1,1,1,1,6,6,6,6,6,1,1,6,1,1,9,9,9,6,6,1,1,6,1,6,1,1,6,6,6,1,1,6,1,6,6,1,6,6,1,1,1,1,1,6,6,6,6,6,6,1,1,1,1,1,1,1,1,1,6,6,1,1,6,1,1,6,6,6,6,1,6,6,1,1,6,6,6,6,6,6,1,6,1,1,6,6,6,1,1,1,6,6,6,6,6,6,6,6,1,1,1,6,1,6,6,6,1,1,1,6,6,1,1,1,6,6,9,9,1,1,6,6,6,6,6,1,6,1,1,9,9,1,6,6,6,1,6,1,6,6,1,6,6,1,1,6,1,6,1,6,6,6,1,1,6,6,1,1,6,1,6,6,1,9,1,1,1,1,1,1,6,6,6,1,6,6,6,1,1,1,6,6,1,1,1,1,1,6,6,1,6,1,1,6,6,1,6,1,1,6,6,1,1,6,1,1,6,6,6,6,6,6,9,9,9,9,9,9,1,1,1,6,6,6,1,1,6,6,6,1,6,6,6,6,6,6,6,6,6,1,6,1,6,1,9,9,9,9,9,9,1,6,6,6,6,6,6,6,1,1,6,1,1,1,1,1,6,1,1,1,1,6,6,1,1,1,1,6,6,1,6,1,1,6,1,1,6,1,6,6,6,6,1,1,6,1,1,1,6,6,1,1,1,6,6,6,1,1,1,6,6,6,1,6,6,1,6,6,1,6,6,6,6,6,1,1,1,1,6,6,1,6,1,1,6,6,6,1,1,6,6,6,6,6,6,6,1,1,1,1,1,1,1,6,6,6,6,1,6,6,6,1,6,1,1,6,1,1,6,6,1,1,1,1,7,1,6,6,6,1,1,1,6,6,6,6,6,6,6,1,6,6,6,6,6,1,6,6,6,6,6,1,6,1,1,6,6,6,6,6,1,1,1,6,6,6,1,1,6,6,6,1,1,6,6,1,1,1,1,6,6,1,1,1,6,1,1,9,9,6,6,1,1,7,1,6,6,6,6,6,1,6,1,1,1,6,1,6,1,1,6,1,1,1,1,1,1,1,6,6,1,1,1,1,1,1,1,1,1,1,1,1,1,6,1,1,1,1,1,1,1,1,1,1,1,1,1,1,1,1,6,1,1,1,6,6,6,6,1,6,1,1,1,1,1,1,1,1,1,1,1,1,1,1,1,1,1,1,1,1,1,6,1,1,6,6,1
128,20962,GRAVES,200,1,1,1,6,1,6,1,1,1,1,1,6,6,6,6,6,6,6,6,1,6,1,1,1,1,1,6,6,6,1,1,1,1,1,6,6,6,6,6,6,6,6,6,1,6,6,6,6,6,1,1,6,1,1,1,6,1,1,1,1,1,1,6,1,1,1,1,1,1,1,1,1,1,1,1,1,1,1,1,1,1,1,1,1,1,1,1,1,1,1,1,1,1,1,1,1,1,1,1,1,1,1,1,6,6,6,6,6,6,6,6,6,1,1,1,1,6,6,1,1,6,1,6,6,1,1,1,1,1,1,6,1,6,6,1,1,1,1,6,6,6,6,6,6,6,6,1,6,6,6,1,6,6,6,6,6,1,1,1,1,1,1,6,6,6,6,1,1,1,1,6,1,1,1,1,1,1,1,1,1,1,6,1,6,9,1,1,1,6,1,1,1,6,1,1,1,1,1,1,1,1,1,1,6,1,6,1,1,1,1,1,1,1,6,1,1,1,1,1,1,1,1,1,1,1,1,6,1,1,1,1,1,6,1,1,1,1,1,1,1,1,6,1,6,1,1,1,1,1,6,1,1,6,1,1,1,1,1,1,1,1,1,1,1,1,6,6,1,1,1,1,1,1,1,1,1,1,6,6,6,1,6,1,1,1,1,1,1,1,1,1,6,1,1,1,1,1,1,1,1,1,1,6,6,1,1,1,1,1,1,1,1,6,1,1,1,6,1,6,1,1,1,1,1,1,6,1,1,1,1,1,6,1,1,6,1,1,1,1,6,1,6,1,1,1,1,1,1,6,6,1,6,1,1,1,6,6,6,6,6,1,6,6,1,6,1,1,1,1,6,1,1,1,1,9,6,1,1,1,1,1,1,1,6,6,6,6,6,6,1,1,1,1,6,6,6,1,6,6,6,1,1,6,6,1,1,1,1,1,1,1,1,1,1,1,1,6,1,6,6,6,6,6,6,1,1,1,1,6,6,6,6,6,1,1,1,1,1,1,1,1,1,6,1,1,1,1,1,6,1,1,1,1,1,1,1,1,6,6,6,6,1,1,6,6,1,1,6,1,6,1,6,1,6,6,6,1,1,1,1,6,6,1,1,1,1,1,1,6,6,1,6,1,6,9,1,1,6,6,6,6,6,6,6,6,6,6,1,1,1,1,1,6,1,6,1,1,1,6,6,6,6,1,1,6,6,1,1,1,1,1,1,6,6,6,1,1,1,1,6,1,1,1,1,1,1,6,1,1,1,1,6,6,1,6,1,1,1,1,1,1,1,6,1,1,6,1,1,1,6,1,1,1,6,6,6,6,6,1,1,1,1,6,6,6,6,1,1,1,1,1,1,6,6,1,6,1,1,1,1,1,1,1,6,1,1,1,6,1,1,6,6,1,1,1,1,1,6,1,1,1,1,1,6,1,1,6,6,1,1,1,1,1,1,1,1,1,1,1,1,6,1,1,1,6,6,1,1,6,1,6,1,6,1,1,6,1,1,1,1,6,1,1,1,1,1,6,1,1,1,1,1,6,1,1,1,1,1,1,6,1,6,1,1,1,1,1,1,1,6,1,1,1,1,6,1,1,1,1,6,1,6,1,1,1,6,1,6,1,1,1,1,6,6,6,1,1,1,1,1,6,6,6,1,1,1,1,1,1,1,1,1,1,6,1,1,1,1,6,1,1,1,1,1,6,1,1,1,1,1,1,1,1,1,1,1,1,1,6,1,1,1,1,1,1,1,1,1,1,6,1,6,1,1,1,1,1,1,1,1,1,1,6,1,1,6,1,1,1,1,1,1,1,1,6,1,6,1,1,1,6,1,1,1,6,1,6,1,1,1,1,1,1,6,1,6,1,6,1,1,1,1,1,1,1,1,6,1,6,1,1,1,1,1,1,1,1,1,6,1,1,1,6,1,1,1,1,1,1,1,1,1,1,1,1,1,1,1,6,1,1,6,6,1,6,1,6,1,1,1,6,1,1,1,1,1,1,1,1,1,1,1,6,1,6,1,6,1,1,1,1,1,1,1,1,1,1,1,6,1,6,1,1,1,1,1,6,1,1,1,6,1,1,9,1,1,1,1,6,6,1,1,1,1,1,6,6,6,6,1,1,6,6,6,6,1,1,1,1,1,1,1,6,6,1,1,1,1,6,1,6,6,1,6,6,6,6,1,1,1,1,6,6,1,1,1,6,1,1,1,1,1,1,1,1,1,1,6,1,1,1,6,1,6,1,1,1,6,1,1,1,1,1,6,1,1,1,9,9,9,1,1,6,6,1,1,6,1,1,1,1,1,1,6,6,1,6,1,6,1,1,1,1,1,1,1,6,1,1,1,6,1,1,6,1,1,1,1,1,1,1,1,1,1,1,1,1,1,6,6,6,1,1,1,1,1,1,1,6,1,1,1,1,1,6,1,1,1,1,1,6,1,1,1,1,1,1,1,1,1,1,6,1,1,1,1,6,1,1,1,6,1,1,1,6,6,6,6,1,1,1,1,1,1,1,1,1,1,1,1,1,1,1,1,1,1,1,1,1,6,1,1,1,1,1,1,1,1,1,1,1,1,1,1,1,1,1,1,1,6,1,1,1,1,1,1,1,1,1,1,1,1,1,1,1,1,1,1,1,1,1,1,1,1,1,1,1,1,1,1,1,1,1,1,1,1,1,1,1,1,9,9,9,9,1,1,1,1,1,1,1,1,1,1,1,9,9,1,1,1,1,1,1,1,1,1
129,20963,HUNTER,200,1,1,1,6,1,6,1,1,1,1,1,6,6,6,6,6,6,6,6,1,6,1,1,1,1,1,1,6,6,1,1,1,6,1,1,6,6,6,6,6,6,6,6,1,6,6,6,6,6,1,1,6,1,1,1,6,1,1,1,1,1,1,6,1,1,1,1,1,1,1,1,1,1,1,1,1,1,1,9,1,1,1,1,1,1,1,1,1,1,1,1,1,1,1,1,1,1,1,9,9,9,1,1,1,6,6,6,6,6,6,6,6,1,1,1,1,6,6,1,1,6,1,6,6,1,1,1,1,1,1,6,9,6,6,1,1,1,1,6,6,6,6,6,6,6,6,1,6,6,6,1,6,6,6,6,6,1,1,1,1,1,1,1,6,6,6,1,1,1,1,1,1,1,1,1,1,1,1,1,1,1,6,1,6,1,1,1,1,1,1,1,1,1,1,6,1,1,1,1,1,1,1,1,6,1,6,1,1,1,1,1,1,1,6,1,9,1,1,1,1,1,1,1,1,1,1,1,1,1,1,1,1,1,1,1,1,1,1,1,1,1,6,1,1,1,1,1,6,1,6,1,1,1,1,1,1,9,1,1,1,1,1,1,1,1,6,1,1,1,1,1,1,1,1,1,1,1,6,6,6,1,6,1,1,1,1,1,1,1,1,1,6,1,1,1,1,1,1,1,1,1,1,1,6,1,1,1,1,1,1,1,1,6,1,1,1,6,1,1,1,1,1,1,1,1,9,1,1,1,1,1,1,1,1,6,1,1,1,1,6,1,6,1,1,1,1,1,1,6,6,1,6,1,1,1,6,6,6,6,6,1,6,6,6,1,1,1,1,6,1,1,1,1,1,1,6,1,1,1,1,1,1,1,6,6,6,6,6,6,1,1,1,1,6,6,6,1,6,6,6,1,1,6,6,1,1,1,1,1,1,1,1,1,1,1,1,6,6,6,6,6,6,6,6,1,1,1,1,6,1,6,6,6,1,9,1,1,1,1,1,1,1,1,6,1,1,1,1,6,1,1,6,1,1,1,1,1,6,6,6,6,1,6,6,6,1,1,1,1,6,1,6,1,6,6,6,1,1,6,1,1,6,1,1,1,1,1,1,6,6,1,1,1,6,6,1,1,6,6,6,6,6,1,6,6,6,1,1,1,1,1,1,6,1,6,1,1,1,6,6,6,6,1,1,1,6,1,1,1,1,1,1,1,6,6,1,1,1,1,6,1,1,1,1,1,1,6,1,1,1,1,6,6,6,6,1,1,1,1,1,1,1,6,1,1,6,1,1,1,1,1,1,9,6,6,6,6,6,1,1,1,1,1,6,6,6,1,1,1,1,1,1,6,6,1,6,1,1,1,1,1,1,1,6,1,1,1,6,1,1,6,6,1,1,1,1,1,6,1,1,1,6,1,6,1,1,1,6,1,1,1,1,1,1,1,1,1,1,1,1,6,1,1,1,6,6,1,1,6,1,1,1,6,1,1,6,1,1,1,1,6,1,1,1,1,1,1,1,1,9,1,1,6,1,1,1,1,1,1,6,1,6,1,1,1,6,1,1,1,6,1,1,1,1,1,1,1,1,1,6,1,1,1,1,1,1,6,1,1,1,1,1,6,6,6,1,1,1,1,1,6,6,6,1,1,9,9,1,1,1,1,1,1,1,1,1,1,1,6,1,1,1,1,1,6,1,1,1,1,1,1,1,1,1,1,1,1,1,1,1,1,1,1,1,1,1,1,1,1,1,1,1,1,1,1,1,1,6,1,1,1,1,6,1,1,6,1,1,1,1,1,1,1,1,6,1,1,1,1,1,6,1,1,1,6,1,6,1,9,9,1,1,1,6,1,6,1,6,1,1,1,1,1,1,1,1,6,1,1,1,1,1,1,1,1,1,1,1,1,1,1,1,6,1,1,1,1,1,1,1,1,1,1,1,1,1,1,1,6,1,1,6,1,6,1,1,6,1,1,1,6,1,1,1,1,1,1,1,1,1,1,1,6,1,6,1,1,1,1,1,1,1,1,1,1,1,1,1,1,1,6,1,1,1,1,1,6,6,6,1,6,1,6,1,1,1,1,1,6,6,1,1,1,1,1,6,6,6,6,1,1,1,1,1,6,1,1,9,9,9,9,9,9,6,1,1,1,1,6,1,6,6,1,6,6,1,6,1,6,1,1,6,6,1,1,1,6,1,1,1,1,1,1,1,1,1,1,1,1,1,1,6,1,6,1,1,1,6,1,1,1,1,1,6,1,1,1,1,1,1,1,1,6,6,1,1,6,1,1,1,1,1,1,1,1,1,6,1,6,1,9,9,1,1,1,1,6,1,1,1,6,1,1,6,1,1,1,1,1,1,1,1,1,1,1,1,1,1,6,6,6,1,1,1,1,1,1,1,6,1,1,1,1,1,6,1,1,1,1,1,6,1,9,9,1,1,1,1,1,1,1,6,1,1,1,1,9,9,1,1,6,1,1,1,6,6,6,6,1,1,9,9,9,1,1,1,1,1,1,1,1,1,1,1,1,1,1,1,1,9,9,9,1,1,1,1,9,1,1,1,1,1,1,1,1,1,1,9,9,9,1,1,1,1,1,1,1,1,1,1,1,1,1,1,1,1,1,1,1,1,1,1,1,1,1,1,1,1,1,6,1,1,1,1,1,1,1,1,1,1,1,1,1,1,1,1,1,1,1,1,1,1,1,1,6,1,1,1,6,1,1,1,1,1,1,1
130,21101,REED,200,1,1,1,6,1,6,1,1,1,1,1,6,6,6,6,6,6,6,6,1,6,1,1,1,1,1,6,6,6,1,1,1,1,1,1,6,6,6,6,6,6,6,6,1,6,6,6,6,6,1,1,6,1,1,1,6,1,1,1,1,1,1,6,1,1,1,1,1,1,1,1,1,1,1,1,1,9,1,1,1,1,1,1,1,1,1,1,1,1,1,1,1,1,1,1,1,1,1,9,1,1,1,1,1,6,6,6,6,6,6,6,6,1,1,1,1,6,6,1,1,6,1,6,6,1,1,1,1,1,9,6,1,6,6,1,1,1,1,6,6,6,6,6,6,6,6,1,6,6,6,1,6,6,6,6,6,1,1,1,1,1,1,6,6,6,6,1,1,1,1,6,1,1,1,1,1,1,1,1,1,1,6,1,6,1,1,1,1,6,1,1,1,1,1,1,1,1,1,1,1,1,1,1,6,1,6,1,1,1,1,1,1,1,6,1,1,1,1,1,1,1,1,1,1,1,1,6,1,1,1,1,1,6,1,1,1,1,1,1,1,1,9,9,9,1,1,1,1,1,6,1,1,6,1,1,1,1,1,1,1,1,1,1,1,1,6,1,1,1,1,1,1,1,1,1,1,1,6,6,6,1,6,1,1,1,1,1,1,1,1,1,6,1,1,1,1,1,1,1,1,1,1,6,6,1,1,9,1,1,1,1,1,6,1,1,1,6,1,1,1,1,1,1,1,1,6,1,1,1,1,1,6,1,6,6,1,1,1,1,6,1,6,1,1,1,1,1,9,6,6,1,6,1,1,6,6,6,6,6,6,1,6,6,6,6,6,6,6,6,6,1,1,1,1,1,6,1,1,1,1,1,1,1,6,6,6,6,6,6,1,1,1,1,6,6,9,1,6,6,6,1,1,6,6,1,1,1,1,1,1,1,1,1,1,6,6,6,6,6,6,1,6,6,6,1,1,6,6,1,1,6,1,6,1,1,1,1,1,1,1,1,1,6,6,1,1,6,6,1,6,6,6,6,1,1,1,1,1,6,1,6,1,6,6,6,1,1,6,1,6,1,6,1,6,6,6,1,1,1,6,6,6,1,1,1,1,1,1,6,6,6,1,6,6,6,1,1,1,6,1,1,1,1,1,6,6,1,6,6,6,1,6,6,1,6,1,6,6,6,6,6,6,6,1,1,6,1,1,1,1,1,1,6,6,6,1,1,1,1,6,1,1,1,1,1,1,6,1,1,1,1,6,6,6,6,1,1,1,1,1,1,1,6,1,1,6,1,1,1,6,9,1,1,6,6,6,6,6,1,1,1,1,6,6,6,6,1,1,1,1,1,1,6,6,1,6,1,1,1,1,1,9,1,6,1,1,1,6,1,1,6,6,1,1,1,1,1,6,1,1,1,1,1,6,1,1,6,6,1,1,1,1,1,1,1,1,1,1,1,1,6,6,1,1,6,6,1,1,6,1,6,1,6,1,1,6,1,1,1,1,6,1,1,1,1,1,6,1,1,1,1,1,6,1,1,1,1,1,1,6,1,6,1,1,1,1,1,1,1,6,1,1,1,1,6,1,1,1,1,6,1,6,1,1,1,1,1,1,1,1,1,1,6,6,6,1,1,1,1,1,6,6,6,1,1,1,1,1,1,1,1,1,1,6,1,1,1,1,6,1,1,1,1,1,6,1,1,1,1,1,1,1,1,1,1,1,1,1,6,1,1,1,1,1,1,1,1,1,1,6,1,6,1,1,1,6,1,1,1,1,1,1,6,1,1,6,1,1,1,1,1,1,1,1,6,1,1,1,1,1,6,1,1,1,6,1,6,6,9,9,1,1,1,6,1,6,1,6,1,1,1,1,1,1,1,1,6,1,6,1,1,1,1,6,1,1,1,1,1,1,1,1,6,1,1,1,1,1,1,1,1,1,1,1,1,1,1,1,6,1,1,6,6,6,6,1,6,1,6,1,6,1,6,1,1,1,1,1,1,1,1,1,6,1,6,1,6,1,1,1,9,1,1,1,1,1,1,1,6,6,6,6,1,6,1,1,6,6,1,1,6,1,9,1,1,1,1,1,6,6,1,1,1,1,1,6,6,6,6,1,1,1,1,1,6,1,1,1,1,1,1,1,6,6,1,1,1,1,1,1,1,1,6,6,6,6,6,6,6,1,9,6,6,1,1,1,6,1,1,1,1,1,1,1,1,1,1,6,1,1,1,6,1,6,1,1,1,6,6,1,1,1,1,9,9,1,1,1,1,1,1,1,6,1,1,1,6,1,6,1,1,1,1,6,6,6,6,6,6,1,1,1,1,1,1,1,6,1,1,1,6,1,1,6,1,9,9,1,1,1,1,1,1,1,1,1,1,1,6,6,6,6,1,6,1,1,1,6,6,1,1,1,6,1,6,1,6,1,1,1,6,1,1,1,1,1,1,1,1,1,1,6,1,1,1,1,6,1,1,1,6,1,1,1,6,6,6,6,1,1,1,1,1,1,1,1,1,1,1,1,1,1,1,1,1,1,1,1,1,6,1,1,1,1,9,1,1,1,1,1,1,1,1,1,1,1,1,1,1,6,1,1,1,1,1,1,1,1,1,1,1,1,1,1,1,1,1,1,1,1,1,1,1,1,1,1,1,1,1,1,1,1,1,9,1,1,1,1,1,1,1,9,1,1,1,1,1,1,1,1,1,1,1,1,1,1,1,1,1,1,1,1,1,1,1,1
131,21102,SEWELL,100,6,6,6,1,6,1,6,6,6,1,6,1,1,1,1,1,1,1,1,6,1,6,1,1,6,6,6,9,9,9,6,6,1,6,6,1,1,1,1,1,1,1,1,6,1,1,1,1,1,6,6,1,6,6,6,1,6,6,1,1,6,6,1,6,9,1,9,6,6,6,6,6,6,6,6,6,6,1,1,6,6,6,6,6,1,1,6,6,6,6,6,6,6,6,6,6,6,6,1,6,1,6,6,1,1,1,1,1,1,1,1,1,6,6,6,6,1,1,6,6,1,6,1,1,6,1,6,6,6,6,1,6,1,1,1,1,6,6,1,1,1,1,1,1,1,1,6,1,1,1,6,1,1,1,1,1,6,1,1,6,6,6,6,1,1,1,6,6,1,1,1,1,1,1,6,6,1,6,6,1,6,1,1,1,6,1,6,6,6,6,6,1,6,1,1,6,6,6,6,6,6,6,6,1,6,1,6,1,1,6,6,6,6,1,6,6,6,6,1,1,1,1,6,6,1,1,6,6,6,1,1,1,6,6,1,1,1,1,6,6,1,1,6,6,6,6,1,1,1,6,6,6,6,1,6,1,1,6,6,6,1,6,6,6,1,1,6,1,1,6,6,1,6,6,6,1,1,1,1,1,1,1,1,1,1,1,6,6,6,6,6,1,6,6,6,6,6,6,1,1,6,6,6,1,6,1,6,1,1,6,6,6,1,6,6,6,1,6,1,6,1,1,1,9,6,6,1,1,1,6,6,6,6,6,1,6,1,6,6,1,6,1,6,1,1,6,6,1,1,1,6,9,6,6,6,6,1,6,1,1,6,1,1,6,1,6,6,6,6,6,6,6,6,6,1,1,1,1,1,1,6,6,1,1,6,1,1,1,1,6,6,6,6,1,1,1,6,1,1,1,6,1,1,1,6,6,6,1,6,6,6,1,6,6,6,6,1,6,1,1,1,1,1,1,6,6,6,6,1,1,6,1,1,6,6,1,1,1,1,1,6,6,6,6,6,6,6,6,1,6,6,6,6,6,6,6,6,1,1,1,1,6,6,1,1,6,6,6,6,1,6,1,6,1,1,1,6,6,1,6,6,1,6,1,6,6,6,6,1,1,6,1,6,1,1,6,6,1,1,1,1,1,1,1,1,1,6,6,6,6,6,6,1,6,1,6,6,6,1,1,6,1,6,6,1,1,6,1,6,1,6,6,6,1,1,6,6,6,1,1,6,6,1,1,6,6,1,6,1,6,6,6,1,6,1,6,1,1,6,6,1,1,1,1,1,1,1,1,1,6,6,6,1,1,1,1,1,1,6,1,6,6,6,1,1,1,6,6,1,1,6,6,1,1,6,1,1,1,6,6,6,6,1,1,6,1,1,6,6,6,6,1,6,1,6,6,1,1,1,1,6,1,1,6,6,6,6,1,6,1,6,6,1,1,1,6,9,9,6,6,1,6,6,6,1,1,6,1,1,1,6,6,1,1,1,6,7,6,6,1,1,6,1,6,6,1,9,1,6,1,1,1,9,9,6,6,6,6,6,1,6,1,6,9,9,9,6,6,1,1,6,1,1,1,6,9,6,6,1,1,6,6,6,6,1,6,1,1,1,1,1,1,1,1,6,6,6,6,1,1,6,6,1,1,1,1,1,6,6,1,1,6,1,6,6,6,6,6,1,6,6,1,1,6,6,6,6,6,6,1,1,1,1,6,6,6,1,1,6,6,6,6,6,6,6,6,6,1,1,6,6,6,1,6,6,1,1,1,6,6,1,1,1,1,6,1,6,1,1,6,6,6,6,6,1,6,1,1,1,1,1,1,6,6,1,1,1,6,6,1,6,6,1,1,6,1,6,1,1,6,6,1,1,6,6,1,1,6,6,6,6,1,1,1,1,1,1,1,6,6,6,1,1,6,6,9,1,1,1,6,6,1,1,1,1,1,6,9,9,9,9,9,9,9,9,9,9,9,9,9,9,9,9,1,1,6,6,6,6,6,6,6,1,6,6,1,6,1,1,1,6,6,6,1,1,1,6,6,6,6,6,6,6,6,6,6,9,6,1,6,1,6,6,1,1,1,6,6,1,1,6,1,1,6,6,6,6,1,1,6,1,6,1,1,1,6,1,1,1,1,6,6,6,1,1,1,6,6,1,9,9,9,9,9,9,9,9,9,9,9,9,9,9,9,1,1,6,6,6,1,1,1,6,6,6,9,9,9,6,6,6,1,1,1,1,6,6,1,6,6,6,6,6,1,1,9,9,9,9,9,9,9,1,6,6,6,1,1,1,6,6,6,6,6,6,9,1,6,1,1,1,1,6,6,6,6,1,6,6,6,1,6,1,9,9,1,1,6,6,1,1,1,1,7,1,6,6,6,1,1,1,6,6,6,6,6,6,6,1,6,6,6,6,6,1,6,6,6,6,6,1,6,1,1,6,6,6,6,1,1,1,1,6,6,6,1,1,1,6,6,1,1,6,6,1,1,1,1,1,6,1,1,1,6,1,1,1,1,6,6,1,1,7,1,1,6,6,6,6,1,6,1,1,1,6,1,6,1,1,6,1,1,1,1,1,1,1,6,6,6,1,1,1,1,1,1,1,1,1,1,1,1,6,1,1,1,1,1,1,1,1,1,1,1,1,1,1,1,1,6,1,1,1,6,6,6,6,1,6,1,9,1,1,1,1,1,1,1,1,1,1,1,1,1,1,1,1,1,1,1,6,1,1,6,6,1
132,21103,GOSAR,200,1,1,1,6,1,6,1,1,1,1,1,6,6,6,6,6,6,6,6,1,6,1,1,1,1,1,6,6,6,1,1,1,6,1,1,6,6,6,6,6,6,6,6,1,6,6,6,6,6,1,1,6,1,1,1,6,1,1,1,1,1,1,6,1,1,1,1,1,1,1,1,1,1,1,1,1,9,1,1,1,1,1,1,1,1,1,1,1,1,1,1,1,1,1,1,1,1,1,1,1,1,9,9,6,6,6,6,6,6,6,6,6,1,1,1,1,6,6,1,1,6,1,6,6,1,1,1,1,1,1,6,1,9,9,1,1,9,9,6,6,6,6,6,6,6,6,1,6,6,6,1,6,6,6,6,6,1,1,1,1,1,1,6,6,6,6,1,1,1,1,6,1,1,1,1,1,1,1,1,1,1,6,1,6,1,1,1,1,6,1,6,1,6,1,6,1,1,1,1,1,1,1,1,6,1,6,1,1,1,1,1,1,1,6,1,1,1,1,1,1,1,1,1,1,1,1,1,1,1,1,1,1,1,1,1,1,1,1,1,1,1,6,1,6,1,1,1,6,1,6,1,1,1,1,1,1,1,1,1,1,1,1,1,1,1,6,6,1,1,1,1,1,1,1,1,1,1,6,6,6,1,6,1,1,1,1,1,1,1,1,1,6,1,1,1,1,1,1,1,1,1,1,6,6,1,1,1,1,6,1,1,1,6,1,1,1,9,9,9,9,9,1,1,1,1,1,1,1,1,1,1,1,1,1,6,1,1,1,1,9,9,9,9,9,9,1,1,1,6,6,1,6,1,1,1,6,6,6,6,6,1,6,6,1,6,1,1,1,1,6,1,1,1,1,1,6,1,1,1,1,1,1,1,6,6,6,6,6,6,1,1,1,1,6,6,6,1,6,6,6,1,1,6,6,1,1,1,1,1,1,1,1,1,1,1,1,6,1,6,6,6,6,6,6,1,1,1,1,6,6,6,6,6,1,1,1,1,1,1,1,1,1,6,1,1,6,1,1,6,1,1,1,1,1,1,1,1,6,6,6,6,1,1,6,6,1,1,1,1,6,1,6,1,1,6,6,1,1,6,1,1,6,1,1,1,1,1,1,6,6,1,6,1,6,6,1,1,6,6,6,6,6,6,6,6,6,1,1,1,1,1,1,6,1,9,9,9,9,9,9,9,9,9,9,9,9,9,9,1,1,1,1,6,6,6,6,1,6,1,6,1,1,1,1,1,1,6,1,1,1,1,6,6,1,6,1,1,1,1,1,1,1,6,1,6,6,1,1,1,1,1,1,1,6,6,6,6,6,1,1,1,1,6,6,6,6,1,1,1,1,1,1,6,6,1,6,1,1,1,1,1,1,1,6,1,1,1,6,1,1,6,6,1,1,9,1,1,6,1,1,1,6,1,6,1,1,6,6,1,1,1,1,1,1,1,1,1,1,1,1,6,1,1,1,6,6,1,1,6,1,1,1,6,1,1,6,1,6,6,1,6,1,1,1,1,6,6,1,6,6,1,1,6,1,1,1,1,1,1,6,1,6,1,1,6,1,1,1,6,6,1,1,1,1,1,1,1,1,1,6,1,6,1,9,9,9,6,6,1,1,1,1,9,6,6,1,1,1,1,1,1,1,6,6,1,1,1,1,1,1,1,1,1,1,1,1,1,9,6,1,6,1,1,1,6,1,1,1,1,1,6,1,1,1,1,1,1,1,6,1,1,1,1,1,1,1,1,1,1,6,1,6,1,9,9,6,1,1,1,1,1,1,6,1,1,6,1,1,1,1,1,1,1,1,6,1,6,6,1,1,6,1,1,1,6,1,6,1,1,1,1,1,1,6,1,6,1,6,1,1,1,9,9,1,1,1,6,1,6,1,6,1,1,6,1,1,1,1,6,9,9,1,6,1,6,9,1,1,1,1,1,1,1,9,1,6,1,1,6,1,1,6,6,1,6,1,6,1,6,1,6,1,1,1,1,1,1,1,1,1,1,1,6,1,6,1,1,1,1,1,1,1,1,1,6,1,1,1,6,1,1,1,1,1,1,1,1,1,1,1,6,6,1,1,1,1,1,1,6,6,1,1,1,9,1,1,6,6,6,1,1,6,6,1,6,1,1,1,6,1,1,1,6,6,1,6,1,1,6,1,6,6,1,6,6,1,6,1,1,1,1,6,6,6,6,1,6,1,9,1,6,1,1,9,9,1,1,6,1,1,1,6,6,6,1,1,1,6,6,1,1,1,1,6,6,1,1,1,1,1,1,1,6,6,1,1,9,9,6,1,1,1,1,1,1,6,6,6,6,1,6,1,1,1,1,1,6,1,1,1,6,1,1,6,1,1,1,1,1,1,1,1,6,1,1,1,1,1,6,6,6,1,1,1,1,1,1,1,6,1,1,1,1,1,6,1,1,1,1,1,6,1,1,1,1,1,1,1,1,6,1,6,1,1,1,1,9,9,1,1,6,1,1,1,6,6,6,6,1,1,1,1,1,1,1,1,1,1,1,6,6,6,1,6,6,1,1,1,1,6,1,6,1,1,1,1,1,6,6,1,6,1,1,1,6,1,1,1,6,6,6,1,1,1,1,1,1,1,1,1,1,6,1,6,6,1,1,1,1,1,1,6,1,1,1,6,1,1,1,6,1,1,1,1,1,1,1,1,1,1,1,1,1,1,1,1,1,1,6,6,6,1,1,6,6,6,1,1,6,1,1,1,1,6,6,6
133,21105,SCHWEIKERT,200,1,1,1,6,1,6,1,1,1,1,1,6,6,6,6,6,6,6,6,1,6,1,1,1,1,1,1,6,6,1,1,1,1,1,1,6,6,6,6,6,6,6,6,1,6,6,6,6,6,1,1,6,1,1,1,6,1,1,1,1,1,1,6,1,1,1,1,1,1,1,1,1,1,1,1,1,1,1,1,1,1,1,1,1,1,1,1,1,1,1,1,1,1,1,1,1,1,1,1,1,1,1,1,1,6,6,6,6,6,6,6,6,1,1,1,1,6,6,1,1,6,1,6,6,1,1,1,1,1,1,6,1,6,6,1,1,1,1,6,6,6,6,6,6,6,6,1,6,6,6,1,6,6,6,6,6,1,1,1,1,1,1,1,6,6,6,1,1,1,1,1,1,1,1,1,9,1,1,1,1,1,6,1,6,1,1,1,1,1,1,1,1,1,1,1,1,1,1,1,1,1,1,1,6,1,6,1,1,1,1,1,1,1,6,1,1,1,1,1,1,1,1,1,1,1,1,1,1,1,1,1,1,1,1,1,1,1,1,1,1,1,6,1,1,1,1,1,6,1,1,1,1,1,1,1,1,1,1,1,1,1,1,1,1,1,6,6,1,1,1,1,1,1,1,1,1,1,6,6,6,1,6,1,1,1,1,1,1,1,1,1,6,1,1,1,1,1,1,1,1,1,1,1,6,1,1,1,1,1,1,1,1,6,1,1,1,6,1,1,1,1,1,1,1,1,1,1,1,1,1,1,1,1,1,6,1,1,1,1,6,1,6,1,9,1,1,1,1,6,6,1,6,1,1,1,6,6,6,6,6,1,6,6,1,1,1,1,1,1,6,1,1,1,1,1,6,1,1,1,1,1,1,1,6,6,6,6,6,6,1,1,1,1,6,6,6,1,6,6,6,1,1,6,6,1,1,6,1,1,1,1,1,1,1,6,6,6,1,6,6,6,6,6,6,1,1,1,1,6,1,6,6,6,1,1,1,1,1,1,1,1,1,1,1,1,1,1,1,6,6,1,1,1,1,6,1,1,6,6,1,6,1,1,6,6,6,6,6,1,6,1,6,1,1,6,6,1,1,6,1,1,6,1,1,1,1,1,1,6,6,1,6,1,6,6,1,1,6,6,1,6,6,6,6,6,1,1,1,1,1,1,1,6,1,6,1,1,1,6,6,6,6,6,1,6,6,1,1,1,1,1,1,1,6,6,1,1,1,1,6,1,1,1,1,1,1,6,1,1,1,1,6,6,1,6,1,1,1,1,1,1,1,6,1,6,6,1,1,1,1,1,1,1,6,6,6,6,6,1,1,1,1,1,6,6,6,1,1,1,1,1,1,6,6,1,6,1,1,1,1,1,1,1,6,1,1,1,1,1,1,1,6,1,1,1,1,1,6,1,1,1,1,1,1,1,1,1,6,1,1,1,1,1,1,1,1,1,1,1,1,6,1,1,1,6,6,1,1,6,1,1,1,6,1,1,1,1,1,1,1,6,1,1,1,1,1,1,1,1,1,1,1,6,1,1,1,1,1,1,6,1,6,1,1,1,1,1,1,1,6,1,1,1,1,1,1,1,1,1,6,1,1,1,1,1,1,1,6,1,1,1,1,6,6,6,1,1,1,1,1,1,1,6,1,1,1,1,1,1,1,1,1,1,1,1,1,1,1,6,1,1,1,1,1,6,9,1,1,1,1,1,1,1,1,1,1,1,1,1,1,1,1,1,1,1,1,1,1,1,1,1,1,1,1,1,6,1,1,1,1,1,1,6,1,1,6,1,1,1,1,1,1,1,1,6,1,6,1,1,1,6,1,1,1,6,1,6,1,1,1,1,1,1,6,1,6,1,6,1,1,1,1,1,1,1,1,6,1,1,1,1,1,1,6,1,1,1,1,1,1,1,1,6,1,1,1,1,1,1,1,1,1,1,1,1,1,1,1,6,1,1,6,1,1,6,1,6,1,1,1,6,1,1,1,1,1,1,1,1,1,1,1,6,1,6,1,1,1,1,1,1,1,1,1,6,1,1,1,1,1,1,1,1,1,1,1,1,1,1,1,6,1,1,1,1,9,1,1,1,6,1,1,1,1,1,6,6,6,6,1,1,6,6,1,6,1,1,1,1,1,1,1,1,6,1,1,1,1,1,1,6,6,1,6,6,1,6,1,1,1,6,6,6,6,1,1,9,1,1,1,1,1,1,1,1,1,1,1,1,1,1,6,1,6,1,1,1,6,1,1,1,1,1,6,1,1,1,1,1,1,1,1,6,6,1,1,6,1,1,1,9,1,1,6,1,6,6,6,6,1,1,1,1,1,1,1,6,1,1,1,6,1,1,6,1,1,1,1,1,1,1,1,1,1,1,1,1,1,6,1,6,1,1,1,1,1,1,1,6,1,1,1,1,1,6,1,1,1,1,1,6,1,1,1,1,1,1,1,1,6,1,6,1,1,1,1,6,1,1,1,6,1,1,1,6,6,6,6,1,1,1,1,1,1,1,1,1,1,1,1,1,1,1,1,1,1,1,1,1,6,1,1,1,1,6,1,1,1,1,1,1,1,1,1,1,9,1,1,6,1,6,1,1,1,1,1,1,1,1,1,1,6,1,1,1,1,1,1,1,1,1,1,1,1,1,1,1,1,1,1,1,1,1,1,1,1,1,1,1,1,1,1,1,1,1,1,1,1,1,1,1,1,1,1,1,1,1,1,1,1,1,1,1,1,1,6
134,21106,CRAWFORD,200,1,1,1,6,1,6,1,1,1,1,1,6,6,6,6,9,6,6,6,1,6,1,1,1,1,1,1,6,6,1,1,1,1,1,1,6,6,6,6,6,6,6,6,1,6,6,6,6,6,1,1,6,1,1,1,6,1,1,1,1,1,1,6,1,1,1,1,1,1,1,1,1,1,1,1,1,1,1,1,1,1,1,1,1,1,1,1,1,1,1,1,1,1,1,1,1,1,1,9,9,9,9,9,9,6,6,6,6,6,6,6,6,1,1,1,1,6,6,1,1,6,1,6,6,1,1,1,1,1,1,6,1,6,6,1,1,1,1,6,6,6,6,6,6,6,6,1,6,6,6,1,6,6,6,6,6,1,1,1,1,1,1,1,6,6,6,1,1,1,1,1,1,1,1,1,1,1,1,1,1,1,6,1,6,1,1,1,1,1,1,1,1,1,1,1,1,1,1,1,1,1,1,1,6,1,6,1,1,1,1,1,1,1,6,1,1,1,1,1,1,1,1,1,1,1,1,1,1,1,1,1,1,1,1,1,1,1,1,1,1,1,6,1,1,1,1,1,1,1,1,1,1,1,1,1,1,1,1,1,1,1,9,9,9,9,9,9,1,1,1,1,1,1,1,1,1,1,6,6,6,1,6,1,1,1,1,1,1,1,1,1,6,1,1,1,1,1,1,1,1,1,1,1,6,1,1,1,1,1,1,1,1,6,1,1,1,6,1,1,1,1,1,1,1,1,1,1,1,1,1,1,1,1,6,6,1,1,1,1,6,1,6,1,1,1,1,1,1,6,6,1,6,1,1,1,6,6,6,6,6,1,6,6,6,6,1,1,1,1,6,1,1,1,1,1,6,1,1,1,1,1,1,1,6,6,6,6,6,6,1,1,1,1,6,6,6,1,6,6,6,1,1,6,6,1,9,9,9,1,1,1,1,1,1,6,1,6,1,6,6,6,6,6,6,1,1,1,1,6,6,6,6,6,1,1,1,1,1,1,1,1,1,6,1,1,6,1,1,6,1,1,1,1,1,6,1,1,6,6,6,6,1,1,6,6,1,1,6,1,6,1,6,1,6,6,6,1,1,1,1,1,6,1,1,1,1,1,1,6,6,1,6,6,6,6,1,1,6,6,6,6,6,1,6,6,6,6,1,1,1,1,1,6,1,6,1,1,1,6,6,6,6,1,1,6,6,1,1,1,1,1,1,1,6,6,1,1,9,1,6,1,1,1,1,1,1,6,1,1,1,1,6,6,6,6,1,1,1,1,1,1,1,6,1,1,6,1,1,1,1,1,1,1,6,6,6,6,6,1,1,1,1,1,6,6,6,1,1,1,1,1,1,6,6,1,6,1,1,1,1,1,1,1,6,1,1,1,1,1,1,1,6,1,1,1,1,1,6,1,1,1,1,1,1,1,1,1,6,1,1,1,1,1,1,1,1,1,1,1,1,6,1,1,1,6,6,1,1,6,1,9,1,6,1,1,1,1,1,1,1,6,1,1,1,1,1,1,1,1,1,1,1,6,1,1,1,1,1,1,6,1,6,1,9,9,9,1,1,1,6,1,1,1,1,6,1,1,1,1,6,1,6,1,1,1,1,1,1,1,1,1,1,6,6,6,1,1,1,1,1,1,6,6,1,1,1,1,1,1,1,1,1,1,6,1,1,1,1,6,1,1,1,1,1,6,1,1,1,1,1,1,1,1,1,1,1,1,1,1,1,1,1,1,1,1,1,1,1,1,1,1,1,1,1,1,1,1,1,1,1,1,1,6,1,1,6,1,1,1,1,1,1,1,1,6,1,1,1,1,1,6,1,1,1,6,1,9,9,1,1,1,1,1,6,1,6,1,6,1,1,1,1,1,1,1,1,6,1,6,1,1,1,1,1,1,1,1,1,9,1,1,1,6,1,1,1,1,1,1,1,1,1,1,1,9,9,9,9,6,1,1,6,6,1,6,1,6,1,1,1,6,1,1,1,1,1,1,1,1,1,1,1,6,1,6,1,1,1,1,1,1,1,1,1,1,1,1,1,1,6,6,6,1,6,1,6,6,6,1,1,6,1,6,1,1,1,1,1,1,6,1,1,1,1,1,6,6,6,6,1,1,6,6,1,6,1,1,1,1,1,1,1,1,6,1,1,1,1,1,1,6,6,6,6,6,6,6,1,6,1,1,6,6,1,9,9,9,1,1,1,1,1,1,1,1,9,9,9,1,1,1,6,1,6,1,1,1,6,1,1,1,1,1,6,1,1,1,1,1,1,1,1,6,6,1,1,6,1,6,1,1,1,1,6,6,6,6,6,6,1,1,1,1,1,1,1,6,1,1,1,6,1,1,6,1,1,1,1,1,1,1,1,1,1,1,1,1,1,6,6,6,6,1,1,1,1,1,1,6,1,1,9,1,1,6,1,1,1,1,1,6,1,1,1,1,1,1,1,1,1,1,6,1,1,1,1,6,1,1,1,6,1,1,1,6,6,6,6,1,1,1,1,1,1,1,1,1,1,1,1,1,1,1,1,1,1,1,1,1,6,1,1,1,1,1,1,1,1,1,1,1,1,1,1,1,1,1,1,1,1,1,1,1,1,1,1,1,1,1,1,1,1,1,1,1,1,1,1,1,1,1,1,1,1,9,9,9,9,9,9,9,9,9,9,1,1,1,1,1,1,1,1,1,1,1,1,1,1,1,1,1,1,1,1,1,1,1,1,1,1,1,1,1,6,1,1
135,21108,WOMACK,200,1,1,1,6,1,6,1,1,1,1,1,6,6,6,6,6,6,6,6,1,6,1,1,1,1,1,1,6,6,1,1,1,1,1,1,6,6,6,6,6,6,6,6,1,6,6,6,6,6,1,1,6,1,1,1,6,1,1,1,1,1,1,6,1,1,1,1,1,1,1,1,1,1,1,1,1,1,1,1,1,1,1,1,1,1,1,1,1,1,1,1,1,1,1,1,1,1,1,1,1,1,1,1,1,6,6,6,6,6,6,6,6,1,1,1,1,6,6,1,1,6,1,6,6,1,1,1,1,1,1,6,1,6,6,1,1,1,1,6,6,6,6,6,6,6,6,1,6,6,6,1,6,6,6,6,6,1,1,1,1,1,1,1,6,6,6,1,1,1,1,1,1,1,1,1,1,1,1,1,1,1,6,1,6,1,1,1,1,1,1,1,1,1,1,1,1,1,1,1,1,1,1,1,6,1,6,1,1,1,1,1,1,1,6,1,1,1,1,1,1,1,1,1,1,1,1,1,1,1,1,1,1,1,1,1,1,1,1,1,1,1,6,1,1,1,1,1,1,1,1,1,1,1,1,1,1,1,1,1,1,1,1,1,1,1,6,1,1,1,1,1,1,1,1,1,1,1,6,6,6,1,6,1,1,1,1,1,1,1,1,1,6,1,1,1,1,1,1,1,1,1,1,1,6,1,1,1,1,1,1,1,1,6,1,1,1,6,1,1,1,1,1,1,1,1,1,1,1,1,1,1,1,1,6,6,1,1,1,1,6,1,6,1,1,1,1,1,1,6,6,1,6,1,1,1,6,6,6,6,6,1,6,6,1,6,1,1,1,1,1,1,1,1,1,1,6,1,1,1,1,1,1,1,6,6,6,6,6,6,1,1,1,1,6,6,6,1,6,6,6,1,1,6,6,1,1,1,1,1,1,1,1,1,1,6,6,6,1,6,6,6,6,6,6,1,1,6,1,6,6,6,6,6,1,1,1,1,1,1,1,1,1,1,1,1,6,1,6,6,1,1,1,1,1,6,1,1,6,6,6,6,1,1,6,6,6,1,6,1,6,1,6,1,6,6,6,1,1,1,1,1,6,1,1,1,1,1,1,6,6,1,6,6,6,6,1,1,6,6,6,6,6,6,6,6,6,6,6,1,1,1,6,6,1,6,1,1,1,6,6,6,6,1,1,6,6,1,1,1,1,1,1,1,6,6,1,1,1,1,6,1,1,1,1,1,1,6,1,1,1,1,6,6,6,6,1,1,1,1,1,1,1,6,1,1,6,1,1,1,1,1,1,1,6,6,6,6,6,1,1,1,1,1,6,6,6,1,1,1,1,1,1,6,6,1,6,1,1,1,1,1,1,1,6,1,1,1,1,1,1,1,6,1,1,1,1,1,6,1,1,1,1,1,1,1,1,1,6,1,1,1,1,1,1,1,1,1,1,1,1,6,1,1,1,6,6,1,1,6,1,1,1,6,1,1,1,1,1,1,1,6,1,1,1,1,1,1,1,1,1,1,1,6,1,1,1,1,1,1,6,1,6,1,1,1,1,1,1,1,6,1,1,1,1,1,1,1,1,1,6,1,1,1,1,1,1,1,1,1,1,1,1,6,6,6,1,1,1,1,1,1,6,6,1,1,1,1,1,1,1,1,1,1,1,1,1,1,1,6,1,1,1,1,1,6,1,1,1,1,1,1,1,1,1,1,1,1,1,1,1,1,1,1,1,1,1,1,1,1,1,1,1,1,1,1,1,1,1,1,1,1,1,6,1,1,6,1,1,1,1,1,1,1,1,6,1,1,1,1,1,6,1,1,1,6,1,6,1,1,1,1,1,1,6,1,6,1,6,1,1,1,1,1,1,1,1,6,1,1,1,1,1,1,1,1,1,1,1,1,1,1,1,6,1,1,1,1,1,1,1,1,1,1,1,1,1,1,1,6,1,1,6,6,1,6,1,6,1,6,1,6,1,1,1,1,1,1,1,1,1,1,1,6,1,6,1,1,1,1,1,1,1,1,1,1,1,1,1,1,1,6,6,1,6,1,1,6,6,1,1,6,1,1,1,1,1,1,1,1,6,1,1,1,1,1,6,6,6,6,1,1,6,6,1,6,1,1,1,1,1,1,1,1,6,1,1,1,1,1,1,6,6,6,6,6,6,6,1,6,1,1,6,6,1,1,1,1,1,1,1,1,1,1,1,1,1,1,1,1,1,1,6,1,6,1,1,1,6,1,1,1,1,1,6,1,1,1,1,1,1,1,1,6,1,1,1,6,1,6,6,1,1,1,6,6,6,6,6,6,1,1,1,1,1,1,1,6,1,1,1,6,1,1,6,1,1,1,1,1,1,1,1,1,1,1,1,1,1,6,6,6,6,1,1,1,1,1,1,6,1,1,1,6,1,6,1,1,1,1,1,6,1,1,1,1,1,1,1,1,1,1,6,1,1,1,1,6,1,1,1,6,1,1,1,6,6,6,6,1,1,1,1,1,1,1,1,1,1,1,1,1,1,1,1,1,1,1,1,1,6,1,1,1,1,1,1,1,1,1,1,1,1,1,1,1,1,1,1,1,1,1,1,1,1,1,1,1,1,1,1,1,1,1,1,1,1,1,1,1,1,1,1,1,1,1,1,1,1,1,1,1,1,1,1,1,1,1,1,1,1,1,1,1,1,1,1,1,1,1,1,1,1,1,1,1,1,1,1,1,1,1,1,1,1,1,1
136,21109,DENHAM,200,1,1,1,6,1,6,1,1,1,1,9,6,9,6,6,6,1,6,6,1,6,1,1,1,1,1,6,6,6,1,1,1,1,1,1,6,6,6,6,6,6,6,6,1,6,6,6,6,6,1,1,6,1,1,1,6,1,1,1,1,1,1,6,1,1,1,1,1,1,1,1,1,1,1,1,1,1,1,1,1,1,1,1,1,1,1,1,1,1,1,1,1,1,1,1,1,1,1,1,1,1,1,1,1,6,6,6,6,6,6,6,6,1,1,1,1,6,6,1,1,6,1,6,6,1,1,1,1,1,1,6,1,6,6,1,1,1,1,6,6,6,6,6,6,6,6,1,6,6,6,1,6,6,6,6,6,1,1,1,1,1,1,6,6,6,6,1,1,1,1,6,1,1,1,1,1,1,1,1,1,1,6,1,6,1,1,1,1,6,1,1,1,6,1,1,1,1,1,1,1,1,1,1,6,1,6,1,1,1,1,1,1,1,6,1,1,1,1,1,1,1,1,1,1,1,1,6,1,1,1,1,1,6,1,1,1,1,1,1,1,1,6,1,6,1,1,1,1,1,6,1,1,6,1,1,1,1,1,1,1,1,1,1,1,1,6,1,1,1,1,1,1,1,1,1,1,1,6,6,6,1,6,1,1,1,1,1,1,1,1,1,6,1,1,1,1,1,1,1,1,1,1,1,6,1,1,1,1,1,1,1,1,6,1,1,1,6,1,1,1,1,1,1,1,1,6,1,1,1,1,1,6,1,6,6,1,1,1,1,6,1,6,1,1,1,1,1,1,6,6,1,6,1,1,1,6,6,6,6,6,1,6,6,1,6,1,6,6,6,1,1,1,1,1,1,6,1,1,1,1,1,1,1,6,6,6,6,6,6,1,1,1,1,6,6,6,1,6,6,6,1,1,6,6,1,1,1,1,1,1,1,1,1,1,6,6,6,6,6,6,6,6,6,6,1,1,6,6,6,6,6,1,6,1,1,1,1,1,1,1,1,1,6,6,6,1,6,6,6,6,6,6,6,1,6,1,1,6,6,6,6,1,6,6,6,6,1,6,6,6,6,6,1,6,6,6,6,1,1,6,1,6,1,1,1,1,1,1,6,6,6,6,6,6,6,1,1,6,6,1,6,6,6,6,6,6,6,6,6,6,1,6,6,1,6,1,1,1,6,6,6,6,6,1,6,6,1,1,1,1,1,1,6,6,6,1,1,1,1,6,1,1,1,1,1,1,6,1,1,1,1,6,6,6,6,1,9,9,1,1,1,1,6,1,1,6,1,1,1,6,1,1,1,6,6,6,6,6,1,1,1,1,6,9,9,6,1,1,1,1,1,1,6,6,1,6,1,1,1,1,1,1,1,6,1,1,1,6,1,1,6,6,1,1,1,1,1,6,1,1,1,1,1,6,1,1,6,6,1,1,1,1,1,1,1,1,1,1,1,1,6,1,1,1,6,6,6,1,6,1,6,1,6,1,1,6,1,1,1,1,6,1,1,1,1,1,6,1,1,1,1,1,6,1,1,1,1,1,1,6,1,6,1,1,1,1,1,1,1,6,1,1,1,1,6,1,1,1,1,6,1,6,1,1,1,6,1,1,1,1,1,1,9,9,9,1,1,1,1,1,6,6,6,1,1,1,1,1,1,1,1,1,1,6,1,1,1,1,6,1,1,1,1,1,6,1,1,1,1,1,1,1,1,1,1,1,9,1,6,1,1,1,1,1,1,1,1,1,1,6,1,6,1,1,1,1,9,9,9,9,9,9,6,1,1,6,1,1,1,1,1,1,1,1,6,1,1,1,1,1,6,1,1,1,6,1,6,1,1,1,1,1,1,6,1,6,1,6,1,1,1,1,1,1,1,1,6,1,6,1,1,1,1,6,1,1,1,1,6,1,1,1,6,1,1,1,1,1,1,1,1,1,1,1,1,1,1,1,6,1,1,6,6,6,6,1,6,1,9,9,9,9,9,1,1,1,1,1,1,1,1,1,6,1,6,1,6,1,1,1,1,1,1,1,1,1,1,1,6,6,6,6,1,6,1,1,6,6,1,1,6,1,6,1,1,1,1,1,6,6,1,1,1,1,1,6,6,6,6,1,1,6,6,1,6,1,1,9,9,9,1,1,6,6,1,1,1,1,6,1,6,6,6,6,6,6,6,6,6,1,1,6,6,1,1,1,6,1,1,1,1,1,1,1,1,1,1,6,1,1,1,6,1,9,9,1,1,6,6,1,1,1,1,6,1,1,1,1,1,1,1,1,6,1,1,1,6,1,6,6,1,1,1,6,6,6,6,6,6,1,1,1,1,1,1,1,6,1,1,1,6,1,1,6,1,1,1,1,1,1,1,1,1,1,1,1,1,1,6,1,6,6,1,1,1,1,1,1,6,1,1,1,6,1,6,1,1,1,6,1,6,1,1,1,1,1,1,1,1,1,1,6,1,1,1,1,6,1,1,1,6,1,1,1,6,6,6,6,1,1,1,1,1,1,1,1,1,1,1,1,1,1,1,1,1,1,1,1,1,6,1,1,1,1,9,9,9,9,9,1,1,9,9,9,1,1,1,1,1,6,1,9,9,9,9,9,9,9,9,9,9,9,9,9,1,9,1,1,1,1,1,1,1,9,9,9,9,1,1,1,1,1,1,9,1,1,1,1,1,1,9,9,9,9,9,9,9,9,9,9,9,9,9,9,9,9,9,9,9,9,9,9,9,9,9,9
137,21110,BASS,100,6,6,6,1,6,1,6,6,6,6,6,1,1,1,1,1,1,1,1,6,1,6,1,1,6,6,6,1,1,6,9,9,9,6,6,1,1,1,1,1,1,1,1,6,1,1,1,1,1,6,6,1,6,6,6,1,6,6,1,1,6,6,1,6,1,1,6,6,6,6,6,6,6,6,6,6,6,1,1,6,6,6,6,6,1,1,6,6,6,6,6,6,6,6,6,6,9,9,1,6,1,6,6,1,1,1,1,1,1,1,1,1,6,6,9,6,1,1,6,6,1,9,9,1,6,1,6,6,6,6,1,6,9,9,9,9,6,6,1,1,1,1,1,1,1,1,6,1,1,1,6,1,1,1,1,1,6,1,1,6,6,6,6,1,1,1,6,6,1,1,6,1,1,1,6,6,1,6,6,1,6,1,1,9,9,9,6,6,6,6,6,1,6,1,1,6,6,6,6,6,6,6,6,1,6,1,6,1,1,6,6,6,6,1,6,6,6,6,1,1,1,1,6,6,1,1,6,6,6,1,1,1,6,6,1,1,1,1,6,6,1,1,6,6,6,6,1,1,1,6,6,6,6,1,6,1,1,6,6,6,1,6,6,6,1,1,6,6,6,6,6,1,6,6,6,1,1,1,1,1,6,1,6,1,9,1,6,6,6,6,6,1,6,6,6,6,6,6,1,1,6,6,6,1,6,6,6,1,1,6,6,6,1,6,6,6,1,6,1,6,1,1,1,6,6,6,1,1,1,6,6,6,6,6,1,6,1,6,6,1,6,1,6,1,1,6,6,1,1,1,6,1,6,6,6,1,1,1,1,1,6,1,1,6,1,6,6,6,6,1,6,6,6,6,1,1,6,1,1,1,6,6,1,1,1,1,1,1,1,6,6,6,6,1,1,1,6,1,1,1,6,6,1,1,6,9,9,9,9,9,6,1,6,6,6,6,1,6,1,1,1,1,1,1,6,6,6,6,1,1,1,1,1,6,9,6,9,1,1,1,6,6,6,6,6,6,6,6,1,6,6,6,6,6,6,6,6,1,1,1,1,6,6,1,1,6,6,6,6,1,6,1,6,1,1,1,6,6,1,6,6,1,6,1,6,6,6,6,1,1,6,1,6,1,1,6,6,1,1,1,1,1,1,1,1,1,6,6,6,6,6,6,1,6,1,6,6,6,1,1,1,1,6,6,1,1,6,1,6,1,6,6,6,1,1,6,6,6,1,1,6,6,1,1,6,6,1,6,1,6,6,1,1,6,1,6,1,1,6,6,1,1,1,1,1,1,1,9,9,9,9,9,9,9,9,9,9,9,9,9,6,6,6,1,1,1,6,6,1,1,6,6,1,1,6,1,6,1,6,6,6,6,6,1,6,1,1,6,6,6,6,1,6,1,6,6,1,1,6,1,6,6,1,6,6,6,6,1,6,6,6,6,1,1,1,6,1,6,6,6,1,6,6,6,1,1,6,1,1,6,6,6,1,1,1,6,6,6,6,1,1,6,1,6,6,1,6,1,6,1,9,9,1,6,6,6,6,6,6,1,6,1,6,6,1,1,6,6,1,1,6,1,6,1,6,6,6,6,1,1,6,6,6,6,1,6,6,6,9,1,1,1,9,9,1,6,6,6,6,1,6,1,1,6,1,1,1,6,6,1,1,6,1,6,6,6,6,6,1,6,6,1,6,9,9,6,6,6,6,1,6,9,9,6,6,6,1,1,6,6,6,6,6,6,6,6,6,1,1,6,6,6,6,6,6,6,9,9,9,9,9,9,9,9,9,9,9,1,1,6,6,6,6,6,1,6,1,1,1,1,1,6,6,6,1,6,9,9,6,1,6,6,9,1,6,1,6,1,6,6,6,1,1,6,6,1,1,6,6,6,6,1,1,6,1,1,1,1,6,6,6,6,1,6,6,9,9,9,1,6,6,1,1,1,1,1,6,6,1,6,1,1,1,6,1,6,1,1,6,6,1,1,6,1,1,6,6,6,6,6,6,6,1,6,1,6,6,1,1,1,6,6,6,1,6,6,6,6,6,6,6,6,6,6,6,6,6,6,6,6,1,6,9,1,1,1,6,9,9,1,6,1,6,9,6,1,6,1,1,6,1,6,6,1,1,6,6,9,9,9,6,6,6,1,1,1,6,6,6,6,1,1,6,1,1,6,1,6,6,6,6,1,1,6,1,1,6,6,6,1,1,6,6,9,9,1,1,6,6,6,6,1,1,1,1,6,6,1,6,6,6,6,6,1,1,1,1,6,6,1,6,9,1,6,6,6,1,1,1,6,6,6,6,6,6,6,1,1,1,6,1,1,6,6,6,6,1,6,6,6,1,6,6,1,6,1,1,6,6,1,1,1,9,9,9,9,9,9,9,9,9,9,9,9,9,9,9,9,9,9,9,9,9,9,9,9,9,9,9,6,1,6,1,1,6,6,6,6,6,1,1,9,9,9,6,6,1,6,6,6,1,1,6,6,1,1,1,1,6,6,1,1,1,6,1,1,1,1,6,6,1,1,6,1,6,6,6,6,6,1,6,1,1,1,6,1,6,1,1,6,1,1,1,1,1,1,1,6,6,6,1,1,1,1,1,1,1,1,1,1,1,1,6,1,1,1,1,1,1,1,1,1,1,1,1,1,1,1,1,6,1,1,1,6,6,6,6,1,6,1,1,1,1,1,1,1,1,1,1,1,1,6,1,1,1,1,1,1,1,1,6,1,1,6,6,9
138,21111,TIPTON,200,1,1,1,6,1,6,1,1,1,1,1,6,6,6,6,6,6,6,1,1,6,1,1,1,1,1,6,6,6,1,1,1,1,1,1,6,6,6,6,1,6,6,6,1,6,6,6,6,6,1,1,6,1,1,1,6,1,1,1,1,1,1,6,1,1,1,1,1,1,1,1,1,1,1,1,1,1,1,1,1,1,1,1,1,1,1,1,1,1,1,1,1,1,1,1,1,1,1,1,1,1,9,9,1,6,6,6,6,6,6,6,6,1,1,1,1,6,6,1,1,6,1,6,6,1,9,9,1,1,1,6,1,6,6,1,1,1,1,6,6,6,6,6,6,6,6,1,6,6,6,1,6,6,6,6,6,1,1,1,1,1,1,6,6,6,6,1,1,1,1,6,1,1,1,1,1,1,1,1,1,1,6,1,6,1,1,1,1,6,1,1,1,6,1,1,1,1,1,1,1,1,1,1,6,1,6,1,1,1,1,1,1,1,6,1,1,1,1,1,1,1,1,1,1,1,1,6,1,1,1,1,1,6,1,1,1,1,9,1,1,1,6,1,9,1,1,1,6,1,6,1,1,6,1,1,1,1,1,1,1,1,1,1,1,1,6,6,1,1,1,1,1,1,1,1,1,1,6,6,6,1,6,1,1,1,1,1,1,1,1,1,6,1,1,1,1,1,1,1,1,1,1,6,6,1,1,1,1,1,1,1,1,6,1,1,1,6,1,1,1,1,1,1,1,1,6,1,1,1,1,1,6,1,6,6,1,1,1,1,6,1,6,1,1,1,1,1,1,6,6,1,6,1,1,1,6,6,6,6,6,1,6,6,1,6,1,1,1,1,1,1,1,1,1,1,6,1,9,9,9,1,1,1,6,6,6,6,6,6,1,1,1,1,6,6,6,1,6,6,6,1,1,6,6,1,1,1,1,1,1,1,1,1,1,6,6,6,1,6,6,6,6,6,6,1,1,6,1,6,6,6,6,6,1,1,1,1,1,1,1,1,1,6,1,1,6,1,6,6,6,1,1,6,1,1,1,1,6,6,6,6,1,1,6,6,1,1,1,1,6,1,6,6,1,6,6,1,1,6,6,1,6,1,1,1,1,1,1,1,1,6,1,6,6,6,1,1,1,6,6,1,1,1,6,1,1,1,6,1,1,1,1,6,1,6,1,1,1,6,6,6,6,1,1,1,6,1,1,1,1,1,1,6,6,6,1,1,1,1,6,1,1,1,1,1,1,6,1,1,1,1,6,6,1,6,1,1,1,1,1,1,1,6,1,1,6,1,1,1,6,1,1,1,6,6,6,6,6,1,1,1,1,6,6,6,6,1,1,1,1,1,1,6,6,1,6,1,1,1,1,1,1,1,6,1,1,1,6,1,1,6,6,1,1,1,1,1,6,1,1,1,1,1,6,1,1,6,6,1,1,1,1,1,1,1,1,1,1,1,1,6,1,1,1,6,6,1,1,6,1,6,1,6,1,1,6,1,1,1,1,6,1,1,1,1,1,6,1,1,1,1,1,6,1,1,1,1,1,1,6,1,6,1,1,1,1,1,1,1,6,1,1,1,1,6,1,1,1,1,6,1,6,1,1,1,6,1,1,1,1,1,1,6,6,6,1,1,1,1,1,6,6,6,1,1,1,1,1,1,1,1,1,1,6,1,1,1,1,6,1,1,1,1,1,6,1,1,1,1,1,1,1,1,1,1,1,1,1,6,1,1,1,1,1,1,1,1,1,1,6,1,6,1,1,1,1,1,1,1,1,1,1,6,1,1,6,1,1,1,1,1,1,1,1,6,1,1,1,1,1,6,1,1,1,6,1,6,1,1,1,1,1,1,6,1,6,1,6,1,1,1,1,1,1,1,1,6,1,6,1,1,1,1,1,1,1,1,1,6,1,1,1,6,1,9,9,1,1,1,1,1,1,1,1,1,1,1,1,6,1,1,6,6,1,6,1,6,1,6,1,6,1,1,1,1,1,1,1,1,1,1,1,6,1,6,1,6,1,1,1,1,1,1,1,1,1,1,1,6,1,6,6,1,6,1,1,6,1,1,1,6,1,1,1,1,1,1,1,6,6,1,1,1,1,1,6,6,6,6,1,1,1,1,1,6,1,1,1,1,1,1,1,6,6,1,1,1,1,6,1,6,6,6,6,6,1,6,1,1,1,1,6,6,1,1,1,6,1,1,1,1,1,1,9,9,1,1,6,1,1,1,6,1,6,1,1,1,6,1,1,1,1,9,6,1,1,1,1,1,1,1,1,6,6,1,1,6,1,6,1,1,1,1,1,1,6,6,6,6,1,1,1,1,1,1,1,6,1,1,1,6,1,1,6,1,1,1,1,1,1,1,1,1,1,1,1,1,6,6,6,6,6,1,1,1,1,1,1,6,1,1,9,6,1,6,1,1,1,1,1,6,1,1,1,1,1,1,1,1,1,1,6,1,1,1,1,9,9,1,1,6,1,1,1,6,6,6,6,1,1,1,1,1,1,1,1,1,1,1,1,1,1,1,1,1,1,1,1,1,6,1,1,1,1,1,1,1,9,9,1,1,1,9,9,1,1,1,1,1,6,1,1,1,1,1,1,1,1,1,1,1,1,1,1,1,1,1,1,1,1,1,1,1,1,1,1,1,1,1,1,1,1,1,1,1,1,1,1,1,1,1,1,1,1,1,1,1,1,1,1,1,1,1,1,1,1,1,1,1,1,1,1,1,1,1,1
139,21116,WEBSTER,200,1,1,1,6,1,6,1,1,1,1,1,6,6,6,6,6,6,6,6,1,6,1,1,1,1,1,1,6,6,1,1,1,1,1,1,6,6,6,6,6,6,6,6,1,6,6,6,6,6,1,1,6,1,1,1,6,1,1,9,9,1,1,6,1,1,1,1,1,1,1,1,1,1,1,1,1,1,1,1,1,1,9,1,1,1,1,1,1,1,1,1,1,1,1,1,1,1,1,1,1,6,1,1,6,6,6,6,6,6,6,6,6,1,1,1,1,6,6,1,1,6,1,6,6,1,1,1,1,1,1,6,1,6,6,1,6,1,1,6,6,6,6,6,6,6,6,1,6,6,6,1,6,6,6,6,6,1,1,1,1,1,1,1,6,6,6,1,1,1,1,9,1,1,1,1,1,1,1,1,1,1,6,1,6,1,1,9,9,9,1,1,1,1,1,1,1,1,1,1,1,1,1,1,6,1,6,1,1,1,1,1,1,1,6,1,1,1,1,1,1,1,1,1,1,1,1,9,1,1,1,6,1,1,1,1,1,1,1,1,1,1,6,1,1,1,1,1,6,1,1,1,1,1,1,1,1,1,1,1,1,1,1,1,1,1,6,1,1,1,1,1,1,1,1,1,1,1,6,6,6,1,6,1,1,9,9,1,1,1,1,1,6,1,1,1,1,1,1,1,1,1,1,1,6,1,1,1,1,1,1,1,1,6,1,1,1,6,1,1,1,1,1,1,1,1,1,1,1,1,1,1,1,1,1,6,6,1,1,1,6,1,6,1,1,1,1,1,1,6,6,1,6,1,1,1,6,6,6,6,6,1,6,6,1,6,1,1,1,1,1,1,1,1,1,1,6,1,9,9,9,1,1,1,6,6,6,6,6,6,1,1,1,1,6,6,6,1,6,6,6,1,9,6,6,1,1,1,1,1,1,1,1,1,1,1,1,6,1,6,6,6,6,6,6,1,1,1,1,6,6,6,6,6,1,9,9,9,1,1,1,1,1,1,1,1,1,1,1,6,1,1,1,1,1,1,9,9,9,9,9,9,9,9,9,9,9,9,9,9,9,9,9,9,9,9,9,9,9,9,9,9,9,9,9,9,9,1,1,6,6,6,6,1,6,6,1,1,6,6,6,6,6,1,6,6,6,1,1,1,1,1,1,6,1,6,1,1,1,6,6,6,6,1,1,6,6,1,1,1,1,1,1,1,6,6,6,1,1,1,6,1,1,1,1,1,1,6,1,1,1,1,6,6,1,6,1,9,9,9,1,1,1,6,1,1,6,1,1,1,1,1,1,1,6,6,6,6,6,1,1,9,9,9,9,9,9,9,9,9,1,1,1,6,6,1,6,1,1,1,1,1,1,1,6,1,1,1,1,1,1,1,6,1,1,1,1,1,6,1,1,1,1,9,1,1,1,1,6,1,1,1,1,1,1,1,1,1,1,1,1,9,9,9,9,9,9,9,9,9,9,9,1,6,1,9,1,1,1,1,1,6,1,1,1,1,1,1,1,1,1,1,1,6,1,1,1,1,1,1,6,1,6,1,9,9,9,1,1,1,6,1,1,1,1,1,1,1,1,1,6,1,1,1,1,1,1,1,1,1,1,1,1,6,6,6,1,1,1,1,1,1,1,6,6,1,9,9,1,1,1,1,1,1,1,1,1,1,1,6,1,1,1,1,1,6,9,1,1,1,1,1,1,1,1,1,1,1,1,1,1,1,1,1,1,1,1,1,1,1,1,1,1,1,1,1,6,1,1,1,1,1,1,6,1,1,6,1,1,1,1,1,1,1,1,6,1,1,1,1,1,6,1,1,1,6,1,6,1,1,1,1,1,1,6,1,6,1,6,1,1,1,1,1,1,1,1,6,1,1,1,6,1,1,6,9,9,1,1,1,1,1,1,6,1,1,1,1,1,1,1,1,1,1,1,1,1,1,1,6,1,1,6,1,1,6,1,6,1,1,1,6,1,1,1,1,1,1,1,1,1,1,1,9,1,6,1,1,9,9,9,9,9,9,9,9,9,9,9,9,6,6,6,1,1,1,1,1,1,1,1,6,1,1,1,1,1,1,1,1,6,1,1,1,1,1,1,6,6,6,1,1,6,6,1,6,1,1,1,1,1,1,1,1,6,1,1,1,1,1,1,6,6,1,6,6,1,6,1,1,1,1,6,6,1,1,1,1,1,1,1,1,1,1,9,9,9,9,9,1,1,1,6,1,6,1,1,1,6,1,1,1,1,1,6,1,1,1,1,1,1,1,1,6,6,1,1,6,1,1,1,1,1,1,1,1,1,6,6,6,9,1,1,1,1,1,1,6,1,1,1,6,1,1,6,1,1,1,1,1,1,1,1,1,1,1,1,1,1,6,6,6,1,1,1,1,1,1,1,6,1,1,1,1,1,6,1,1,1,1,1,6,1,9,1,1,1,1,1,1,1,1,6,1,1,1,1,6,1,1,1,6,1,1,9,6,6,6,6,1,1,1,1,1,1,1,1,1,1,1,1,1,6,1,1,1,1,1,1,1,6,1,1,1,1,1,1,1,1,1,1,1,1,1,1,1,1,1,1,1,1,1,1,1,1,1,1,1,1,1,1,1,1,9,1,1,1,1,1,1,1,1,1,1,1,1,1,1,1,1,1,1,1,1,1,1,1,1,1,1,1,1,1,1,1,1,9,9,9,9,9,9,9,9,9,9,9,9,9,9,9,9,9,9,9,9,9
140,21117,ROSS,200,1,1,1,6,1,6,1,1,1,1,1,6,6,6,6,6,6,6,6,1,6,1,1,1,1,1,1,6,6,1,1,1,1,1,1,6,6,6,6,6,6,6,6,1,6,6,6,6,6,1,1,6,1,1,1,6,1,1,1,1,1,1,6,1,1,1,1,1,1,1,1,1,1,1,1,1,1,1,1,1,1,1,1,1,1,1,1,1,1,1,1,1,1,1,1,1,1,1,1,1,1,1,1,1,6,6,6,6,6,6,6,6,1,1,1,1,6,6,1,1,6,1,6,6,1,1,1,1,1,1,6,1,9,6,1,1,1,1,6,6,6,6,6,6,6,6,1,6,6,6,1,6,6,6,6,6,1,1,1,1,1,1,1,6,6,6,1,1,1,1,9,1,1,1,1,1,1,1,1,1,1,6,1,6,1,1,1,1,9,1,1,1,1,1,1,1,1,1,1,1,1,1,1,6,1,6,1,1,1,1,1,1,1,6,1,1,1,1,1,1,1,1,1,1,1,1,1,1,1,1,1,1,1,1,1,1,1,1,1,1,1,6,1,1,1,1,1,1,1,1,1,1,1,1,1,1,1,1,1,1,1,1,1,1,1,6,1,1,1,1,1,1,1,1,1,1,1,6,6,6,1,6,1,1,9,9,1,1,1,1,1,6,1,1,1,1,1,1,1,1,1,1,1,6,1,1,1,1,1,1,1,1,6,1,1,1,6,1,1,1,1,1,1,1,1,1,1,1,1,1,1,1,1,1,6,1,1,1,1,6,1,6,1,1,1,1,1,1,6,6,1,6,1,1,1,6,6,6,6,6,1,6,6,6,6,1,1,1,1,1,1,1,1,1,1,6,1,1,1,1,1,1,1,6,6,6,6,6,6,1,1,1,1,6,6,6,1,6,6,6,1,1,6,6,1,1,1,1,1,1,1,1,1,1,6,6,6,1,6,6,6,6,6,6,1,1,6,1,6,6,6,6,6,1,1,1,1,1,1,1,9,9,9,9,9,9,9,9,9,9,9,9,9,9,9,9,9,9,9,9,9,9,9,9,9,9,9,9,9,9,9,9,9,9,9,9,9,9,9,9,9,9,9,9,9,9,9,9,9,9,9,9,9,9,9,9,9,9,9,9,9,9,9,9,9,9,9,9,9,9,9,9,9,9,9,9,9,9,9,9,9,9,9,9,9,9,9,9,1,1,1,1,1,6,6,1,1,1,1,6,1,1,1,1,1,1,6,1,1,1,1,6,6,1,6,1,1,1,1,1,1,1,6,1,1,6,1,9,9,9,1,1,1,6,6,6,6,6,1,1,1,1,1,6,6,6,1,1,1,1,1,1,6,6,1,6,1,1,1,1,1,1,1,6,1,1,1,1,1,1,1,6,1,1,1,1,1,6,1,1,1,1,1,1,1,1,1,6,1,1,1,1,1,1,1,1,1,1,1,1,6,1,1,1,6,6,1,1,6,1,9,1,6,1,1,1,1,1,1,1,6,1,1,1,1,1,1,1,1,1,1,1,6,1,1,1,1,1,1,6,1,6,1,1,1,1,1,1,1,6,1,1,1,1,1,1,1,1,1,6,1,1,1,1,1,1,6,1,1,1,1,1,6,6,6,1,1,1,1,1,1,6,6,1,1,1,1,1,1,1,1,1,1,1,1,1,1,1,6,1,1,1,1,1,6,1,1,1,1,1,1,1,1,1,1,1,1,1,1,1,1,1,1,1,1,1,1,1,1,1,1,1,1,1,1,1,1,1,1,1,1,1,6,1,1,6,1,1,1,1,1,1,1,1,6,1,1,1,1,1,6,1,1,1,6,1,6,1,1,1,1,1,1,6,1,6,1,6,9,1,1,1,1,1,1,1,6,1,1,1,1,1,1,1,9,9,1,1,1,1,1,1,6,1,1,1,1,1,1,1,1,1,1,1,1,1,1,1,6,1,1,6,6,1,6,1,6,1,1,1,6,1,1,1,1,1,1,1,1,1,1,1,6,1,6,1,1,1,1,1,1,1,1,1,1,1,1,1,1,6,6,6,1,6,1,1,6,6,1,1,6,1,1,9,9,9,1,1,1,6,1,1,1,1,1,6,6,6,6,1,1,6,6,1,6,1,1,1,1,1,1,1,1,6,1,1,1,1,1,1,6,6,6,6,6,6,6,6,6,1,1,6,6,1,1,1,1,1,1,1,1,1,1,1,1,9,9,9,1,1,1,6,1,6,1,1,1,6,1,1,1,1,1,6,1,9,9,1,1,1,1,1,6,1,1,1,6,1,6,1,1,1,1,6,6,6,6,6,6,1,1,1,1,1,1,1,6,1,1,1,6,1,1,6,1,1,1,1,1,1,1,1,1,1,1,1,1,1,6,6,6,6,1,1,1,1,1,1,6,1,1,1,1,1,6,1,1,1,1,1,6,1,1,1,1,1,1,1,1,6,1,6,1,1,1,1,6,1,1,1,6,1,1,1,6,6,6,6,1,1,9,9,9,1,1,1,1,1,1,1,1,1,1,1,1,1,1,1,1,6,1,1,1,1,9,9,9,1,1,1,6,1,9,9,9,9,9,1,1,1,1,1,9,9,9,9,9,9,9,9,9,9,9,9,9,9,9,9,9,9,9,9,9,9,9,9,9,9,9,9,9,9,9,1,1,1,1,1,1,1,9,9,9,9,9,9,9,9,9,9,9,9,9,9,9,9,9,9,9,9,9,9,9,9,9,9
141,21118,WILSON,100,6,6,6,1,6,1,6,6,6,1,6,1,1,1,1,1,1,1,1,6,1,9,1,1,9,6,6,1,1,6,6,6,1,6,6,1,1,1,1,1,1,1,1,6,1,1,1,1,1,6,6,1,6,6,6,9,6,6,1,1,6,6,1,6,1,1,6,6,6,6,6,6,6,6,6,6,6,1,1,6,6,9,6,6,1,1,6,6,6,6,6,6,6,6,6,6,6,6,9,9,9,6,6,1,1,1,1,1,1,1,1,1,6,6,6,6,1,1,6,6,1,6,1,1,6,1,6,6,6,6,1,6,1,1,1,1,6,6,9,1,1,1,1,1,1,1,6,1,1,1,6,1,1,1,1,1,6,1,1,6,9,6,6,1,1,1,6,6,1,1,1,1,1,1,6,6,1,6,6,1,6,1,1,1,6,1,6,6,6,6,6,1,6,1,9,6,6,6,6,6,6,6,6,1,6,9,6,1,1,6,6,6,6,1,6,6,6,6,1,1,1,1,6,6,1,1,6,6,6,1,1,1,1,6,1,1,1,1,6,6,1,1,6,6,6,6,1,1,1,1,6,6,6,1,6,1,1,6,6,6,1,6,6,9,1,1,6,1,1,6,6,1,6,6,6,1,1,1,1,1,6,1,6,1,1,1,6,6,6,6,6,1,6,6,6,6,6,6,1,1,6,6,6,1,6,6,6,9,9,9,9,9,9,9,6,6,1,6,1,6,1,1,1,6,6,6,1,1,1,6,6,9,6,6,1,6,1,6,6,1,6,1,6,1,1,6,6,1,1,1,6,1,6,6,6,1,1,1,1,1,6,1,1,6,1,6,6,6,6,6,6,6,6,6,1,1,1,1,1,1,6,6,1,1,1,1,1,1,1,6,6,6,6,1,1,1,6,1,1,1,6,1,1,1,6,6,6,1,6,6,6,1,6,6,6,6,1,6,1,1,1,1,1,1,6,6,6,6,1,1,1,1,1,6,6,1,1,1,1,1,6,6,9,6,6,6,6,6,1,6,6,6,6,6,6,6,6,1,1,1,1,6,6,1,1,6,6,6,6,1,6,1,6,1,1,1,6,6,1,6,6,1,6,1,6,6,6,6,1,1,6,1,6,1,1,1,6,1,1,1,1,1,6,1,1,1,6,6,6,6,6,6,1,6,1,6,6,6,1,1,1,1,6,6,1,1,6,1,6,1,6,6,1,1,1,6,6,6,1,9,6,6,9,9,6,6,1,6,1,6,6,1,1,6,1,6,9,9,6,6,1,1,1,1,1,1,1,9,9,9,9,9,9,9,9,9,9,9,9,9,9,9,9,9,9,9,9,9,9,1,6,6,1,1,6,1,6,1,6,6,6,6,9,9,9,9,9,9,9,9,9,1,6,1,6,6,1,1,6,1,6,1,1,9,6,6,6,1,6,1,6,6,1,1,1,9,1,6,6,6,1,6,6,6,1,1,6,1,1,6,9,6,1,1,1,1,6,6,6,1,1,6,1,6,6,1,6,1,6,1,1,1,1,6,6,6,6,6,6,1,6,1,6,6,1,1,6,6,1,1,6,1,1,1,1,6,6,6,1,9,9,9,6,6,1,6,6,1,1,9,9,9,9,9,9,9,9,9,9,9,9,9,9,9,9,9,9,6,6,1,1,6,1,1,6,6,6,6,1,6,6,1,6,6,6,6,6,6,6,1,6,1,1,6,6,9,9,9,9,9,9,9,6,6,6,6,6,1,1,1,6,9,6,6,6,6,1,1,6,6,1,1,1,6,6,1,6,1,1,6,6,6,6,6,9,6,6,1,1,1,1,6,9,6,1,6,1,6,9,9,9,9,9,9,9,9,9,9,9,9,9,1,1,6,6,6,1,6,6,9,6,9,1,1,1,1,9,9,9,6,6,9,1,6,6,1,9,9,1,6,6,1,1,1,1,1,6,6,1,6,1,9,9,9,9,9,9,9,9,9,9,9,9,1,1,6,6,6,6,6,6,6,1,9,1,1,1,9,9,9,9,6,6,1,9,6,6,6,1,6,6,6,6,6,6,6,6,6,1,6,1,6,9,1,1,9,6,6,1,1,6,1,6,6,6,1,1,1,6,6,1,1,1,9,1,6,6,9,9,9,9,9,9,9,9,9,6,9,6,6,1,1,6,1,1,6,1,6,6,6,6,1,1,6,9,9,9,6,6,9,1,1,6,6,6,9,9,9,7,6,6,1,6,1,1,6,6,1,6,6,6,6,6,1,1,1,1,6,6,1,1,1,1,6,6,6,1,1,6,6,6,6,9,6,6,1,1,6,1,1,9,9,6,6,6,6,1,6,6,6,1,6,1,1,6,1,1,6,6,1,1,1,1,7,1,6,6,6,1,1,1,6,6,6,6,6,6,6,1,6,6,6,6,6,1,6,6,6,6,6,1,6,9,9,6,6,6,6,6,1,1,1,6,6,6,1,9,9,6,6,1,1,6,6,1,1,1,1,6,6,9,1,1,6,1,1,9,9,6,6,1,1,7,1,6,6,6,6,6,1,6,9,9,9,9,1,6,9,9,9,9,1,1,1,1,1,1,6,6,1,1,1,9,9,9,9,9,9,9,9,9,9,9,9,1,1,1,1,9,1,1,1,1,1,1,1,1,1,1,6,1,1,1,6,6,6,6,1,6,1,1,1,1,1,1,1,1,1,1,1,1,6,1,1,1,1,1,1,1,1,6,1,1,6,6,1
142,21122,WOODALL,200,1,1,1,6,1,6,1,1,1,1,1,6,6,6,6,6,6,6,6,1,6,1,1,1,1,1,6,6,6,1,1,1,1,1,1,6,6,6,6,6,6,6,6,1,6,6,6,6,6,1,1,6,1,1,1,6,1,1,1,1,1,1,6,1,1,1,1,1,1,1,1,1,1,1,1,1,1,1,1,1,1,1,1,1,1,1,1,9,9,1,1,1,1,1,1,1,1,1,1,1,6,1,1,1,6,6,6,6,6,6,6,6,1,1,1,1,6,6,1,1,6,1,6,6,1,1,1,1,1,1,6,1,6,6,1,6,1,1,6,6,6,6,6,6,6,6,1,6,6,6,1,6,6,6,6,6,1,1,1,1,1,1,6,6,6,6,1,1,1,1,6,1,1,1,1,1,1,1,1,1,1,6,1,6,1,1,1,1,6,1,1,1,6,1,1,1,1,1,1,1,1,1,1,6,1,6,1,1,1,1,1,1,1,6,1,1,1,1,1,1,1,1,1,1,1,1,6,1,1,1,1,1,6,1,1,1,1,1,1,1,1,6,1,6,1,1,1,1,1,6,1,1,6,1,1,1,1,1,1,1,1,1,1,1,1,6,1,1,1,1,1,1,1,1,1,1,1,6,6,6,1,6,1,1,1,1,1,1,9,1,1,6,1,1,1,1,1,1,1,1,1,1,6,6,1,1,1,1,1,1,1,1,6,1,1,1,6,1,1,1,1,1,1,1,1,6,1,1,1,1,1,6,1,1,6,1,9,1,1,6,1,6,1,1,1,1,1,1,6,6,1,6,1,1,1,6,6,6,6,6,1,6,6,1,6,1,1,1,1,6,1,1,1,1,1,6,1,1,1,1,1,1,1,6,6,6,6,6,6,1,1,1,1,6,6,6,1,6,6,6,1,1,9,6,1,1,6,1,1,1,1,1,1,1,6,6,6,1,6,6,6,6,6,6,1,1,1,9,6,6,6,1,6,1,1,1,1,1,1,1,1,1,6,1,1,1,1,1,6,1,1,1,1,1,6,1,1,1,6,1,6,1,1,6,6,1,1,1,1,6,1,6,1,6,6,6,1,1,1,1,1,6,1,1,1,1,1,1,6,6,6,6,1,6,6,1,1,6,6,6,6,6,1,6,6,6,1,1,1,1,1,1,6,1,6,1,1,1,6,6,6,6,1,1,6,6,1,1,1,1,1,1,6,6,6,1,1,1,1,6,1,1,1,1,1,1,6,1,1,1,1,6,6,1,6,1,1,1,1,1,1,1,6,1,1,6,1,1,1,6,1,1,1,6,6,6,6,6,1,1,1,1,6,6,6,6,1,1,1,1,1,1,6,6,1,6,1,1,1,1,1,1,1,6,1,1,1,6,1,1,6,6,1,1,1,1,1,6,1,1,1,1,1,6,9,9,9,6,1,1,1,1,1,1,1,1,1,1,1,1,6,1,1,1,6,6,1,1,6,1,6,1,6,1,9,6,1,1,1,1,6,1,1,1,1,1,6,1,1,6,1,1,6,1,1,1,1,1,1,6,1,6,1,1,1,1,1,1,1,6,1,1,1,1,6,1,1,1,1,6,1,6,1,1,1,6,1,6,1,1,1,1,6,6,6,1,1,1,1,1,6,1,6,1,1,1,1,1,1,1,1,1,1,6,1,1,1,1,6,1,1,1,1,1,6,1,1,1,1,1,1,1,1,1,1,1,1,1,6,1,1,1,1,1,1,1,1,1,1,6,1,6,1,1,1,1,1,1,1,1,1,1,6,1,1,6,1,1,1,1,1,1,1,1,6,1,1,1,1,1,6,1,1,1,6,1,6,1,1,1,1,1,1,6,1,6,1,6,1,1,1,1,1,1,1,1,6,1,6,1,1,1,1,1,1,1,1,1,6,1,1,1,6,1,1,1,1,1,1,1,1,1,1,1,1,1,1,1,6,1,1,6,6,1,6,1,6,1,1,1,6,1,1,1,1,1,1,1,1,1,9,1,6,1,6,1,6,9,9,9,1,1,1,1,1,1,1,1,6,1,6,1,1,1,1,1,1,1,1,1,6,1,6,1,1,1,1,1,6,6,1,1,1,1,1,6,6,6,6,1,1,6,6,1,6,1,1,1,1,1,1,1,6,6,1,1,1,1,6,1,6,6,6,6,6,6,6,1,1,1,9,6,6,1,1,1,6,1,1,1,1,1,1,1,1,1,1,6,1,1,1,6,1,6,1,1,1,6,1,1,1,1,1,6,1,1,1,1,1,1,1,1,6,1,1,1,6,1,1,1,1,1,1,1,1,6,9,1,6,1,1,1,1,1,1,1,6,1,1,1,6,1,1,6,1,1,1,1,1,1,1,1,1,1,1,1,1,1,6,6,6,1,1,1,1,1,1,1,6,1,1,1,1,1,6,1,1,1,1,1,6,1,1,1,1,1,1,1,1,1,1,6,1,1,1,1,6,1,1,1,6,1,1,1,6,6,6,6,1,1,1,1,1,1,1,1,1,1,1,1,1,1,1,1,1,1,1,1,1,6,1,1,1,1,9,1,1,1,1,1,1,1,1,1,1,1,1,1,1,6,1,1,1,1,1,1,1,1,1,1,1,1,1,1,1,1,1,1,1,1,1,1,1,1,1,1,1,1,1,1,1,1,1,1,1,1,1,1,1,1,1,1,1,1,1,1,1,1,1,1,1,1,1,1,1,1,1,1,1,1,1,1,1,1,1,1
143,21123,SCOTT,200,1,1,1,6,1,6,1,1,1,1,1,6,6,6,6,6,6,6,6,1,6,1,1,1,1,1,1,6,6,1,1,1,1,1,1,6,6,6,6,6,6,6,6,1,6,6,6,6,6,1,1,6,1,1,1,6,1,1,1,1,1,1,6,1,1,1,1,1,1,1,1,1,1,1,1,1,1,1,1,1,1,1,1,1,1,1,1,1,1,1,1,1,1,1,1,1,1,1,1,1,6,1,1,6,6,6,6,6,6,6,6,6,1,1,1,1,6,6,1,1,6,1,6,6,1,1,1,1,1,1,6,1,6,6,1,1,1,1,6,6,6,6,6,6,6,6,1,6,6,6,1,6,6,6,6,6,1,1,1,1,1,1,1,6,6,6,1,1,1,1,1,1,1,1,1,1,1,1,1,1,1,6,1,6,1,1,1,1,1,1,1,1,1,1,1,1,1,1,1,1,1,1,1,6,1,6,1,1,1,1,1,1,1,6,1,1,1,1,1,1,1,1,1,1,1,1,1,1,1,1,1,1,1,1,1,1,1,1,1,1,1,6,1,1,1,1,1,1,1,1,1,1,1,1,1,1,1,1,1,1,1,1,1,1,1,6,1,1,1,1,1,1,1,1,1,1,1,6,6,6,1,6,1,1,1,1,1,1,1,1,1,6,1,1,1,1,1,1,1,1,1,1,6,6,1,1,1,1,1,1,1,1,6,1,1,1,6,1,1,1,1,1,1,1,1,1,1,1,1,1,1,1,1,1,6,1,1,1,1,6,1,6,1,1,1,1,1,1,6,6,1,6,1,1,1,6,6,6,6,6,1,6,6,6,6,1,1,1,1,6,1,1,1,1,1,6,1,1,1,1,1,1,1,6,6,6,6,6,6,1,1,1,1,6,6,6,1,6,6,6,1,1,6,6,1,1,1,1,1,1,1,1,1,1,1,1,6,6,6,6,6,6,6,6,1,1,1,1,6,6,6,1,6,1,1,1,1,1,1,1,1,1,1,6,1,1,1,6,6,1,1,6,1,1,1,1,1,6,6,6,6,1,6,6,6,1,1,6,1,6,1,6,1,6,6,6,1,1,1,1,1,6,1,9,1,1,1,1,6,6,1,6,1,6,6,1,1,1,6,6,6,6,6,6,6,6,1,1,1,1,1,1,6,1,6,1,1,1,6,6,6,6,1,1,6,6,1,1,1,1,1,1,1,6,6,1,1,1,1,6,1,1,1,1,1,1,6,1,1,1,1,6,6,1,6,1,1,1,1,1,1,1,6,1,1,6,1,1,1,1,1,1,1,6,6,9,6,6,1,1,1,1,1,6,6,6,1,1,1,1,1,1,6,6,1,6,1,1,1,1,1,1,1,6,1,1,1,1,1,1,1,6,1,1,1,1,1,6,1,1,1,1,1,1,1,1,1,6,1,1,1,1,1,1,1,1,1,1,1,1,6,1,1,1,6,6,1,1,6,1,9,1,9,9,9,9,1,1,1,1,6,1,1,1,1,1,1,1,1,1,1,1,6,1,1,1,1,1,1,6,1,6,1,1,1,1,1,1,1,6,1,1,1,1,6,1,1,1,1,6,1,6,1,1,1,6,1,1,1,1,1,1,6,6,6,1,1,1,1,1,6,6,6,1,1,1,1,1,1,1,1,1,1,1,1,1,1,1,6,1,1,1,1,1,6,1,1,1,1,1,1,1,1,1,1,1,1,1,1,1,1,1,1,1,1,1,1,1,1,1,1,1,1,1,1,1,1,1,1,1,1,1,6,1,1,6,1,1,1,1,1,1,1,1,6,1,6,1,1,1,6,1,1,1,6,1,6,1,1,1,1,1,1,6,1,6,1,6,1,1,1,1,1,1,1,1,6,1,1,1,1,1,1,1,1,1,1,1,1,1,1,1,6,1,1,1,1,1,1,1,1,1,1,1,1,1,1,1,6,1,1,6,6,6,1,1,6,1,6,1,6,1,1,1,1,1,1,1,1,1,1,1,6,1,6,1,1,1,1,1,1,1,1,1,1,1,1,1,1,6,6,6,1,6,1,1,6,6,6,1,6,1,1,1,1,1,1,1,1,6,1,1,1,1,1,6,6,6,6,1,1,6,6,6,6,1,1,1,1,1,1,1,1,6,1,1,1,1,9,1,6,6,6,6,6,1,6,1,1,1,1,6,6,1,1,1,1,1,1,1,1,1,1,1,1,1,1,1,1,1,1,6,1,6,1,1,1,6,1,1,1,1,1,6,1,1,1,1,1,1,1,1,6,1,1,1,6,1,6,6,1,1,1,1,1,1,6,6,6,1,1,1,1,1,1,1,6,1,1,1,6,1,1,6,1,1,1,1,1,1,1,1,1,1,1,1,1,1,6,6,6,1,1,1,1,1,1,1,6,1,1,1,1,1,1,1,1,1,1,1,6,1,1,1,1,1,1,1,1,1,1,6,1,1,1,1,6,1,1,1,6,1,1,1,6,6,6,6,1,1,1,1,1,1,1,1,1,1,1,1,1,1,1,1,1,1,1,1,1,6,1,1,1,1,1,1,1,1,1,1,1,1,1,1,1,1,1,1,1,1,1,1,1,1,1,1,1,1,1,1,1,1,1,1,1,1,1,1,1,9,9,9,9,9,9,9,9,9,9,9,9,9,9,9,1,1,1,1,1,1,1,1,1,1,1,1,1,1,1,1,1,1,1,1,6,1,1,1,1,1,1,1,1,1,1,1
144,21124,HANABUSA,100,6,9,6,1,6,1,6,6,6,1,6,1,1,1,1,1,1,1,1,6,1,6,1,1,6,6,1,1,1,6,6,6,1,6,6,1,1,1,1,1,1,1,1,6,1,1,1,1,1,6,6,1,6,6,6,1,6,6,1,1,6,6,1,6,1,1,6,6,6,6,6,6,6,6,6,6,6,1,1,6,6,6,6,6,1,1,6,6,6,6,6,6,6,6,6,6,6,6,1,6,1,6,6,1,1,1,1,1,1,1,1,1,6,6,6,6,1,1,6,6,1,6,1,1,6,1,6,6,6,6,1,6,9,1,1,1,6,6,1,1,1,1,1,1,1,1,6,1,1,1,6,1,1,1,1,1,6,1,1,6,6,6,1,1,1,1,6,6,1,1,1,1,1,1,6,6,1,6,6,1,6,1,1,1,6,1,6,6,6,6,6,1,6,1,1,6,6,6,6,6,6,6,6,1,6,1,6,1,1,6,6,6,6,1,6,6,6,6,1,1,1,1,6,6,1,1,1,6,6,1,1,1,1,6,1,1,1,1,6,6,1,1,6,6,6,6,1,1,1,1,6,6,6,1,6,1,1,6,6,6,1,6,6,6,1,1,6,1,1,6,6,1,6,6,6,1,1,1,1,1,6,1,1,1,1,1,6,6,6,6,6,1,6,6,6,6,6,6,1,1,6,6,1,1,6,6,6,1,1,6,6,6,1,6,6,6,1,6,1,6,1,1,1,6,6,1,1,1,1,6,6,6,6,6,1,6,1,6,6,1,6,1,6,1,1,6,6,1,1,1,6,1,6,6,6,6,1,1,1,1,6,1,1,6,1,6,6,6,6,6,6,6,6,6,1,1,1,1,1,1,6,6,1,1,1,1,1,1,1,6,6,6,6,1,1,1,6,1,1,1,6,1,1,6,1,6,6,1,6,6,6,1,6,6,6,6,1,6,1,1,1,1,1,1,6,6,6,6,1,1,1,1,1,6,6,1,1,1,1,1,6,6,1,6,6,6,6,6,1,6,6,6,6,6,6,6,6,1,1,1,1,6,6,1,1,6,6,6,6,1,6,1,6,1,1,1,6,6,1,6,6,1,6,1,6,6,6,6,1,1,6,1,6,1,1,6,6,1,1,1,1,1,1,1,1,1,6,6,6,6,6,6,1,6,1,6,6,6,1,1,1,1,6,6,1,1,6,1,9,9,9,9,9,9,9,9,9,9,9,1,6,6,1,1,6,6,1,6,9,6,6,6,6,6,1,6,9,9,9,9,1,1,1,1,1,1,1,1,1,6,6,6,1,1,1,1,1,1,6,1,6,6,1,1,1,1,6,6,1,1,6,6,1,1,6,1,6,1,6,6,6,6,6,1,6,1,1,1,6,6,1,1,6,1,6,6,1,1,6,1,6,1,1,1,6,6,1,1,6,1,6,6,1,1,1,6,1,1,6,6,1,6,6,6,1,1,6,1,1,6,1,6,1,1,1,1,1,6,6,1,1,6,1,6,6,1,1,1,6,1,1,1,1,1,6,6,6,6,6,1,1,1,6,6,1,1,6,6,1,1,6,1,6,1,1,6,6,6,1,1,6,6,6,6,1,6,6,6,1,9,9,9,9,9,9,9,9,9,9,9,9,9,9,9,9,1,1,6,6,1,1,6,1,6,6,6,6,6,1,6,6,1,1,6,6,6,6,9,6,1,1,1,1,6,6,6,1,1,1,6,6,6,1,6,6,6,6,1,1,6,1,6,1,6,6,1,1,1,6,6,1,1,1,6,6,1,6,1,1,6,6,6,6,6,1,6,1,1,1,1,1,6,6,6,1,6,1,6,1,1,6,6,1,1,6,1,6,1,1,6,6,1,1,6,6,1,1,1,6,6,6,1,1,1,1,1,1,1,1,6,6,1,1,6,6,1,1,1,1,6,6,1,1,1,1,1,6,6,1,6,1,1,6,6,6,6,1,1,6,6,1,1,6,1,1,6,6,6,6,6,6,6,1,6,6,1,6,1,1,1,6,6,6,1,1,1,6,6,6,6,6,6,6,6,6,6,6,6,6,6,1,6,6,1,1,1,6,6,1,1,6,1,6,6,6,6,6,1,1,6,1,6,6,1,1,6,1,1,1,1,6,6,1,1,1,1,6,6,6,6,1,1,6,1,1,6,1,6,6,6,6,1,1,6,1,1,1,6,6,1,1,9,9,9,9,1,1,6,6,6,6,1,6,1,1,6,6,1,6,6,6,6,6,9,9,1,1,6,6,1,1,1,1,6,6,6,1,1,1,6,6,6,6,6,6,1,1,1,1,1,9,9,9,9,9,9,9,9,9,9,9,9,9,9,9,9,9,9,9,9,9,9,9,9,9,9,9,9,9,9,9,9,9,9,9,9,9,9,9,9,9,9,9,9,9,9,9,9,9,9,9,9,9,9,9,9,9,9,9,9,9,9,9,9,9,9,1,6,6,6,1,1,6,6,1,1,1,1,6,6,1,1,1,6,1,1,1,1,6,6,1,1,7,1,6,6,6,6,6,1,6,1,1,1,6,1,6,9,9,9,9,9,1,1,1,1,1,6,6,1,1,9,9,9,9,9,9,9,9,9,9,9,9,9,9,9,9,9,9,9,9,9,9,9,9,9,9,9,9,9,9,9,9,9,9,9,9,9,9,9,9,9,9,9,9,9,9,9,9,9,9,9,9,9,9,9,9,9,9,9,9,9,9,9,9,9
145,21125,LABRADOR,200,1,1,1,6,1,6,1,1,1,1,1,6,6,6,6,6,6,6,6,1,6,1,1,1,1,1,1,6,6,1,1,1,6,1,1,6,6,6,6,6,6,6,6,1,6,6,6,6,6,1,1,6,1,1,1,6,6,1,6,1,1,1,6,1,1,1,1,1,1,1,1,1,1,1,1,1,9,1,1,1,1,1,1,1,1,1,1,1,1,1,1,1,1,1,1,1,1,1,1,1,6,1,1,6,6,6,6,6,6,6,6,6,1,1,1,1,6,6,1,1,6,1,6,6,1,1,1,1,1,1,6,1,6,6,1,1,1,1,6,6,6,6,6,6,6,6,1,6,6,6,1,6,6,6,6,6,1,1,1,1,1,1,1,6,6,6,1,1,1,1,1,1,1,1,1,1,1,1,1,1,1,6,1,6,1,1,1,1,1,1,1,1,1,1,1,1,1,1,1,1,1,1,1,6,1,6,1,1,1,1,1,1,1,6,1,1,1,1,1,1,1,1,1,1,1,1,1,1,1,1,1,1,1,9,9,1,1,1,1,1,1,6,1,1,1,1,1,6,1,1,1,1,1,1,1,1,1,1,1,1,1,1,1,1,1,6,1,9,9,1,1,1,1,1,1,1,1,6,6,6,1,1,1,1,1,1,1,1,1,1,1,6,1,1,1,1,1,1,1,1,1,1,9,6,1,1,9,6,6,1,1,1,6,1,1,1,6,1,1,1,6,9,9,1,1,1,1,1,1,1,1,1,1,1,6,1,1,1,1,6,1,6,1,1,1,1,1,1,6,6,1,6,1,1,1,6,6,6,6,6,1,6,6,1,9,9,9,9,9,9,9,9,9,9,9,9,9,1,1,1,9,9,9,9,9,9,9,9,9,9,9,9,9,9,9,9,9,9,9,9,9,9,9,9,9,6,1,1,1,1,1,1,1,1,1,1,6,1,6,6,6,6,6,6,1,1,1,1,6,6,6,6,6,1,1,6,1,1,1,1,1,1,1,1,1,1,1,1,6,1,1,1,1,1,1,1,1,6,6,6,6,6,1,6,6,1,1,1,1,6,1,9,1,6,6,6,1,1,9,1,1,6,1,9,1,1,1,1,6,6,1,6,1,6,6,1,6,6,6,6,6,6,6,6,6,6,6,1,1,1,1,1,6,1,6,1,1,1,6,6,6,6,1,1,6,6,1,1,1,1,1,1,1,6,6,1,1,1,1,6,1,1,1,1,1,1,6,1,1,1,1,6,6,1,6,1,9,9,1,1,1,1,6,6,1,6,1,1,1,1,1,1,1,6,6,6,6,6,1,1,1,1,1,6,6,6,1,1,1,1,1,1,6,6,1,6,1,1,1,1,1,1,1,6,1,1,1,1,1,1,1,6,1,1,1,1,1,6,1,1,1,9,9,9,1,1,1,6,1,6,1,1,1,1,1,1,9,9,1,1,6,1,1,1,6,6,1,6,9,9,9,1,6,1,1,1,1,1,1,1,6,1,1,1,1,1,1,1,6,6,1,1,6,1,1,1,1,1,1,6,1,6,1,9,9,9,1,1,6,6,1,1,1,1,1,1,1,1,1,6,1,1,1,1,1,1,6,6,9,1,1,1,6,6,6,1,1,1,1,1,1,1,6,6,1,1,1,1,1,1,1,6,1,1,1,1,1,1,6,1,1,1,1,1,6,1,1,1,1,1,1,1,6,1,1,1,1,9,9,1,1,1,1,1,1,1,6,1,1,1,1,6,1,1,1,6,1,1,1,1,1,1,6,1,1,6,1,1,1,1,1,1,1,1,6,1,6,6,9,9,6,1,1,1,6,1,6,1,1,1,1,1,1,6,1,6,1,6,1,1,1,9,9,1,1,1,6,1,1,1,6,1,1,6,1,1,9,9,9,1,1,1,6,1,1,1,1,1,1,1,1,1,1,1,9,9,9,9,9,9,9,9,9,9,9,9,9,9,9,9,9,9,9,9,9,9,9,9,9,9,9,9,9,9,9,9,9,9,9,9,9,9,9,9,9,9,9,9,9,9,9,9,9,9,9,9,9,9,9,9,9,9,9,1,1,1,1,1,1,6,1,1,1,9,1,6,1,6,6,1,1,6,6,1,6,1,6,1,1,1,1,1,1,6,1,6,1,1,9,1,6,6,1,6,6,1,6,1,1,1,1,6,6,6,1,1,1,1,1,1,1,9,9,9,9,6,1,1,1,1,1,6,6,6,6,1,1,6,1,9,1,1,1,6,6,1,1,1,1,1,1,1,6,6,1,1,6,1,9,9,9,9,9,9,9,9,9,9,9,9,6,1,1,1,1,1,6,1,1,1,6,1,6,6,1,1,1,1,1,1,1,1,6,1,1,1,1,1,6,6,6,9,1,1,1,1,1,1,6,1,1,1,1,1,6,1,1,1,1,1,6,6,1,1,1,1,1,1,1,6,1,6,1,1,9,9,6,6,1,1,6,1,1,1,6,6,6,6,1,6,1,1,1,1,1,6,9,9,1,1,1,9,9,9,9,1,1,1,1,9,9,9,1,1,6,9,9,9,9,9,9,9,1,1,6,1,1,1,6,1,9,9,1,1,1,1,1,1,1,1,1,6,1,6,1,1,1,1,1,1,1,1,1,1,1,1,1,1,1,1,1,1,1,1,1,1,1,1,1,1,1,1,1,1,1,1,1,1,1,1,1,1,1,1,1,1,1,1,6,1,1,1,1,1,1,6
146,21128,KINZINGER,200,1,1,1,6,1,6,1,1,1,1,1,6,6,6,6,6,6,6,6,1,6,1,1,1,1,1,6,6,6,1,1,1,1,1,1,6,6,6,6,6,6,6,6,1,6,6,6,6,6,1,1,6,1,1,1,6,1,1,1,1,1,1,6,1,9,9,1,1,1,1,1,1,1,1,1,1,1,1,1,1,1,1,1,1,1,1,1,1,1,1,1,1,1,1,1,1,1,1,1,1,1,1,1,1,6,6,6,6,6,6,6,6,1,1,1,1,6,6,1,1,6,1,6,6,1,1,1,1,1,1,6,1,9,6,1,1,1,1,6,6,6,6,6,6,6,6,1,6,6,6,1,6,6,6,6,6,1,1,1,1,1,1,6,6,6,6,1,1,1,1,6,1,1,1,1,1,1,1,1,1,1,6,1,6,1,1,1,1,1,1,1,1,6,1,1,1,1,1,1,1,1,1,1,6,1,6,1,1,1,1,1,1,1,6,1,1,1,1,1,1,1,1,1,1,1,1,6,1,1,1,1,1,6,1,1,1,1,1,1,1,1,6,1,6,1,1,1,1,1,6,1,1,6,1,1,1,1,1,1,1,1,1,1,1,1,6,1,1,1,1,1,1,1,1,1,1,1,6,6,6,1,6,1,1,1,1,1,1,1,1,1,6,1,1,1,1,1,1,1,1,1,1,6,6,1,1,1,1,1,1,1,1,6,1,1,1,6,1,1,1,1,1,9,1,1,6,1,1,1,1,1,6,1,6,6,1,1,1,1,6,1,6,1,1,1,1,1,1,6,6,1,6,1,1,6,6,6,6,6,6,1,6,6,6,1,6,6,1,6,1,1,1,1,1,1,6,1,1,1,1,1,1,1,6,6,6,6,6,6,1,1,1,1,6,6,6,1,6,6,6,1,1,6,6,1,1,1,1,1,1,1,1,1,1,6,6,6,6,6,6,6,6,6,1,1,1,6,6,6,6,6,6,6,1,1,1,1,1,1,1,1,1,6,6,6,6,6,6,6,6,6,6,6,1,6,1,1,6,6,6,6,1,6,6,6,1,1,6,6,6,1,6,6,1,6,6,1,1,1,6,6,6,1,1,1,1,1,1,6,6,1,1,6,6,6,1,1,6,6,6,1,6,1,6,6,6,6,6,6,6,1,6,6,1,6,1,1,1,6,6,6,6,1,1,1,6,1,1,1,1,1,1,6,6,6,1,1,1,1,6,1,1,1,1,1,1,6,1,1,1,1,6,6,6,6,1,1,1,1,1,1,1,6,1,1,6,1,1,1,6,1,1,1,6,6,6,6,6,1,1,1,1,6,6,6,6,1,1,1,1,1,1,6,6,1,6,1,1,1,1,1,1,1,6,1,1,1,6,1,1,6,6,1,1,1,1,1,6,1,1,1,6,1,6,1,1,6,6,1,1,1,1,1,1,1,1,1,1,1,1,6,1,1,1,6,6,1,1,6,1,6,1,6,1,1,6,1,1,1,1,6,1,1,1,1,1,6,1,1,1,1,1,6,1,1,1,1,1,1,6,1,6,1,1,1,1,1,1,1,6,1,1,1,1,6,1,1,1,1,6,1,6,1,1,1,6,1,1,1,1,1,1,6,6,6,1,1,1,6,1,6,6,6,1,1,1,1,1,1,1,1,1,1,6,1,1,1,1,6,1,1,1,1,1,6,1,1,1,1,1,1,1,1,1,1,1,1,1,6,1,1,1,1,1,1,1,1,1,1,6,1,6,1,1,1,1,1,1,1,1,1,1,6,1,1,6,1,1,1,1,1,1,1,1,6,1,1,1,1,1,6,1,1,1,6,1,6,1,1,1,1,1,1,6,1,6,1,6,1,1,1,1,1,1,1,1,6,1,6,1,1,1,1,1,1,1,1,1,6,1,1,1,6,1,1,1,1,1,1,1,1,1,1,1,1,1,1,1,6,1,1,6,6,6,1,1,6,1,6,1,6,1,1,1,1,1,1,1,1,1,1,1,6,1,6,1,6,1,1,1,1,1,1,1,1,1,1,1,6,6,6,6,1,6,1,1,6,6,1,1,6,1,6,9,9,9,1,1,6,6,1,1,1,1,1,6,6,6,6,1,1,6,6,1,6,1,1,1,1,1,1,1,6,6,1,1,1,1,6,1,6,1,6,6,6,6,6,6,6,1,6,6,6,1,1,1,6,1,1,1,1,1,1,1,1,1,1,6,9,9,9,6,1,6,1,1,1,6,1,1,1,1,1,6,1,1,1,1,1,1,1,1,6,1,1,1,6,1,6,6,1,1,1,6,6,6,6,9,6,1,1,1,1,1,1,1,6,1,1,1,6,1,1,9,9,9,9,1,1,1,1,1,1,1,1,1,1,1,6,6,6,6,1,1,1,1,1,1,6,1,1,1,1,1,6,1,1,1,1,1,6,1,1,1,1,1,1,1,1,1,1,6,1,1,1,1,6,1,1,1,6,1,1,1,6,6,6,6,1,1,1,1,1,1,1,1,1,1,1,1,1,1,1,1,1,1,1,1,1,6,1,1,9,9,1,1,1,1,1,1,1,1,1,1,1,1,1,1,1,6,1,1,1,1,1,1,1,1,1,1,1,1,1,1,1,1,1,1,1,1,1,1,1,1,1,1,1,1,1,1,1,1,1,1,1,1,1,1,1,1,1,1,1,1,1,1,1,1,1,9,9,9,9,9,9,9,9,9,9,9,9,9,9,9,9,1
147,21129,HULTGREN,200,1,1,1,6,1,6,1,1,1,1,1,6,6,6,6,6,6,6,6,1,6,1,1,1,1,1,1,6,6,1,1,1,1,1,1,6,6,6,6,6,6,6,6,1,6,6,6,6,6,1,1,6,1,1,1,6,1,1,1,1,1,1,6,1,1,1,1,1,1,1,1,1,1,1,1,1,1,1,1,1,1,1,1,1,1,1,1,1,1,1,1,1,1,1,1,1,1,1,1,1,1,1,1,1,6,6,6,6,6,6,6,6,1,1,1,1,6,6,1,1,6,1,6,6,1,1,1,1,1,1,6,1,6,6,1,1,1,1,6,6,6,6,6,6,6,6,1,6,6,6,1,6,6,6,6,6,1,1,1,1,1,1,1,6,6,6,1,1,1,1,1,1,1,1,1,1,1,1,1,1,1,6,1,6,1,1,1,1,1,1,1,1,1,1,1,1,1,1,1,1,1,1,1,6,1,6,1,1,1,1,1,1,1,6,1,1,1,1,1,1,1,1,1,1,1,1,1,1,1,1,1,1,1,1,1,9,9,9,1,1,1,6,1,1,1,1,1,6,1,1,1,1,1,1,1,1,1,1,1,1,1,1,1,1,1,6,1,1,1,1,1,1,1,1,1,1,1,6,6,6,1,6,1,1,1,1,1,1,1,1,1,6,1,1,1,1,1,1,1,1,1,1,1,6,1,1,1,1,1,1,1,1,6,1,1,1,6,1,1,1,1,1,1,1,1,1,1,1,1,1,1,1,1,6,6,1,1,1,1,6,1,6,1,1,1,1,1,1,6,6,1,6,1,1,1,6,6,6,6,6,1,6,6,1,6,1,1,1,6,6,1,1,1,1,1,6,1,9,1,1,1,1,1,6,6,6,6,6,6,1,1,1,1,6,6,6,1,6,6,6,1,1,6,6,1,9,9,9,1,1,1,1,1,1,6,6,1,6,6,6,6,6,6,6,1,1,1,1,6,6,6,6,6,1,1,1,1,1,1,1,1,1,1,6,1,1,1,6,6,6,1,6,1,1,1,1,1,6,6,6,6,1,6,6,6,1,1,1,6,6,1,6,6,6,6,6,1,1,6,1,1,6,1,1,1,1,1,1,6,6,1,6,1,6,6,1,1,6,6,6,6,6,1,6,6,6,1,6,1,1,1,1,6,1,6,1,1,1,6,6,6,6,1,1,1,6,1,1,1,1,1,1,1,6,6,1,1,1,1,6,1,1,1,1,1,1,6,1,1,1,9,6,6,1,6,1,1,1,1,1,1,1,6,1,1,6,1,1,1,1,1,1,1,6,6,6,6,6,1,1,1,1,1,6,6,6,1,1,1,1,1,1,6,6,1,6,1,1,1,1,1,1,1,6,1,1,1,1,1,1,1,6,1,1,1,1,1,6,1,1,1,1,1,1,1,1,1,6,1,1,1,1,1,1,1,1,1,1,1,1,6,1,1,1,6,6,1,1,6,1,1,1,6,1,1,1,1,1,1,1,6,1,1,1,1,1,1,1,1,1,1,1,6,1,1,1,1,1,1,6,1,6,1,1,1,1,1,1,1,6,1,1,1,1,1,1,1,1,1,6,1,1,1,1,1,1,1,6,1,1,1,1,6,6,6,1,1,1,1,1,1,6,6,1,1,1,1,1,1,1,1,1,1,1,1,1,1,1,6,1,1,1,1,1,6,1,1,1,1,1,1,1,1,1,1,1,1,1,1,1,1,1,1,1,1,1,1,9,9,9,1,1,1,1,1,1,1,1,1,1,1,1,6,1,1,6,1,1,1,1,1,1,1,1,6,1,1,1,1,1,6,1,1,1,6,1,6,1,1,1,1,1,1,6,1,6,1,6,1,1,1,1,1,1,1,1,6,1,1,1,1,1,1,1,1,1,1,1,1,1,1,1,6,1,1,1,1,1,1,1,1,1,1,1,1,1,1,1,6,1,1,6,1,6,1,1,6,1,1,1,6,1,1,1,1,1,1,1,1,1,1,1,6,1,6,1,1,1,1,1,1,1,1,1,1,1,1,1,1,1,6,6,1,6,1,1,6,6,1,1,6,1,1,1,1,1,1,1,1,6,1,1,1,1,1,6,6,6,6,1,1,6,6,1,6,1,1,1,1,1,1,1,1,6,1,1,1,1,1,1,6,6,6,6,6,1,6,1,1,1,1,1,6,1,1,1,1,1,1,1,1,1,1,1,1,1,1,1,1,1,1,6,1,6,1,1,1,6,1,1,1,1,1,6,1,1,1,1,1,1,1,1,6,1,1,1,6,1,6,1,1,1,1,6,6,6,6,1,6,1,1,1,1,1,1,1,6,1,1,1,6,1,1,6,1,1,1,1,1,1,1,1,1,1,1,1,1,1,6,6,6,6,1,1,1,1,1,1,6,1,1,1,1,1,6,1,1,1,1,1,6,1,1,1,1,1,1,1,1,1,1,6,1,1,1,1,6,1,1,1,6,1,1,1,6,6,6,6,1,1,1,1,1,1,1,1,1,1,1,1,1,1,1,1,1,1,1,1,1,6,1,1,1,1,9,9,9,1,1,1,1,1,1,1,1,1,1,1,1,1,1,1,1,1,1,1,1,1,1,1,1,1,9,9,9,9,9,9,9,9,9,9,9,9,9,9,9,9,9,9,9,9,9,9,9,9,9,9,9,9,9,9,9,9,9,9,9,9,9,9,9,9,9,9,9,9,9,9,9,9,9,9,9,9,9,9
148,21131,ROKITA,200,1,1,1,6,1,6,1,1,1,1,1,6,6,9,6,6,6,6,6,1,6,1,1,1,1,1,6,6,6,1,1,1,1,1,6,6,6,6,6,6,6,6,6,1,6,6,6,6,6,1,1,6,1,1,1,6,1,1,1,1,1,1,6,1,1,1,1,1,1,1,1,1,1,1,1,1,1,1,1,1,1,1,1,1,1,1,1,1,1,1,1,1,1,1,1,1,1,1,1,1,1,1,1,1,6,6,6,6,6,6,6,6,1,1,1,1,6,6,1,1,6,1,6,6,1,1,1,1,1,1,6,1,6,6,1,6,1,1,6,6,6,6,6,6,6,6,1,6,6,6,1,6,6,6,6,6,1,1,1,1,1,1,6,6,6,6,1,1,1,1,6,1,1,1,1,1,9,1,1,1,1,6,1,6,1,1,1,1,6,1,1,1,6,1,1,1,1,1,1,1,1,1,1,6,1,6,1,1,1,1,1,1,1,6,1,1,1,1,1,1,1,1,1,1,6,1,1,1,1,1,1,1,9,1,1,1,1,1,1,1,1,6,1,1,1,1,1,1,1,6,1,1,6,1,1,1,1,1,1,1,1,9,1,1,1,6,6,1,1,1,1,1,1,1,1,1,1,6,6,6,1,6,1,1,1,1,9,1,1,1,1,6,1,1,1,1,1,1,1,1,1,1,6,6,1,1,1,1,1,1,1,1,6,1,1,1,6,1,1,1,1,1,1,1,1,6,1,1,1,1,1,1,1,1,6,1,1,1,1,6,1,6,1,1,1,1,1,1,6,6,1,6,1,1,1,6,6,6,6,6,1,6,6,1,6,1,1,1,1,6,1,1,1,1,1,6,1,1,1,1,1,1,1,6,6,6,6,6,6,1,1,1,1,6,6,6,1,6,6,6,1,1,6,6,1,1,1,1,1,1,1,1,1,1,1,1,6,1,6,6,6,6,6,6,1,1,1,1,6,6,6,6,6,1,1,1,1,1,1,1,1,1,1,1,1,1,1,1,6,1,1,1,1,1,1,1,1,6,6,6,6,1,1,6,6,1,1,1,1,6,1,6,1,1,6,6,1,1,6,1,1,6,1,1,1,1,1,1,6,6,6,6,1,6,6,1,1,1,6,6,6,6,1,6,6,6,1,1,1,1,1,1,6,1,6,1,1,1,6,6,6,6,1,1,1,6,6,1,1,1,1,1,6,6,6,1,1,1,1,6,1,1,1,1,1,1,6,1,1,1,1,6,6,1,6,1,1,1,1,1,1,1,6,1,6,6,1,1,1,1,1,1,1,6,6,6,6,6,1,1,1,1,1,6,6,6,1,1,1,9,1,1,6,6,1,6,1,1,1,1,1,1,1,6,1,1,1,6,1,1,6,6,1,1,1,1,1,6,1,1,1,1,1,6,1,1,6,6,1,1,1,1,1,1,1,1,1,1,1,1,6,1,1,1,6,6,1,1,6,1,6,9,6,1,1,6,1,1,1,1,6,1,1,1,1,1,6,1,1,1,1,1,6,1,1,1,1,1,1,6,1,6,1,1,1,1,1,1,1,6,1,1,1,1,6,1,1,1,1,6,1,6,1,1,1,1,1,6,1,1,1,1,6,6,6,1,1,1,1,1,6,1,6,1,1,1,1,1,1,1,1,1,1,6,1,1,1,1,6,1,1,1,1,1,6,1,1,1,1,1,1,1,1,1,1,1,1,1,1,1,1,1,1,1,1,1,1,1,1,6,1,6,1,1,1,6,1,1,1,9,1,1,6,1,1,6,1,1,1,1,1,1,1,1,6,1,6,1,1,1,6,1,1,1,6,1,6,1,1,1,1,1,1,6,1,6,1,6,1,1,1,1,1,1,1,1,6,1,6,1,1,1,1,6,1,1,1,1,6,1,1,1,6,1,1,1,1,1,1,1,1,1,1,1,1,1,1,1,6,1,1,6,6,1,6,1,6,1,1,1,6,1,1,9,9,9,9,9,9,9,9,9,9,9,6,1,1,1,1,1,1,1,1,1,1,1,1,1,6,1,6,1,1,1,1,1,6,6,1,1,6,1,6,1,1,1,1,1,6,6,1,1,1,1,1,6,6,6,6,1,1,6,6,9,6,1,1,9,9,9,1,1,6,6,1,1,1,9,1,1,6,6,1,6,6,1,6,1,1,1,1,6,6,1,1,1,6,1,1,1,1,1,1,1,1,1,1,6,1,1,1,6,1,6,1,1,1,6,1,1,1,1,1,9,9,1,1,1,1,1,1,1,6,6,1,1,6,1,6,1,1,1,1,6,6,6,6,6,6,1,1,1,1,1,1,1,6,1,1,1,6,1,1,6,1,1,1,1,1,1,1,1,6,1,1,1,1,1,6,6,6,1,1,1,1,1,1,1,6,1,1,1,1,1,6,1,1,1,1,1,6,1,1,1,9,9,9,9,1,6,1,6,1,1,9,9,9,9,1,1,6,1,1,1,6,6,6,6,1,1,1,1,1,1,1,1,1,1,1,1,1,9,9,9,9,1,1,1,1,9,9,9,1,1,1,1,1,1,1,1,6,1,1,1,1,1,1,1,1,6,1,9,1,1,1,1,1,1,1,1,1,1,1,1,6,1,1,1,1,1,1,1,1,1,1,1,1,1,1,1,1,1,1,1,1,1,6,1,1,1,1,1,1,1,1,1,1,1,1,6,1,1,1,1,1,1,1,1,6,1,1,1,1,1,1,1
149,21132,BUCSHON,200,1,1,1,6,1,6,1,1,1,1,1,6,6,6,6,6,6,6,6,1,6,1,1,1,1,1,6,6,6,1,1,1,1,1,1,6,6,6,6,6,6,6,6,1,6,6,6,6,6,1,1,6,1,1,1,6,1,1,1,1,1,1,6,1,1,1,1,1,1,1,1,1,9,1,1,1,1,1,1,1,1,1,1,1,1,1,1,1,1,1,1,1,1,1,1,1,1,1,1,1,1,1,1,6,6,6,6,6,6,6,6,6,1,1,1,1,6,6,1,1,6,1,6,6,1,1,1,1,1,1,6,1,6,6,1,1,1,1,6,6,6,6,6,6,6,6,1,6,6,6,1,6,6,6,6,6,1,1,1,1,1,1,6,6,6,6,1,1,1,1,9,1,1,1,1,1,1,1,1,1,1,6,1,6,1,1,1,1,1,1,1,1,1,1,1,1,1,1,1,1,1,1,1,6,1,6,1,1,1,1,1,1,1,6,1,1,1,1,1,1,1,1,1,1,1,1,6,9,9,9,1,1,6,1,1,1,1,1,1,1,1,6,1,6,1,1,1,1,1,6,1,1,1,1,1,1,1,1,1,1,1,1,1,1,1,6,1,1,1,1,1,1,1,1,1,1,1,6,6,6,1,6,1,1,1,1,1,1,1,1,1,6,1,1,1,1,1,1,1,1,1,1,1,6,1,1,1,1,1,1,1,1,6,1,1,1,6,1,1,1,1,9,9,1,1,1,1,1,1,1,1,6,1,1,6,1,1,1,1,6,1,6,1,1,1,9,1,1,6,6,1,6,1,1,1,6,6,6,6,6,1,6,6,6,6,1,1,1,1,6,1,1,1,1,1,6,1,1,1,1,1,1,1,6,6,6,6,6,6,1,1,1,1,6,6,6,1,6,6,6,1,1,6,6,1,1,1,1,1,1,1,1,1,1,6,6,6,6,6,6,6,6,6,6,1,1,1,1,6,6,6,6,6,1,1,1,1,1,1,1,1,1,1,6,6,6,6,6,6,6,6,6,6,1,6,1,1,1,6,6,6,1,6,6,6,1,1,6,6,6,1,6,1,6,6,6,1,1,1,1,6,6,1,1,1,1,1,1,6,6,6,1,6,6,6,1,1,6,6,1,1,1,1,6,6,6,6,6,1,1,1,1,6,1,6,1,1,6,6,6,6,6,1,1,1,6,1,1,1,1,1,1,6,6,6,1,9,1,1,6,1,1,1,1,1,1,6,1,1,1,1,6,6,1,6,1,1,1,1,1,1,1,6,1,1,6,1,1,1,6,1,1,1,6,6,6,6,6,1,1,1,1,6,6,6,6,1,1,1,1,1,1,6,6,1,6,1,1,1,1,1,1,1,6,1,1,1,1,1,1,1,6,1,1,1,1,1,6,1,1,1,1,1,1,1,1,1,6,1,1,1,1,1,1,1,1,1,1,1,1,6,1,1,1,6,6,1,1,6,1,1,1,6,1,1,1,1,1,1,1,6,1,1,1,1,1,1,1,1,1,1,1,6,1,1,1,1,1,1,6,1,6,1,1,1,9,1,1,1,6,1,1,1,1,6,1,1,1,1,6,1,6,1,1,1,1,1,1,1,1,1,1,6,6,6,1,1,1,1,1,1,6,6,1,1,1,1,1,1,1,1,1,1,1,1,1,1,1,6,1,1,1,1,1,6,1,1,1,1,1,1,1,1,1,1,1,1,1,1,1,1,1,1,1,1,1,1,1,1,9,1,1,1,1,1,1,1,1,1,1,1,1,6,1,1,6,1,1,1,1,1,1,1,1,6,1,1,1,1,1,6,1,1,1,6,1,6,1,1,1,1,1,1,6,1,6,1,6,1,1,1,1,1,1,1,1,6,1,1,1,1,1,1,1,1,1,1,1,1,1,1,1,6,1,1,1,1,1,1,1,1,1,1,1,1,1,1,1,6,1,1,6,6,6,6,1,6,1,6,1,6,1,1,1,1,1,1,1,1,1,1,1,6,1,6,1,1,1,1,1,1,1,1,1,1,1,1,1,1,1,6,6,1,6,1,1,6,6,1,1,6,1,1,1,1,1,1,1,1,6,1,1,1,1,1,6,6,6,6,1,1,6,6,1,6,1,1,1,1,1,1,1,1,6,1,1,1,1,1,1,6,6,1,6,6,1,6,1,6,1,1,6,6,1,1,1,1,1,1,1,1,1,1,1,1,1,1,1,1,1,1,6,1,6,1,1,1,6,1,1,1,1,1,6,1,1,1,1,1,1,1,1,6,1,1,1,6,1,6,1,1,1,1,6,6,6,6,6,6,1,1,1,1,1,1,1,6,1,1,1,6,1,1,6,1,1,1,1,1,1,1,1,1,1,1,1,1,1,6,6,6,6,1,1,1,1,1,1,6,1,1,1,6,1,6,1,1,1,1,1,6,1,1,1,1,1,1,1,1,1,1,6,1,1,1,1,6,1,1,1,6,1,1,1,6,6,6,6,1,1,1,1,1,1,1,1,1,1,1,1,1,1,1,1,1,1,1,1,1,6,1,1,9,9,1,1,1,1,1,1,1,1,1,1,1,1,1,1,1,1,1,1,1,1,1,1,1,1,1,1,1,1,1,1,1,1,1,1,1,1,1,1,1,1,1,1,1,1,1,1,1,1,1,1,1,1,1,1,1,1,1,1,1,1,1,1,1,1,1,1,1,1,1,1,1,1,1,1,1,1,1,1,1,1,1,1
150,21135,YODER,200,1,1,1,6,1,6,1,1,1,1,1,6,6,6,6,6,6,6,6,1,6,1,1,1,1,1,6,6,6,1,1,1,1,1,1,6,6,6,6,6,6,6,6,1,6,6,6,6,6,1,1,6,1,1,1,6,1,1,1,1,1,1,6,1,1,1,1,1,1,1,1,1,1,1,1,1,1,1,1,1,1,1,1,1,1,1,1,1,1,1,1,1,1,1,1,1,1,1,1,1,1,1,1,1,6,6,6,6,6,6,6,6,1,1,1,1,6,6,1,1,6,1,6,6,1,1,1,1,1,1,6,1,6,6,1,1,1,1,6,6,6,6,6,6,6,6,1,6,6,6,1,6,6,6,6,6,1,1,1,1,1,1,6,6,6,6,1,1,1,1,6,1,1,1,1,1,1,1,1,1,1,6,1,6,1,1,1,1,6,1,1,1,6,9,9,1,1,1,1,1,6,1,1,6,1,6,1,1,1,1,1,1,1,6,1,1,1,1,1,1,1,1,1,1,1,1,6,1,1,1,1,1,6,1,1,1,1,1,1,1,1,6,1,6,1,1,1,1,1,6,1,1,6,1,1,1,1,1,1,1,1,1,1,1,1,6,1,1,1,1,1,1,1,1,1,1,1,6,6,6,1,6,1,1,1,1,1,1,1,1,1,6,1,1,1,1,1,1,1,1,1,1,6,6,1,1,1,1,1,1,1,1,6,1,1,1,6,1,1,1,1,1,1,1,1,6,1,1,1,1,1,6,1,1,6,1,1,1,1,6,1,6,1,1,1,1,1,1,6,6,1,6,1,1,6,6,6,6,6,6,1,6,6,6,6,1,1,1,1,1,1,1,1,1,1,6,1,1,1,1,1,1,1,6,6,6,6,6,6,1,1,1,1,6,6,6,1,6,6,6,1,1,6,6,1,1,1,1,1,1,1,1,1,1,6,6,6,1,6,6,6,6,6,6,1,1,6,1,6,1,6,6,6,1,1,1,1,1,1,1,1,1,6,1,6,1,1,1,6,1,1,1,1,1,1,1,1,6,6,6,6,1,1,6,6,1,1,6,1,6,1,6,1,6,6,6,1,1,6,1,1,6,1,1,1,1,1,1,6,6,1,6,1,6,6,1,1,6,6,6,6,6,1,6,6,6,1,6,1,6,1,1,6,1,6,1,1,1,6,6,6,6,1,1,1,6,1,1,1,1,1,1,6,6,6,1,1,1,1,6,1,1,1,1,1,1,6,1,1,1,1,6,6,1,6,1,1,1,1,1,1,1,6,1,1,6,1,1,1,6,1,1,1,6,6,6,6,6,1,1,1,1,6,6,6,6,1,1,1,9,1,1,6,6,1,6,1,1,1,1,1,1,1,6,1,1,1,6,1,1,6,6,1,1,1,1,1,6,1,1,1,1,1,6,1,1,6,6,1,1,1,1,1,1,1,1,1,1,1,1,6,1,1,1,6,6,1,1,6,1,6,1,6,1,1,6,1,1,1,1,6,1,1,1,1,1,6,1,1,1,1,1,6,1,1,1,1,1,1,6,1,6,1,1,1,1,1,1,1,6,1,1,1,1,6,1,1,1,1,6,1,6,1,1,1,6,1,1,1,1,1,1,6,6,6,1,1,1,1,1,6,1,6,6,1,1,1,1,1,1,1,1,1,6,1,1,1,1,6,1,1,1,1,1,6,1,1,1,1,1,1,1,1,1,1,1,1,1,6,1,1,1,1,1,1,1,1,1,1,6,1,6,1,1,1,6,1,1,1,1,1,1,6,1,1,1,6,1,1,1,1,1,1,1,6,1,1,1,1,1,6,1,1,1,6,1,6,1,1,1,1,1,1,6,1,6,1,6,1,1,1,1,1,1,1,1,6,1,6,1,1,1,1,1,1,1,1,1,6,1,1,1,6,1,1,1,1,1,1,1,1,1,1,1,1,1,1,1,6,1,1,6,6,1,6,1,6,1,6,1,6,1,1,1,1,1,1,1,1,1,1,1,6,1,6,1,6,1,1,1,1,1,1,1,1,1,1,1,6,6,6,6,1,6,1,1,9,9,9,9,9,9,9,1,1,1,1,1,6,6,1,1,1,1,1,6,6,6,6,1,1,6,6,1,6,1,1,1,1,1,1,1,6,6,1,1,1,1,6,6,6,6,1,6,6,1,6,1,1,1,1,6,6,1,1,1,6,1,1,1,1,1,1,1,1,1,1,6,1,1,1,6,1,6,1,1,1,6,1,1,1,1,1,6,1,1,1,9,9,9,1,1,6,1,1,1,6,1,6,1,1,1,1,1,1,1,6,6,6,1,1,1,1,1,1,1,6,1,1,1,6,1,1,6,1,1,1,1,1,1,1,1,1,1,1,1,1,1,6,6,6,6,1,1,1,1,1,1,6,1,1,1,1,1,6,1,1,1,1,1,6,1,1,1,9,9,9,9,9,1,1,6,1,1,1,1,6,1,1,1,6,1,1,1,6,6,6,6,1,1,1,1,1,1,1,1,1,1,1,1,1,1,1,1,1,1,1,1,1,6,1,1,1,1,1,1,1,1,1,1,1,1,1,1,1,1,1,1,1,6,1,1,1,1,1,1,1,1,1,1,1,1,1,1,1,1,1,1,1,1,1,1,1,1,1,1,1,1,1,1,1,1,1,1,1,1,1,1,1,1,1,1,1,1,1,1,1,1,1,1,1,1,1,1,1,1,1,1,1,1,1,1,1,1,1,1
151,21137,RICHMOND,100,6,6,6,1,6,9,6,6,9,1,6,1,1,1,1,1,1,1,1,6,1,6,1,1,9,6,6,1,1,6,9,9,9,6,6,1,1,1,1,1,1,1,1,6,1,1,1,1,1,6,6,1,6,6,6,1,6,6,9,9,6,6,1,6,1,1,6,6,6,6,6,6,6,6,6,6,6,9,9,6,6,6,6,6,1,1,6,6,6,6,6,6,6,6,6,6,9,9,1,6,1,6,6,1,1,1,1,1,1,1,1,1,6,6,6,9,1,1,6,6,1,6,1,1,6,1,6,6,6,6,1,6,1,9,9,1,6,6,9,9,9,9,9,9,9,9,9,9,9,9,9,9,9,9,9,9,9,1,1,6,6,6,1,1,1,1,6,6,1,1,1,1,1,1,6,6,1,6,6,1,6,1,1,9,9,9,6,6,7,6,6,1,6,1,1,6,6,6,6,6,6,6,6,1,6,1,6,9,9,6,6,6,6,1,6,6,6,6,1,1,1,1,6,6,6,6,1,6,6,1,1,1,6,6,1,1,1,1,6,6,1,1,6,6,6,6,1,1,1,1,6,6,6,1,6,1,1,6,6,6,1,6,6,6,1,9,9,6,6,6,6,1,6,6,6,1,1,1,1,1,6,1,6,1,1,1,6,6,6,6,9,1,1,6,6,6,6,6,1,1,6,6,1,1,6,6,6,1,1,6,6,6,1,6,6,6,1,6,9,6,1,9,1,6,6,6,1,1,1,6,6,6,6,6,1,6,1,6,6,1,6,1,6,1,1,6,6,1,1,1,6,1,6,6,6,6,1,1,1,1,6,1,1,6,1,6,6,6,6,1,6,6,6,6,1,1,6,1,1,1,6,6,1,1,1,1,1,1,1,6,6,6,6,1,1,1,1,1,1,1,6,9,9,9,9,6,6,1,9,6,6,1,6,6,6,6,1,6,6,6,6,1,1,6,6,6,6,6,1,1,1,1,1,6,9,1,1,1,1,1,6,6,1,6,6,6,6,6,1,6,6,6,6,6,6,6,6,1,1,1,1,1,6,1,1,6,6,6,6,1,6,1,6,1,1,1,6,6,9,9,9,9,9,1,6,6,6,6,1,1,6,6,6,1,1,6,6,1,1,1,1,1,1,1,1,1,6,6,6,6,6,6,1,6,1,6,6,6,1,1,1,1,6,6,1,1,6,1,6,1,6,6,1,1,1,6,6,6,1,9,6,6,9,1,9,6,1,6,1,6,6,1,1,6,6,6,1,1,6,6,1,1,1,1,1,1,1,1,1,6,6,6,1,1,1,1,1,1,6,1,9,9,9,9,9,9,9,6,1,1,6,6,1,1,6,1,6,1,6,6,6,6,1,1,6,1,1,1,6,6,6,1,6,1,6,6,1,1,6,1,9,9,9,9,6,6,6,1,6,1,6,6,1,1,1,6,1,6,6,6,6,6,6,6,1,1,6,1,1,6,6,6,1,1,1,6,6,6,6,1,1,6,1,6,6,1,6,1,6,1,9,9,1,6,6,6,6,6,6,1,6,1,6,6,1,1,9,6,1,1,6,1,1,1,6,6,6,6,1,1,6,6,6,6,1,6,6,6,1,1,1,1,1,9,1,6,6,6,6,1,6,1,1,6,1,1,1,6,6,1,1,6,1,6,6,6,6,6,1,6,6,1,6,6,6,6,6,6,6,1,6,1,1,6,6,6,1,1,6,6,6,6,6,6,6,6,6,1,1,1,6,6,6,6,6,6,1,1,6,6,1,1,1,6,6,1,6,1,1,6,6,6,6,6,1,6,6,1,1,1,1,6,6,6,1,6,9,9,1,1,6,6,1,1,6,1,6,1,6,6,6,9,9,6,6,1,1,6,6,6,6,1,1,1,1,1,1,1,6,6,6,6,1,6,6,1,9,1,1,6,6,1,1,1,1,1,6,6,1,6,1,1,6,6,6,6,1,1,6,6,1,1,9,9,1,9,6,6,6,6,6,6,1,6,6,1,6,9,9,9,9,9,9,9,9,9,6,6,6,6,6,6,6,6,6,6,6,6,6,6,1,6,6,1,1,1,9,6,6,1,6,1,6,6,6,1,1,1,1,6,1,1,1,1,1,6,1,9,9,9,6,6,6,1,1,7,6,6,6,6,1,1,6,1,1,6,6,6,6,6,6,1,1,6,1,1,6,6,6,1,1,6,6,6,6,1,1,1,6,6,6,1,6,1,1,6,6,1,6,6,6,6,6,1,1,1,1,9,6,1,6,1,1,6,6,9,1,1,1,6,9,6,6,6,6,1,1,6,1,1,1,1,6,6,6,6,1,6,9,6,1,6,1,1,6,9,9,6,6,1,1,1,9,9,9,9,9,9,9,9,9,9,9,9,9,9,9,9,9,9,9,9,9,9,9,9,9,9,9,9,9,9,1,1,6,6,6,6,6,1,1,1,6,6,6,1,1,6,6,6,1,1,6,6,1,1,1,1,1,9,1,1,1,9,9,9,1,1,6,6,1,1,7,1,6,6,6,6,6,1,6,1,1,1,6,1,6,1,1,6,1,1,1,1,1,1,1,6,6,6,1,9,1,1,1,1,1,1,1,1,1,1,6,1,1,9,1,1,1,1,1,1,1,1,1,1,1,1,1,6,1,1,1,6,6,6,6,1,9,1,1,1,1,1,1,1,1,1,1,1,1,6,1,1,1,1,1,1,1,1,6,1,1,6,6,1
152,21139,HARRIS,200,1,1,1,6,1,6,1,1,1,1,1,6,6,6,6,6,6,6,6,1,6,1,1,1,1,1,1,6,6,1,9,9,9,9,9,9,9,9,9,9,9,9,9,9,6,6,6,6,6,1,1,6,1,1,1,6,1,1,1,1,1,1,6,1,1,1,1,1,1,1,1,1,1,1,1,1,1,1,1,1,1,1,1,1,1,1,1,1,1,1,1,1,1,1,1,1,1,1,1,1,1,1,1,6,6,6,6,6,6,6,6,6,1,1,1,1,6,6,1,1,6,1,6,6,1,1,1,1,1,1,6,1,6,6,1,1,1,1,6,6,6,6,6,6,6,6,1,6,6,6,1,6,6,6,6,6,1,1,1,1,1,9,1,6,6,6,1,1,6,1,1,1,1,1,1,1,1,1,1,1,1,6,1,6,1,1,1,1,1,1,1,1,1,1,1,1,1,1,1,1,1,1,1,6,1,6,1,1,1,1,1,1,1,6,1,1,1,1,1,1,1,1,1,1,1,1,1,1,1,1,1,1,1,1,1,1,1,1,1,1,1,6,1,1,1,1,1,6,1,1,1,1,1,1,1,1,1,1,9,1,1,1,1,1,1,6,1,1,1,1,1,1,1,1,1,1,1,6,6,6,1,6,1,1,1,1,1,1,1,1,1,6,1,1,1,1,1,1,9,9,1,1,1,6,1,1,9,1,1,1,1,1,6,1,1,1,6,1,6,1,1,1,1,1,1,1,1,1,1,1,1,1,1,1,6,1,1,1,1,6,1,6,1,1,6,1,1,1,6,6,1,6,1,1,1,6,6,6,6,6,1,6,6,1,6,1,1,1,1,6,1,1,1,1,1,6,6,1,1,1,1,1,1,6,6,6,6,6,6,1,1,1,1,6,6,6,1,6,1,6,1,1,6,6,1,1,1,1,1,1,1,1,1,1,1,1,6,1,6,6,6,6,6,6,1,1,1,1,6,6,6,6,6,1,1,1,1,1,1,1,1,1,1,1,6,1,1,1,6,1,1,1,1,1,1,1,1,6,6,6,6,1,1,6,6,1,1,1,1,6,1,6,1,6,6,6,1,6,6,1,1,6,1,1,1,1,1,1,6,6,1,6,1,6,6,1,1,6,6,6,6,6,6,6,6,6,1,1,1,1,1,1,6,1,6,1,1,1,6,6,6,6,1,1,6,6,1,1,1,1,1,1,1,6,6,6,1,1,1,6,1,1,1,1,1,1,6,1,1,1,1,6,6,1,6,1,1,1,1,1,1,1,6,1,6,6,1,1,1,1,1,1,1,6,6,6,6,6,1,1,1,1,1,6,6,6,1,1,1,1,1,1,6,6,1,6,1,1,1,1,1,1,1,6,1,1,1,1,1,1,1,6,1,1,1,1,1,6,6,1,1,6,1,1,1,1,1,6,1,1,1,1,1,1,1,1,1,1,1,1,6,1,1,1,6,6,1,1,6,1,1,1,6,1,1,1,1,1,1,1,6,1,1,1,1,1,1,1,6,1,1,1,6,1,9,9,1,1,1,6,1,6,1,1,6,1,1,1,6,6,1,1,1,1,1,1,1,1,1,6,1,1,1,1,1,1,1,6,1,1,1,1,9,6,6,1,1,1,1,1,1,1,6,6,1,1,1,1,1,1,1,6,1,1,1,1,1,1,6,1,1,1,1,1,6,1,1,1,1,1,1,1,1,1,1,1,1,1,1,1,1,1,1,1,1,1,1,9,9,9,1,1,1,1,1,6,1,1,1,1,1,1,6,1,1,6,1,1,1,1,1,1,1,1,6,1,6,1,1,1,6,1,1,1,6,1,6,1,1,1,1,1,1,6,1,6,1,6,1,1,1,1,1,1,1,1,6,1,1,1,6,1,1,6,1,1,1,1,1,1,1,1,6,1,1,1,1,1,1,1,1,1,1,1,1,1,1,1,6,1,1,6,1,1,1,1,1,1,1,1,6,1,1,1,1,1,1,1,1,9,1,1,6,1,6,1,9,1,1,1,1,1,1,1,1,1,1,1,1,1,6,1,1,1,1,1,6,1,1,1,6,6,1,1,1,1,1,1,1,6,1,1,1,1,1,6,6,6,6,1,1,6,1,1,6,1,1,6,1,6,1,1,1,6,1,1,1,1,1,1,6,6,1,6,6,1,6,1,1,1,1,6,6,1,1,1,1,1,1,1,1,1,1,1,1,1,1,1,1,1,1,6,1,6,1,1,1,6,1,1,1,1,1,6,1,1,1,1,1,1,1,1,6,6,1,1,6,1,6,6,1,1,1,6,6,6,6,6,6,1,6,1,1,1,1,1,6,1,1,1,6,1,1,6,1,1,1,1,1,1,1,1,6,1,1,1,1,1,6,6,6,1,1,1,1,1,1,6,6,1,1,1,1,1,1,1,1,1,1,1,6,1,1,1,1,1,1,1,1,1,1,6,1,1,1,1,6,1,1,1,6,1,1,1,6,6,6,6,1,1,1,1,1,1,1,6,1,1,1,1,6,6,1,6,6,1,1,1,1,6,1,1,1,1,9,1,1,6,1,1,1,1,1,1,6,1,1,1,1,1,6,1,1,1,1,1,1,1,1,1,1,6,9,9,1,1,1,1,1,1,1,1,1,1,1,6,1,6,1,6,1,1,1,1,1,1,1,1,1,9,1,1,1,1,1,6,1,1,6,1,6,1,1,1,6,1,1,1,6,6,6,1,1,1,6,1
153,21140,KEATING,100,6,6,6,1,6,1,6,6,6,1,6,1,1,1,1,1,1,1,1,6,1,6,1,1,6,6,6,1,1,1,6,6,1,6,6,1,1,1,1,1,1,1,1,6,1,1,1,1,1,6,6,1,6,9,6,1,6,1,1,1,6,6,1,6,1,1,6,6,6,6,6,6,6,6,6,6,6,1,1,6,6,6,6,6,1,1,6,6,6,6,6,6,6,6,6,6,6,6,1,6,1,6,6,1,1,1,1,1,1,1,1,1,6,6,6,6,1,1,6,6,1,9,1,1,6,1,6,6,6,6,6,6,6,6,1,6,6,6,1,1,1,1,1,1,1,1,6,1,1,1,6,1,1,1,1,1,6,1,1,6,6,6,6,1,1,1,6,6,1,1,1,1,1,1,6,6,1,6,6,1,6,1,1,1,6,1,6,6,6,6,6,1,6,1,1,6,6,6,6,6,6,6,6,1,6,1,6,1,1,6,6,6,6,1,1,6,6,6,1,1,1,1,6,6,1,1,6,6,6,1,1,1,1,6,1,1,1,1,6,6,1,1,6,6,6,6,1,1,1,6,6,6,6,1,6,1,1,6,6,6,1,6,6,6,1,1,1,1,1,6,6,1,6,6,6,1,1,1,1,1,6,1,1,1,1,1,6,6,6,1,6,1,1,6,6,6,6,6,1,1,6,6,6,1,6,1,6,1,1,6,6,6,1,6,9,6,1,6,1,6,1,1,1,6,6,6,1,1,1,6,6,6,6,6,1,6,1,6,6,1,6,1,1,1,1,6,6,1,1,1,6,6,6,6,6,6,1,1,1,1,6,1,1,6,1,6,6,6,6,6,6,6,6,6,1,1,1,1,1,1,6,6,1,1,1,1,1,1,1,6,6,6,6,1,1,1,6,1,1,1,6,1,1,1,6,1,6,1,6,6,6,1,6,6,6,6,1,6,1,1,1,1,1,1,6,6,6,6,1,1,1,1,1,6,6,1,1,1,1,1,6,6,6,6,6,6,6,6,1,6,6,6,6,6,6,6,6,1,1,1,1,6,6,1,1,6,6,6,6,1,6,1,6,1,1,1,6,6,1,6,6,1,6,1,6,6,6,6,1,1,6,1,6,1,1,6,6,1,1,1,1,1,6,1,1,1,6,6,6,6,6,6,1,6,1,6,6,6,1,1,1,1,6,6,1,1,6,1,6,1,6,6,6,1,1,6,6,6,9,1,1,1,1,1,6,6,1,6,1,6,6,6,6,6,1,6,1,1,6,6,1,1,1,1,1,1,1,1,1,6,6,6,1,1,1,1,1,1,6,1,6,6,1,1,1,1,6,6,1,1,6,6,1,1,6,1,6,1,6,6,6,6,1,1,6,1,1,6,6,6,1,1,6,1,6,6,1,1,6,1,6,1,1,6,6,6,1,1,6,1,6,6,1,1,1,6,1,1,6,6,1,6,6,6,1,1,6,1,1,6,9,6,1,1,1,6,1,6,6,1,1,6,1,6,6,1,6,1,6,1,1,1,1,1,6,6,6,6,6,1,1,1,6,6,1,1,6,6,1,1,6,9,6,1,6,6,6,6,1,1,6,6,6,6,1,6,6,6,9,1,1,1,6,6,6,9,6,6,6,1,6,1,1,1,1,1,1,6,6,1,1,6,1,6,6,6,6,6,1,6,6,1,1,6,6,6,6,6,6,1,1,1,1,6,6,6,1,1,6,6,6,6,1,6,6,6,6,1,1,6,6,6,6,6,6,1,1,1,6,6,1,1,1,6,6,1,6,1,1,6,6,6,6,6,1,6,1,1,1,1,1,6,6,6,1,6,1,6,9,9,6,6,1,1,6,1,6,1,6,6,6,1,1,6,6,1,1,6,6,6,6,1,1,1,1,1,1,1,6,6,6,1,1,6,6,6,1,1,1,9,9,9,9,9,1,1,6,6,1,6,1,1,6,6,6,6,1,1,6,6,1,1,6,1,1,6,6,6,6,6,6,6,1,6,6,1,9,1,1,1,6,6,6,1,1,1,6,6,6,6,6,6,6,6,6,6,6,6,1,6,1,6,9,1,1,1,6,6,1,1,6,1,6,6,6,6,6,1,1,6,1,1,1,1,1,6,1,1,1,1,6,6,6,1,1,1,6,6,6,6,1,1,6,1,1,6,1,6,6,6,6,1,1,1,1,1,6,6,6,1,1,1,6,6,1,9,9,9,6,6,6,1,6,1,1,6,6,1,6,6,6,6,6,1,1,1,1,6,6,1,6,1,1,6,6,6,1,1,1,1,6,6,6,1,1,1,1,1,1,1,1,1,6,6,6,6,1,6,6,6,1,6,1,1,6,1,1,6,6,1,1,1,1,7,1,6,6,6,1,1,1,6,6,6,6,6,6,6,1,6,6,6,6,6,1,6,6,6,6,6,1,6,1,1,6,6,6,6,1,1,1,1,6,6,6,1,9,9,6,6,1,1,6,6,1,1,1,1,6,1,1,1,1,6,1,1,1,1,6,6,1,1,7,1,1,6,6,6,6,1,6,1,1,1,6,1,6,1,1,9,9,9,9,9,9,9,9,9,9,9,9,9,9,9,9,9,9,9,9,9,9,9,9,9,9,9,9,9,9,9,9,9,9,9,9,9,9,9,9,9,9,9,9,9,9,9,9,9,9,9,9,9,9,9,9,9,9,9,9,9,9,9,9,9,9,9,9,9,9,9,9,9,9,9,9,9
154,21142,HUIZENGA,200,1,1,1,6,1,6,1,1,1,1,1,6,6,6,6,6,6,6,6,1,6,1,1,1,1,1,1,6,6,1,1,1,1,1,1,6,6,6,6,6,6,6,6,1,6,6,6,6,6,1,1,6,1,1,1,6,1,1,1,1,1,1,6,1,9,9,1,1,1,1,1,1,1,1,1,1,1,1,1,1,1,1,1,1,1,1,9,9,9,9,1,1,1,1,1,1,1,1,1,1,6,1,1,1,6,6,6,6,6,6,6,6,1,1,1,1,6,6,1,1,6,1,6,6,1,1,1,1,1,1,6,1,6,6,1,1,1,1,6,6,6,6,6,6,6,6,1,6,6,6,1,6,6,6,6,6,1,1,1,1,1,1,9,6,6,6,1,1,1,1,6,1,1,1,1,1,1,1,1,1,1,6,1,6,1,1,1,1,1,1,1,1,1,1,1,1,1,1,1,1,1,1,1,6,1,6,1,1,1,1,1,1,1,6,1,1,1,1,1,1,1,1,1,1,1,1,6,1,1,1,1,1,6,1,1,1,1,1,1,1,1,6,1,6,1,1,1,1,1,6,1,1,6,1,1,1,1,1,1,1,1,1,1,1,1,6,1,9,9,9,9,9,1,1,1,1,1,6,6,6,1,6,1,1,1,1,1,1,1,1,1,6,1,1,1,1,1,1,1,1,1,9,1,6,1,1,1,1,1,1,1,1,6,1,1,1,6,1,1,1,1,1,1,1,1,6,1,1,1,1,1,1,1,1,6,1,1,1,1,9,1,6,1,1,1,1,1,1,6,6,1,6,1,1,1,6,6,6,6,6,1,6,6,1,6,1,1,1,1,6,1,1,1,1,1,6,1,1,1,1,1,1,1,6,6,6,6,6,6,1,1,1,1,6,6,6,1,6,6,6,1,1,6,6,1,1,1,1,1,1,1,1,1,1,1,1,6,1,6,6,6,6,6,6,1,1,1,1,6,6,6,6,6,1,1,1,1,1,1,1,1,1,6,1,6,1,1,1,6,1,1,1,1,1,1,1,1,6,6,6,6,1,1,6,6,1,1,6,1,6,1,6,1,6,6,6,1,1,6,1,1,6,1,1,1,1,1,1,6,6,1,1,6,6,6,1,1,6,6,6,6,6,1,6,6,6,6,1,1,7,1,1,6,1,6,1,1,1,6,6,6,6,1,1,6,6,1,1,1,1,1,1,1,6,6,1,1,1,1,6,1,1,1,1,1,1,6,1,1,1,1,6,6,1,6,1,1,1,1,1,1,1,6,1,1,6,1,9,9,9,9,9,9,9,9,9,9,9,9,9,1,1,1,6,6,6,1,1,1,1,1,1,6,6,1,6,1,1,1,1,1,1,1,6,1,1,1,1,1,1,6,6,1,1,1,1,1,6,1,1,1,1,1,6,1,1,6,6,1,1,1,1,1,1,1,1,1,1,1,1,6,1,1,1,6,6,1,1,6,1,6,1,6,1,1,6,1,1,1,1,6,1,1,1,1,1,1,1,1,1,1,1,6,1,1,1,1,1,1,6,1,6,1,1,1,1,1,1,1,6,1,1,1,1,1,1,1,1,1,6,1,1,1,1,1,1,1,1,9,1,1,1,6,6,6,1,1,1,1,1,6,6,6,1,1,1,1,1,1,1,1,1,1,1,1,1,1,1,6,1,1,1,1,1,6,1,1,1,1,1,1,1,1,1,1,1,1,1,6,1,1,1,1,1,1,1,1,1,1,6,1,9,1,1,1,1,1,1,1,1,1,1,6,1,1,6,1,9,9,9,9,9,9,9,9,9,9,9,1,1,6,1,1,1,6,1,6,1,1,1,1,1,1,6,1,6,1,6,1,1,1,1,1,1,1,1,6,1,6,1,1,1,1,1,1,1,1,1,1,1,1,1,6,1,1,1,1,1,1,1,1,1,1,1,1,1,1,1,6,1,1,6,6,1,6,1,6,1,1,1,6,1,1,1,1,1,1,1,1,1,9,1,6,1,6,1,1,1,1,1,1,1,1,1,1,1,1,1,1,6,6,1,1,1,1,1,6,1,1,1,6,1,1,1,1,1,1,1,6,6,1,6,1,1,1,6,6,6,6,1,1,6,6,1,6,1,1,1,1,1,1,1,6,6,1,1,1,1,6,1,6,6,1,6,6,1,6,1,6,1,1,6,6,1,1,1,6,1,1,1,1,1,1,1,1,1,1,6,1,1,1,6,1,6,1,1,1,6,1,1,1,1,1,6,1,1,1,1,1,1,1,1,6,1,1,1,6,1,6,1,1,1,1,6,6,6,6,6,6,1,1,1,1,1,1,1,6,1,1,1,6,1,1,6,9,9,9,1,1,1,1,1,1,1,1,1,1,1,6,6,6,1,1,1,1,1,1,1,6,1,1,1,1,1,6,1,1,1,1,1,6,1,1,1,1,1,1,1,1,1,1,6,1,1,1,1,6,1,1,1,6,1,1,1,6,6,6,6,1,1,1,1,1,1,1,1,1,1,1,1,1,1,1,1,1,1,1,1,1,6,1,1,1,9,1,1,1,1,1,1,1,1,1,1,1,1,1,1,1,6,1,1,1,1,1,1,1,1,1,1,1,1,1,1,1,1,1,1,1,1,1,1,1,1,1,1,1,1,1,1,1,1,1,1,1,1,1,1,1,1,1,1,1,1,1,1,1,1,1,1,1,1,1,1,1,1,1,1,1,1,1,1,1,1,1,6
155,21143,AMASH,200,1,1,1,6,6,6,1,1,1,6,1,6,6,6,6,6,6,6,6,1,6,1,1,1,1,1,6,6,6,1,1,6,6,1,1,6,6,6,6,6,6,6,6,1,6,6,6,6,6,1,1,6,1,1,1,6,6,6,6,1,1,1,6,1,1,6,1,1,1,1,1,1,1,1,1,1,1,6,1,1,1,1,1,1,6,1,1,1,1,1,1,1,1,1,1,1,1,1,6,1,6,1,1,1,6,6,6,6,6,6,6,6,1,1,1,1,6,6,1,1,6,1,6,6,1,1,1,1,1,1,6,6,6,6,6,6,1,1,1,1,1,6,6,6,6,6,6,6,6,6,6,6,9,6,6,6,1,6,1,1,1,1,6,6,6,6,1,1,1,1,6,1,1,1,1,1,1,1,1,1,1,6,1,6,1,6,1,6,6,1,6,1,6,1,6,1,1,1,1,1,6,1,1,6,1,6,1,6,1,1,1,1,1,6,1,1,1,1,1,6,1,1,1,1,6,1,6,1,6,1,1,1,6,1,6,1,1,1,1,6,1,6,1,6,1,1,1,6,1,6,1,1,6,1,1,1,6,1,1,1,6,1,1,6,1,1,6,6,6,1,1,1,1,1,1,1,1,6,6,6,1,1,6,6,1,1,1,1,1,1,1,1,1,1,1,1,1,1,6,6,1,1,6,6,1,1,1,6,6,1,1,1,6,1,1,1,6,6,6,6,6,1,1,1,1,6,1,1,6,1,1,6,6,6,6,6,1,1,1,6,6,6,6,1,6,1,1,1,6,6,6,6,1,6,1,6,6,1,1,1,1,1,1,1,6,1,1,6,1,6,6,6,1,6,1,6,6,1,1,6,1,1,1,6,6,6,6,6,6,1,1,1,6,6,6,6,1,6,6,6,1,6,6,6,6,6,1,1,1,1,1,6,1,6,6,1,1,1,1,1,1,1,6,6,1,6,1,1,6,6,1,6,6,6,6,6,1,1,1,6,1,6,6,1,1,1,1,1,1,1,1,1,1,1,1,1,6,6,6,6,6,6,1,6,6,6,6,1,6,6,6,6,1,1,6,6,1,1,6,1,1,6,1,1,1,1,1,1,6,6,1,6,1,6,1,1,1,6,1,6,6,6,6,6,6,6,6,1,1,1,1,1,6,1,6,6,1,1,6,6,6,6,1,1,1,6,6,6,6,1,1,1,6,6,6,6,1,6,1,6,6,6,1,1,1,1,6,1,6,1,1,6,6,1,6,6,1,1,1,6,1,1,6,6,6,6,1,6,1,6,1,1,6,6,6,6,6,6,1,6,1,1,6,6,6,6,1,6,1,1,1,1,1,6,6,6,6,1,1,1,1,1,1,6,6,1,1,6,1,1,6,6,1,1,1,1,1,6,1,1,1,6,1,6,1,6,6,6,6,6,1,1,1,1,1,1,1,6,1,1,6,6,1,1,6,6,1,6,6,1,6,6,6,6,1,6,1,1,6,1,6,6,1,1,1,6,6,1,6,6,1,6,6,1,1,1,1,1,1,6,6,6,6,6,6,6,1,6,6,6,1,6,1,1,6,1,1,1,1,6,6,6,1,6,1,6,6,6,1,1,1,6,6,6,6,1,1,1,1,1,6,1,1,6,6,1,6,1,1,6,1,6,1,6,1,6,1,1,6,1,6,6,1,1,6,1,1,1,6,1,6,6,6,1,6,6,1,1,6,1,1,6,1,1,1,6,6,1,6,6,1,6,1,1,6,6,1,6,1,1,1,1,6,1,1,6,1,6,6,1,1,1,1,1,6,1,6,6,1,1,6,1,1,1,6,1,6,6,1,6,1,1,6,6,1,6,1,6,1,1,1,6,1,1,6,1,6,1,6,1,6,6,6,6,1,6,6,6,6,1,1,1,6,1,6,1,6,6,1,1,6,6,1,6,6,6,1,1,6,6,1,6,6,1,6,1,6,6,1,6,6,6,1,1,1,1,1,1,6,1,1,6,6,1,6,6,6,1,6,6,6,1,6,1,6,1,1,1,6,1,1,6,1,1,1,6,6,1,6,1,6,6,6,1,1,6,1,6,6,6,1,1,1,1,1,1,1,1,1,1,1,6,6,1,1,1,6,6,6,6,1,6,6,6,6,6,1,6,6,1,6,6,1,1,1,7,6,1,1,1,1,1,6,6,6,1,6,1,1,6,6,6,6,6,6,6,6,6,6,1,6,6,6,6,6,1,6,6,6,1,6,1,6,6,6,1,6,1,6,6,6,6,6,6,1,6,6,6,6,1,1,1,7,6,6,1,6,6,6,6,6,1,1,1,1,1,6,1,1,1,6,6,6,6,1,1,1,1,6,6,6,1,6,6,1,1,1,1,6,1,6,1,1,1,6,6,1,1,1,6,1,1,1,1,6,1,1,1,1,1,6,6,6,6,1,1,1,1,1,6,1,6,1,1,1,6,6,6,1,1,6,6,1,6,6,6,6,6,1,6,6,6,6,1,6,6,6,6,1,6,6,6,6,6,6,1,6,1,1,6,1,6,6,6,6,1,6,6,6,6,6,1,6,6,6,6,6,1,6,6,6,1,6,6,6,6,1,6,6,6,6,6,1,6,1,6,6,1,1,6,6,6,6,6,1,6,1,6,6,6,1,1,1,1,1,1,6,1,6,6,1,1,1,1,1,1,1,1,6,6,6,6,1,6,6,6,6,1,6,6,6,6,6,6,6,6
156,21148,PALAZZO,200,1,1,1,6,1,6,1,1,1,1,1,6,6,6,6,6,6,6,6,1,6,1,1,1,1,1,6,6,6,1,1,1,1,1,1,6,6,6,6,6,6,6,6,1,6,6,6,6,6,1,1,6,1,1,1,6,1,1,1,1,1,1,6,1,1,1,1,1,1,1,1,1,1,1,1,1,1,1,1,1,1,1,1,1,1,1,1,1,1,1,1,1,1,1,1,9,1,1,1,1,1,1,1,6,6,6,6,6,6,6,6,6,1,1,1,1,6,6,1,1,6,1,6,6,1,1,1,9,1,1,6,1,6,6,1,1,1,1,6,6,6,6,6,6,6,6,1,6,6,6,1,9,6,6,6,6,1,1,1,1,1,1,1,6,6,6,1,1,1,1,6,1,1,1,1,1,1,1,1,1,1,6,1,6,1,1,1,1,1,1,1,1,1,1,1,1,1,1,1,1,1,1,1,6,1,6,1,9,9,1,1,1,1,6,1,1,1,1,1,1,1,1,1,1,1,1,1,1,1,1,1,1,1,1,1,1,1,1,1,1,1,6,1,1,1,1,1,1,1,1,1,1,1,1,1,1,1,1,1,1,1,1,1,1,1,6,1,1,1,1,1,1,1,1,1,1,1,6,6,6,1,6,1,1,1,1,1,1,1,1,1,6,1,1,1,1,1,1,1,1,1,1,1,6,1,1,1,1,1,1,1,1,6,1,1,1,6,1,6,1,1,1,1,1,1,1,1,1,1,1,1,1,1,6,6,1,1,1,1,6,1,6,1,1,1,1,1,1,6,6,1,6,1,1,1,6,6,6,6,6,1,6,6,6,1,1,1,1,1,6,1,1,1,1,1,6,1,1,1,1,1,1,1,6,6,6,6,6,6,1,1,1,1,6,6,6,1,6,6,6,1,1,6,6,1,9,9,9,1,1,1,1,1,1,1,6,6,1,6,6,6,6,6,6,1,1,1,1,6,6,6,1,6,1,1,1,1,1,1,1,1,1,1,1,1,6,6,6,6,6,6,1,6,9,6,1,1,6,6,6,6,1,1,6,6,1,1,1,1,6,1,6,1,6,6,6,1,1,1,1,1,6,1,1,1,1,1,1,6,6,1,6,6,6,6,1,1,6,6,6,6,6,6,6,6,6,1,1,1,1,1,1,6,1,6,1,1,1,6,6,6,6,1,1,6,6,1,1,1,1,1,1,1,6,6,1,1,1,1,6,1,1,1,1,1,1,6,1,1,1,1,6,6,6,6,1,1,1,1,1,1,1,9,9,9,9,9,1,1,6,1,1,1,6,6,6,6,6,1,1,1,1,1,6,6,6,1,1,1,1,1,1,6,6,1,6,1,1,1,1,1,1,1,6,1,1,1,6,1,1,6,6,1,1,1,1,1,6,1,1,9,1,1,6,1,1,6,6,6,1,1,1,1,1,1,1,1,1,1,1,6,1,1,1,6,6,1,1,6,1,6,1,6,1,1,6,1,1,1,1,6,1,1,1,1,1,6,1,1,1,1,1,6,1,1,1,1,1,1,6,1,6,1,1,1,1,1,1,1,6,1,1,1,1,6,1,1,1,1,6,1,6,1,1,1,1,1,1,1,1,1,1,6,6,6,1,1,1,1,1,1,6,6,1,1,1,1,1,1,1,1,1,1,6,1,1,1,1,6,1,1,1,1,1,6,1,9,1,1,1,1,1,1,1,1,1,1,9,9,9,9,9,1,1,1,1,1,1,1,6,1,1,1,9,9,1,1,1,1,1,1,1,6,1,1,6,1,1,1,1,1,1,1,1,6,1,6,1,1,1,6,1,1,9,6,1,6,1,1,1,1,1,1,6,1,6,1,6,1,1,1,1,1,1,1,1,6,1,6,1,1,1,1,1,9,9,1,1,6,1,1,1,6,1,1,1,1,1,1,1,1,1,1,1,1,1,1,1,6,1,1,6,6,1,6,1,6,1,6,1,9,1,1,1,1,1,1,1,1,1,1,1,6,1,6,1,1,1,1,1,1,1,1,1,1,1,1,1,1,6,6,1,1,6,1,1,6,6,1,1,6,1,1,1,1,1,1,1,1,6,1,1,1,1,1,6,6,6,6,1,1,6,6,1,6,1,1,9,9,9,9,9,9,9,9,9,9,9,9,9,9,9,9,9,9,9,9,9,9,9,9,9,9,9,1,1,6,1,1,1,1,1,1,1,1,1,1,6,1,1,1,6,1,6,1,1,1,6,1,1,1,1,1,6,1,1,1,1,1,1,1,1,6,6,1,1,6,1,1,1,1,1,1,6,6,6,6,6,6,1,1,1,1,1,1,1,6,1,1,1,6,1,1,6,1,1,1,1,1,1,1,1,1,1,1,1,1,1,6,6,6,6,1,1,1,1,9,1,6,1,1,1,1,1,6,1,1,1,1,1,6,1,1,1,1,1,1,1,1,1,1,9,9,1,1,1,9,9,9,9,9,9,9,9,9,9,9,9,9,1,1,1,1,1,1,1,1,1,1,1,1,1,1,1,1,1,1,1,1,6,1,1,1,1,1,1,1,1,1,1,1,1,1,1,1,1,1,1,1,1,1,1,1,1,1,1,1,1,1,1,1,1,1,1,6,1,1,1,1,1,1,1,1,1,1,1,1,1,1,1,1,1,1,1,1,1,1,1,1,1,1,1,1,1,1,1,1,1,1,1,1,1,1,1,1,1,1,1,1,1,1,1,1,6,1,1
157,21149,HARTZLER,200,1,1,1,6,1,6,1,1,1,1,1,6,6,6,6,6,6,6,6,1,6,1,1,1,1,1,1,6,6,1,1,1,1,1,1,6,6,6,6,6,6,6,6,1,6,6,6,6,6,1,1,6,1,1,1,6,1,1,1,1,1,1,6,1,1,1,1,1,1,9,1,1,1,1,1,1,1,1,1,1,1,1,1,1,1,1,9,9,9,9,1,1,1,1,1,1,1,1,1,1,1,1,1,1,6,6,6,6,6,6,6,6,1,1,1,1,6,6,1,1,6,1,6,6,1,1,1,1,1,1,6,1,6,6,1,1,1,1,6,6,6,6,6,6,6,6,1,6,6,6,1,6,6,6,6,6,1,1,1,1,1,1,1,6,6,6,1,1,1,1,1,1,1,1,1,1,1,1,1,1,1,6,1,6,1,1,1,9,1,1,1,1,6,1,1,1,1,1,1,1,1,1,1,6,1,6,1,1,1,1,1,1,1,6,1,1,1,1,1,1,1,1,1,1,1,1,1,1,1,1,1,1,6,1,1,1,1,1,1,1,1,6,1,1,1,1,1,1,1,1,1,1,1,1,1,1,1,1,1,1,1,1,1,1,1,6,1,1,1,1,1,1,1,1,1,1,1,6,6,6,1,6,1,1,1,1,1,1,1,1,1,6,1,1,1,1,1,1,1,1,1,1,1,6,1,1,1,1,1,1,1,1,6,1,1,1,6,1,1,1,1,1,1,1,1,1,1,1,1,1,1,6,1,6,6,1,1,1,1,6,1,6,1,1,1,1,1,1,6,6,1,6,1,1,1,6,6,6,6,6,6,6,6,6,6,1,1,1,1,6,1,1,1,1,1,6,1,1,1,1,1,1,1,6,6,6,6,6,6,1,1,1,1,6,6,6,1,6,6,6,1,1,6,6,1,1,1,1,1,1,1,1,1,1,6,6,6,1,6,6,6,6,6,1,1,1,6,1,6,1,6,6,6,1,1,1,1,1,6,1,1,1,1,1,6,6,1,1,6,1,1,1,6,1,1,1,1,6,6,6,6,1,1,6,6,1,1,1,1,6,1,6,1,6,6,6,1,1,6,1,6,6,1,1,1,1,1,1,6,6,1,1,6,6,6,1,1,6,6,6,6,6,1,6,6,6,6,1,1,1,1,1,6,1,6,1,1,1,6,6,6,6,1,1,6,6,1,1,1,1,1,1,6,6,6,1,1,1,1,6,1,1,1,1,1,1,6,1,1,1,1,6,6,6,6,1,1,1,1,1,1,1,6,1,1,6,1,1,1,1,1,1,1,6,6,6,6,6,1,1,1,1,6,6,6,6,1,1,1,1,1,1,6,6,1,6,1,1,1,1,1,1,1,6,1,1,1,6,1,1,1,6,1,1,1,1,1,6,1,1,1,1,1,9,1,1,1,6,1,1,1,1,1,1,1,1,1,1,9,9,6,1,1,1,6,6,1,1,6,1,1,1,6,1,1,1,1,1,1,1,6,1,1,1,1,1,6,1,1,1,1,1,6,1,1,1,1,1,1,6,1,6,1,1,1,1,1,1,1,6,1,1,1,1,1,1,1,1,9,6,1,1,1,1,1,1,1,1,1,1,1,1,6,6,6,1,1,1,1,1,1,6,6,1,1,1,1,1,1,1,1,1,1,1,1,1,1,1,6,1,1,1,1,1,6,1,1,1,1,1,1,1,1,1,1,1,1,1,1,1,1,1,1,1,1,1,1,9,9,9,1,1,1,1,1,1,1,1,1,1,1,1,6,1,1,6,1,1,1,1,1,1,1,1,6,1,1,1,1,1,6,1,1,1,6,1,6,1,1,1,1,1,1,6,1,6,1,6,1,1,1,1,1,1,1,1,6,1,1,1,1,1,1,1,1,1,1,1,6,1,1,1,6,1,1,1,1,1,1,1,1,1,1,1,9,1,1,1,6,1,1,6,6,1,6,1,6,1,6,1,6,1,1,1,1,1,1,1,1,1,1,1,6,1,6,1,1,1,1,1,1,1,1,1,1,1,1,1,6,6,6,6,1,1,1,1,1,6,6,1,6,1,1,9,9,9,1,1,1,6,1,1,1,1,1,6,6,6,6,1,1,6,6,1,6,1,1,1,1,1,1,1,1,6,1,1,1,1,6,1,6,6,1,6,6,6,6,6,6,1,1,6,6,1,1,1,1,1,1,1,1,1,1,1,1,1,1,1,1,1,1,6,1,6,1,1,1,6,1,1,1,1,1,6,1,1,1,1,1,1,1,1,6,1,1,1,6,1,1,1,1,1,1,1,1,1,6,1,6,1,1,1,1,1,1,1,6,1,1,1,6,1,1,6,1,1,1,1,1,1,1,1,1,1,1,1,1,1,6,6,6,1,1,1,1,1,1,1,6,1,1,1,1,1,6,1,1,1,1,1,6,1,1,1,9,9,9,9,9,1,1,6,1,1,1,1,6,1,1,1,6,1,1,1,6,6,6,6,1,1,1,1,1,1,1,1,1,1,1,1,1,1,1,1,1,1,1,1,1,6,1,1,1,1,1,1,1,1,1,1,1,1,1,1,9,9,9,9,9,9,9,9,1,1,1,1,1,1,1,1,1,1,1,1,1,1,1,1,1,1,1,1,1,1,1,1,1,1,1,1,1,1,1,1,1,1,1,1,1,1,1,1,1,1,1,1,1,1,1,1,1,1,1,1,1,1,9,1,1,1,1,1,1,1,9,1
158,21150,LONG,200,1,1,1,6,1,6,1,1,1,1,1,6,6,6,6,6,6,6,6,1,6,1,1,1,1,1,1,6,6,1,1,1,1,1,1,6,6,6,6,6,6,6,6,1,6,6,6,6,6,1,1,6,1,1,1,6,1,1,1,1,1,1,6,1,1,1,1,1,1,1,1,1,1,1,1,1,1,1,1,1,1,1,1,1,1,1,1,1,1,1,1,1,1,1,1,1,1,1,1,1,1,1,1,1,6,6,6,6,6,6,6,6,1,1,1,1,6,6,1,1,6,1,6,6,1,1,1,1,1,1,6,1,6,6,1,1,1,1,6,6,6,6,6,6,6,6,1,6,6,6,1,6,6,6,6,6,1,1,1,1,1,1,1,6,6,6,1,1,1,1,1,1,1,1,1,1,1,1,1,1,1,6,1,6,1,1,1,1,1,1,1,1,1,1,1,1,1,1,1,1,1,1,1,6,1,6,1,1,1,1,1,1,1,6,1,1,1,1,1,1,1,1,1,1,1,1,1,1,1,1,1,1,1,1,1,1,1,1,1,1,1,6,1,1,1,1,1,6,1,1,1,1,1,1,1,1,1,1,1,1,1,1,1,1,1,6,1,1,1,1,1,1,1,1,1,1,1,6,6,6,1,6,1,1,1,1,1,1,1,1,1,6,1,1,1,1,1,1,1,1,1,1,1,6,1,1,1,1,1,9,9,9,9,9,9,9,9,9,9,9,9,9,9,9,9,9,9,9,9,9,9,9,9,9,9,9,9,9,9,9,9,9,9,1,1,1,1,1,6,6,1,6,1,1,1,6,6,6,6,6,1,6,6,6,6,1,1,1,1,6,1,1,1,1,1,6,1,1,1,1,1,1,1,6,6,6,6,6,6,1,1,1,1,6,6,6,1,6,6,6,1,1,6,6,1,1,1,1,1,1,1,1,1,1,6,6,6,1,6,6,6,6,6,6,1,1,1,1,6,6,6,6,6,1,1,1,1,1,1,1,1,1,1,1,6,6,1,6,6,6,6,1,1,1,6,1,1,6,6,6,6,6,1,6,6,6,6,1,1,6,1,6,1,6,6,6,1,1,6,1,1,6,1,1,1,1,1,1,6,6,1,6,1,6,6,1,1,6,6,6,6,6,6,6,6,6,6,1,1,1,1,1,6,1,6,1,1,1,6,6,6,6,1,1,6,6,1,1,1,1,9,9,9,9,9,9,9,9,9,9,9,9,9,9,9,9,9,9,9,9,9,9,9,1,6,1,9,9,9,9,9,9,9,9,9,9,9,9,9,9,9,9,9,9,9,9,9,9,9,9,9,9,9,6,6,6,1,1,1,1,1,1,6,6,1,6,1,1,1,1,1,1,1,6,1,1,1,1,1,1,1,6,1,1,1,1,1,6,1,1,1,1,1,1,1,1,1,6,1,1,1,1,1,1,1,1,1,1,9,9,6,1,1,1,6,6,1,1,6,1,1,1,6,1,1,1,1,1,1,1,6,1,1,1,1,1,1,1,1,1,1,1,6,1,1,1,1,1,1,6,1,6,1,1,1,1,1,1,1,6,1,1,1,1,1,1,1,1,1,6,1,1,1,1,1,1,1,1,1,1,1,1,6,6,6,1,1,1,1,1,1,6,6,1,1,1,1,9,9,9,9,9,9,9,1,1,1,1,6,1,1,1,1,1,6,1,1,1,1,9,1,1,1,1,1,1,1,1,1,1,1,1,1,1,1,1,1,9,9,9,1,1,1,1,1,6,1,1,1,1,1,1,6,1,1,6,1,9,9,9,9,9,9,9,9,9,9,9,1,1,6,1,1,1,6,1,6,1,1,1,1,1,1,6,1,6,1,6,1,1,1,1,1,1,1,1,6,1,1,1,1,1,1,6,1,1,1,1,1,1,1,1,6,1,1,1,1,1,1,1,1,1,1,1,1,1,1,1,6,1,1,6,6,6,6,1,6,1,6,1,6,1,1,1,1,1,1,1,1,1,1,1,6,1,6,1,1,1,1,1,1,1,1,1,1,1,1,1,1,6,6,6,1,6,1,1,6,6,1,1,6,1,1,1,1,1,1,1,1,6,1,1,1,1,1,6,6,6,6,1,1,6,6,1,6,1,1,1,1,1,1,1,1,6,1,1,1,1,1,1,6,6,1,6,6,6,6,1,1,1,1,6,6,1,1,1,1,1,1,9,1,1,1,1,1,1,1,1,1,1,1,6,1,6,1,1,1,6,1,1,1,1,1,6,1,1,1,1,1,1,1,1,6,6,1,1,6,1,6,1,1,1,1,6,6,6,6,6,6,1,1,1,1,1,1,1,6,1,1,1,6,1,1,6,1,1,1,1,1,1,1,1,1,1,1,1,1,6,6,6,6,6,1,1,1,1,1,1,6,1,1,1,1,1,6,1,1,1,1,1,6,1,1,1,9,9,9,9,9,1,1,6,1,1,1,1,6,1,1,1,6,1,1,1,6,6,6,6,1,1,1,1,1,1,1,1,1,1,1,1,1,1,1,1,1,1,1,1,1,6,1,1,1,1,1,1,1,1,1,1,1,1,1,1,1,1,1,1,1,1,1,1,1,1,1,1,1,1,1,1,1,1,1,1,1,1,1,1,1,1,1,1,1,1,1,1,1,1,1,1,1,1,1,1,1,1,1,1,1,1,1,1,1,1,1,1,1,1,1,1,1,1,1,1,1,1,1,1,1,1,1,1,1,1,1,1
159,21162,JOHNSON,200,1,1,1,6,1,6,1,1,1,1,1,6,6,6,6,6,6,6,6,1,6,1,1,1,1,1,6,6,6,1,1,1,1,1,1,6,6,6,6,6,6,6,6,1,6,6,6,6,6,1,1,6,1,1,1,6,1,1,1,1,1,1,6,1,1,1,1,1,1,1,1,1,1,1,1,1,1,1,1,1,1,1,1,1,1,1,1,1,1,1,1,1,1,1,1,1,1,1,1,1,1,1,1,1,6,6,6,6,6,6,6,6,1,1,1,1,6,6,1,1,6,1,6,6,1,1,1,1,1,1,6,1,6,6,1,1,1,1,6,6,6,6,6,6,6,6,1,6,6,6,1,6,6,9,6,6,1,1,1,1,1,1,6,6,6,6,1,1,1,1,6,1,1,1,1,1,1,1,1,1,1,6,1,6,1,1,1,1,6,1,1,1,6,1,1,1,1,1,1,1,1,1,1,6,1,6,1,1,1,1,1,1,1,6,1,1,1,1,1,1,1,1,1,1,1,1,6,1,1,1,1,1,6,1,1,1,1,1,1,1,1,6,1,6,1,1,9,1,1,6,1,1,6,1,1,1,1,1,1,1,1,1,1,1,1,6,1,1,1,1,1,1,9,1,1,1,1,6,6,6,1,6,1,1,1,1,1,1,1,1,1,6,1,1,1,1,1,1,1,1,1,1,6,6,1,1,1,1,1,1,1,1,6,1,1,1,6,1,1,1,1,1,1,1,1,6,1,1,1,1,1,6,1,6,6,1,1,1,1,6,1,6,1,1,1,1,1,1,6,6,1,6,1,1,1,6,6,6,6,6,1,6,6,6,6,1,1,1,6,6,1,1,1,1,1,6,1,1,1,1,1,1,1,6,6,6,6,6,6,1,1,1,1,6,6,6,1,6,6,6,1,1,6,6,1,1,1,1,1,1,1,1,1,1,6,6,6,6,6,6,6,6,6,6,1,1,1,6,6,6,6,6,6,1,1,1,1,1,1,1,1,1,6,6,6,6,6,6,6,6,6,6,6,1,1,1,1,6,6,6,6,1,6,6,6,1,1,6,1,6,1,6,1,6,6,6,1,1,1,1,1,6,1,1,1,1,1,1,6,6,1,1,6,6,6,1,1,6,6,6,6,6,1,6,6,6,6,1,1,1,1,1,6,1,6,1,1,1,6,6,6,6,1,1,1,6,1,1,1,1,1,1,6,6,6,1,1,1,1,6,1,1,1,1,9,9,6,1,1,1,1,6,6,6,6,1,9,9,1,1,1,1,6,1,1,6,1,1,1,6,1,1,1,6,6,6,6,6,1,1,1,1,6,6,6,6,1,1,1,1,1,1,6,6,1,6,1,1,1,1,1,1,1,6,1,1,1,6,1,1,6,6,1,1,1,1,1,6,1,1,1,1,1,6,1,1,6,6,1,1,1,1,1,1,1,1,1,1,1,1,6,1,1,1,6,6,1,1,6,1,6,1,6,1,1,6,1,1,1,1,6,1,1,1,1,1,6,1,1,1,1,1,6,1,9,9,1,1,1,6,1,6,1,1,1,1,1,1,1,6,1,1,1,1,6,1,1,1,1,6,1,6,1,1,1,6,1,1,1,1,1,1,6,6,6,1,1,1,1,1,6,6,6,1,1,1,1,1,1,1,1,1,1,6,1,1,1,1,6,1,1,1,1,1,6,1,1,1,1,1,9,1,1,1,1,1,1,9,9,1,1,1,1,1,1,1,1,1,1,6,1,6,1,1,1,1,1,1,1,1,1,1,6,1,1,6,1,1,1,1,1,1,1,1,6,1,1,1,1,1,6,1,1,1,6,1,6,1,1,1,1,1,1,6,1,6,1,6,1,1,1,1,1,1,1,1,6,1,6,1,1,1,1,1,1,1,1,1,6,1,1,1,6,1,1,1,9,9,1,1,1,1,1,1,1,1,1,1,6,1,1,6,6,6,6,1,6,1,6,1,6,1,1,1,1,1,1,1,1,1,1,1,6,1,6,1,6,1,1,1,1,1,1,9,1,1,1,1,6,1,6,6,1,6,1,1,6,6,1,1,6,1,6,1,1,1,1,1,6,6,1,1,1,1,1,6,6,6,6,1,1,6,6,1,6,1,1,1,1,1,1,1,6,6,1,1,1,1,6,1,6,6,1,6,6,1,6,1,1,1,1,6,6,1,1,1,6,1,1,1,1,1,1,1,1,1,1,6,1,1,1,6,1,6,1,1,1,6,1,1,1,1,1,6,1,1,1,1,1,1,1,1,6,1,1,1,6,1,6,1,9,9,1,6,6,6,6,6,6,1,1,1,1,1,1,1,6,1,1,1,6,1,1,6,1,1,1,1,1,1,1,1,1,1,1,1,1,1,6,6,6,6,1,1,1,1,1,1,6,1,1,1,1,1,6,1,1,1,6,1,6,1,1,1,1,1,1,1,1,1,1,6,1,1,1,1,6,1,1,1,6,1,1,1,6,6,6,6,1,1,1,1,1,1,1,1,1,1,1,1,1,1,1,1,1,1,1,1,1,6,1,1,1,1,1,1,1,1,1,1,1,1,1,1,1,1,1,1,1,6,1,1,1,1,1,1,1,1,1,1,1,1,1,1,1,1,1,1,1,1,1,1,1,1,1,1,1,1,1,1,1,1,1,1,1,1,1,1,1,1,1,1,1,1,1,1,1,1,1,1,1,1,1,1,1,1,1,1,1,1,1,1,1,1,1,1
160,21163,STIVERS,200,1,1,1,6,1,6,1,1,1,1,1,6,6,6,6,6,6,6,6,1,6,1,1,1,1,1,6,6,6,1,1,1,1,1,1,9,6,6,6,6,6,6,6,1,6,6,6,6,6,1,1,6,1,1,1,6,1,1,1,1,1,1,6,1,1,1,1,1,1,1,1,1,1,1,1,1,1,1,1,1,1,1,1,1,1,1,1,1,1,1,1,1,1,1,1,1,1,1,1,1,1,1,1,1,6,6,6,6,9,6,6,6,1,1,1,1,6,6,1,1,6,1,6,6,1,1,1,1,1,1,6,1,6,6,1,6,1,1,6,6,6,6,6,6,6,6,1,6,6,6,1,6,6,6,6,6,1,1,1,1,1,1,6,6,6,6,1,1,1,1,6,1,1,1,1,1,1,1,1,1,1,6,1,6,1,1,1,1,6,1,1,1,6,1,1,1,1,1,1,1,1,1,1,6,1,6,1,1,1,1,1,1,1,6,1,1,1,1,1,1,1,1,1,1,1,1,6,1,1,1,1,1,6,1,1,1,1,1,1,1,1,6,1,6,1,1,1,1,1,6,1,1,1,1,1,1,1,1,1,1,1,1,1,1,1,6,1,1,1,1,1,1,1,1,1,1,1,6,6,6,1,6,1,1,1,1,1,1,1,1,1,6,1,1,1,1,1,1,1,1,1,1,6,6,1,1,1,1,1,1,1,1,6,1,1,1,6,1,1,1,1,1,1,9,9,9,9,9,9,9,9,9,9,9,9,9,9,9,9,9,9,9,9,1,1,1,1,1,6,6,1,6,1,1,1,6,6,6,6,6,1,6,6,6,6,1,1,1,6,6,6,1,1,1,1,6,1,1,1,1,1,1,1,6,6,6,6,6,6,1,1,1,1,6,6,6,1,6,6,6,1,1,6,6,1,1,1,1,1,1,1,1,1,1,6,6,6,6,6,6,6,6,6,1,1,1,6,1,6,6,6,6,6,1,1,1,1,1,1,1,1,1,6,6,6,6,6,6,6,6,6,6,6,1,1,1,1,6,6,6,6,1,6,6,6,6,1,6,1,6,1,6,6,6,6,6,1,1,1,6,1,6,1,1,1,1,1,1,1,6,6,1,6,6,6,1,1,1,6,6,1,1,1,6,1,6,6,6,6,1,1,6,6,1,6,1,1,1,6,6,6,6,1,1,6,6,1,9,1,1,1,1,6,6,6,1,1,1,1,6,1,1,1,1,1,1,6,1,1,1,1,6,6,6,6,1,1,1,1,1,1,1,6,1,1,6,1,1,1,6,1,1,1,6,6,6,6,6,1,1,1,1,6,6,6,6,1,1,1,1,1,1,6,6,1,6,1,1,1,1,1,1,1,6,1,1,1,6,1,1,6,6,1,1,1,1,1,6,1,1,1,1,1,6,1,1,6,6,1,1,1,1,1,1,1,1,9,9,9,9,9,9,9,9,9,9,9,9,6,1,6,1,6,1,1,1,1,1,1,1,6,1,1,1,1,1,6,1,1,1,1,1,6,1,1,1,1,1,1,6,1,6,1,1,1,1,1,1,1,6,1,1,1,1,6,1,1,1,1,6,1,6,1,1,1,6,1,1,1,1,1,1,6,6,6,1,1,1,1,1,6,6,6,1,1,1,1,1,1,1,1,1,1,6,1,1,1,1,6,1,1,1,1,1,6,1,1,1,1,1,1,1,1,1,1,1,1,1,6,1,1,1,1,1,1,1,1,1,1,6,1,6,1,1,1,1,9,9,9,9,9,9,9,9,9,6,1,1,1,1,1,1,1,1,6,1,1,1,1,1,9,9,9,9,6,1,6,1,1,1,1,1,1,6,1,6,1,6,1,1,1,1,1,1,1,1,6,1,6,1,1,1,1,1,1,1,1,1,6,1,1,1,6,1,1,1,1,1,1,1,1,1,1,1,1,1,1,1,6,1,1,6,1,6,6,1,6,1,6,1,6,1,1,1,1,1,1,1,1,1,1,1,6,1,6,1,6,1,1,1,1,1,1,1,1,1,1,1,6,1,6,6,1,6,1,1,6,6,1,1,6,1,1,1,1,1,9,9,9,9,9,9,9,9,9,9,9,9,9,9,9,9,9,9,9,9,9,1,1,1,1,1,1,6,1,1,1,1,1,1,6,6,6,6,6,6,6,6,6,1,1,6,6,1,1,1,6,1,1,1,1,1,1,1,1,9,9,9,1,1,1,6,1,6,1,1,1,6,1,1,1,1,1,6,1,1,1,1,1,1,1,1,6,1,1,1,6,1,6,1,1,1,1,1,1,1,6,6,6,1,1,1,1,1,1,1,6,1,1,1,6,1,1,9,9,1,1,1,1,1,1,1,1,1,1,1,1,6,6,6,6,6,1,1,1,1,1,1,6,1,1,6,6,1,6,1,1,1,1,1,6,1,1,1,1,1,1,1,1,1,1,6,1,1,1,1,6,1,1,1,6,1,1,1,6,6,6,6,1,1,1,1,1,1,1,1,1,1,1,1,1,1,1,1,1,1,1,1,1,6,1,1,1,1,1,9,9,1,1,1,1,1,1,1,1,1,1,1,1,6,1,1,1,1,1,1,1,1,1,1,1,1,1,1,1,1,1,1,1,1,1,1,1,1,1,1,1,1,1,1,1,1,1,1,1,1,1,1,1,1,1,1,1,1,1,1,1,1,1,1,1,1,1,1,1,1,1,1,1,1,1,1,1,1,1,1
161,21164,RENACCI,200,1,9,1,6,1,6,1,1,1,1,1,6,6,6,6,6,6,6,6,1,6,1,1,1,1,1,6,6,6,1,1,1,1,1,1,6,6,6,6,6,6,6,6,1,6,6,6,6,6,1,1,6,1,1,1,6,1,1,1,1,1,1,6,1,9,9,1,1,1,1,1,1,1,1,1,1,1,1,1,1,1,1,1,1,1,1,1,1,1,1,1,1,1,1,1,1,1,1,1,1,1,1,1,1,6,6,6,6,6,6,6,6,1,1,1,1,6,6,1,1,6,1,6,6,1,1,1,1,1,1,6,1,6,6,1,1,1,1,6,6,6,6,6,6,6,6,1,6,6,6,1,6,6,6,6,6,1,1,1,1,1,1,6,6,6,6,1,1,1,1,9,9,9,9,1,1,1,1,1,1,1,6,1,6,1,1,1,1,6,1,1,1,6,1,1,1,1,1,1,1,1,1,1,6,1,6,1,1,1,1,1,1,1,6,1,1,1,1,1,1,1,1,1,1,1,1,6,1,1,1,1,1,6,1,6,1,1,1,1,1,1,6,1,1,1,1,1,6,1,6,1,1,6,1,1,1,1,1,1,1,1,1,1,1,1,6,1,1,1,1,1,1,1,1,1,1,1,6,6,6,1,6,1,1,9,9,1,1,1,1,1,6,1,1,1,1,1,1,9,9,1,1,6,6,1,1,1,9,9,1,1,1,6,1,1,1,1,1,9,9,9,1,1,9,9,9,9,9,9,9,9,9,9,9,9,9,9,1,1,6,1,6,1,1,1,1,1,1,6,6,1,6,1,1,1,6,6,6,6,6,1,6,6,6,6,1,1,1,6,1,1,1,1,1,1,6,1,1,1,1,1,1,1,6,6,6,6,6,6,1,1,1,1,6,6,6,1,6,6,6,1,1,6,6,1,9,9,9,9,9,9,9,1,1,1,1,6,6,6,6,6,6,6,6,1,1,6,1,6,6,6,6,6,1,1,1,1,9,9,1,1,1,6,6,1,1,1,6,6,1,1,6,6,1,6,1,1,6,6,6,6,1,6,6,6,1,1,1,1,6,1,6,1,6,6,6,1,1,6,6,1,6,1,1,1,1,1,1,6,6,1,1,6,6,6,1,1,6,6,6,6,6,1,6,6,6,1,1,1,1,1,6,6,1,6,1,1,6,6,6,6,6,6,1,6,6,1,1,1,1,1,1,6,6,6,1,1,1,1,6,1,1,1,1,1,1,6,1,1,1,1,6,6,1,6,1,9,9,1,1,1,1,9,9,9,9,9,9,9,9,1,1,1,6,6,6,6,6,1,1,1,1,6,6,6,6,1,1,1,1,1,1,6,6,1,6,1,1,1,1,1,1,1,6,1,1,1,6,1,1,6,6,1,1,1,1,1,6,1,1,1,9,9,9,1,1,1,6,1,1,9,9,9,9,9,1,9,9,1,1,9,9,9,9,9,9,9,9,9,9,9,9,9,1,1,6,1,1,1,1,6,1,1,1,1,1,6,1,1,1,9,9,6,1,1,1,1,1,1,6,1,6,1,1,1,1,1,1,1,6,1,1,9,9,9,9,9,9,9,9,9,9,9,9,9,9,9,9,9,9,9,9,9,9,9,1,1,1,1,1,6,6,6,1,1,9,9,1,1,1,1,1,1,6,1,1,1,1,6,1,1,9,1,1,6,1,1,1,1,1,1,9,9,1,1,1,1,1,6,1,1,1,1,1,1,1,1,1,1,6,1,6,1,9,1,6,1,1,1,1,1,1,6,1,1,6,1,1,1,1,1,1,1,1,6,1,1,1,9,9,6,1,1,1,6,1,6,1,1,1,1,1,1,6,1,6,1,6,1,1,1,1,1,1,1,1,6,1,6,1,1,1,1,6,1,1,1,1,6,1,1,1,6,1,1,1,1,1,1,1,1,1,1,1,1,1,1,1,9,9,9,6,6,6,6,1,6,1,1,6,6,1,1,1,1,9,9,9,9,1,1,1,6,1,6,1,6,1,1,1,1,1,1,1,1,1,1,1,6,1,6,6,1,6,1,1,6,6,1,1,6,1,6,1,1,1,1,1,6,6,1,1,1,1,1,6,6,6,6,1,1,6,6,1,6,1,1,1,1,1,1,1,6,6,1,1,1,1,6,1,6,6,6,6,6,6,6,6,1,1,1,6,6,1,1,1,1,1,1,1,1,1,1,1,1,9,9,9,1,1,1,6,1,6,1,1,1,6,1,1,1,1,1,6,1,1,1,1,1,1,1,1,6,1,1,1,6,1,6,1,1,1,1,6,6,6,6,6,6,1,1,1,1,1,1,1,6,1,1,1,6,1,1,6,1,9,9,1,1,1,1,1,1,1,1,1,1,1,6,6,6,6,1,1,1,1,1,1,6,1,1,1,1,1,6,1,1,1,1,1,6,1,1,1,1,1,1,1,1,1,1,6,1,1,1,1,6,1,1,1,6,1,1,1,6,6,6,6,1,9,9,9,9,9,9,9,9,9,1,1,1,6,1,1,1,1,1,1,1,6,1,1,1,1,1,9,9,9,9,1,1,1,1,1,1,1,1,1,1,6,1,9,1,1,1,1,1,1,1,1,1,1,1,1,1,1,1,1,1,1,1,1,1,1,1,1,1,1,1,1,1,1,1,1,1,1,1,1,1,1,1,1,1,1,1,1,1,1,1,9,9,9,9,9,9,9,9,9,9,9,9,9,9,9,9,9
162,21165,GIBBS,200,1,1,1,6,1,6,1,1,1,1,1,6,6,6,6,6,6,6,6,1,6,1,1,1,1,1,1,6,6,1,1,1,1,1,1,6,6,6,6,6,6,6,6,1,6,6,6,6,6,1,1,6,1,1,1,6,1,1,1,1,1,1,6,1,1,1,1,1,1,1,1,1,1,1,1,1,1,1,1,1,1,1,1,1,1,1,1,1,1,1,1,1,1,1,1,1,1,1,1,1,6,9,9,6,6,6,6,6,6,6,6,6,1,1,1,1,6,6,1,1,6,1,6,6,1,1,1,1,1,1,6,1,6,6,1,1,1,1,6,6,6,6,6,6,6,6,1,6,6,6,1,6,6,6,6,6,1,1,1,1,1,1,6,6,6,6,1,1,1,1,6,1,1,1,1,1,1,1,1,1,1,6,1,6,1,1,1,1,6,1,1,1,1,1,1,1,1,1,1,1,1,1,1,6,1,6,1,1,1,1,1,1,1,6,1,1,1,1,1,1,1,1,1,1,1,1,6,1,1,1,1,1,6,1,1,1,1,1,1,1,1,6,1,6,1,1,1,6,1,6,1,1,1,1,1,1,1,1,1,1,1,1,1,1,1,6,1,1,1,1,1,1,1,1,1,1,1,6,6,6,1,6,1,1,1,1,1,1,1,1,1,6,1,1,1,1,1,1,1,1,1,1,6,6,1,1,1,1,6,1,1,1,6,1,1,1,6,1,1,1,1,1,1,1,1,6,1,1,1,1,1,6,1,6,6,1,1,1,1,6,1,6,1,1,1,1,1,1,6,6,1,6,1,1,6,6,6,6,6,6,1,6,6,6,6,1,1,1,1,6,1,1,1,1,1,6,1,1,1,1,1,1,1,6,6,6,6,6,6,1,1,1,1,6,6,6,1,6,6,6,1,1,6,6,1,1,1,1,1,1,1,1,1,1,1,1,6,1,6,6,6,6,6,6,1,1,1,1,6,1,6,6,6,1,1,1,1,1,1,1,1,1,1,1,6,6,1,1,6,1,1,1,6,1,1,1,1,6,6,6,6,1,1,6,6,1,1,1,1,6,1,6,1,6,6,6,1,1,1,1,1,6,1,1,1,1,1,1,6,6,1,1,6,6,6,1,1,6,6,6,6,6,1,6,6,6,1,1,1,1,1,1,6,1,6,1,1,1,6,6,6,6,1,1,6,6,1,1,1,1,1,1,6,6,6,1,1,1,1,6,1,1,1,1,1,1,6,1,1,1,1,6,6,1,6,1,1,1,1,1,1,1,6,1,6,6,1,1,1,1,1,1,1,6,6,6,6,6,1,1,1,1,1,6,6,6,1,1,1,1,1,1,6,6,1,6,1,1,1,1,1,1,1,6,1,1,1,1,1,1,6,6,1,1,1,1,1,6,1,1,1,1,1,6,1,1,1,6,1,1,1,1,1,1,1,1,1,1,1,1,6,1,1,1,6,6,1,1,6,1,9,1,6,1,1,1,1,1,1,1,6,1,1,1,1,1,1,1,1,1,1,1,6,1,1,1,1,1,1,6,1,6,1,1,1,1,1,1,1,6,1,1,1,1,1,1,1,1,1,6,1,1,1,1,1,1,1,1,1,1,1,1,6,6,6,1,1,1,1,1,1,6,6,1,1,1,1,1,1,1,1,1,1,1,1,1,1,1,6,1,1,1,1,1,6,1,1,1,1,1,1,1,1,1,1,1,1,1,6,1,1,1,1,1,1,1,1,1,1,6,1,6,1,1,1,1,1,1,1,1,1,1,6,1,1,6,1,1,1,1,1,1,1,1,6,1,1,1,1,1,6,1,1,1,6,1,6,1,1,1,1,1,1,6,1,6,1,6,1,1,1,1,1,1,1,1,6,1,1,1,1,1,1,1,1,1,1,1,6,1,1,1,6,1,1,1,1,1,1,1,1,1,1,1,1,1,1,1,6,1,1,6,6,1,6,1,6,1,6,1,6,1,9,1,1,1,1,1,1,1,1,1,6,1,6,1,9,1,1,1,1,1,1,1,1,1,1,1,1,6,6,6,1,6,1,1,6,6,1,1,6,1,1,1,1,1,1,1,6,6,1,1,1,1,1,6,6,6,6,1,1,6,6,1,6,1,1,1,1,1,1,1,6,6,1,1,1,1,1,1,6,6,1,6,6,1,6,1,6,1,1,6,6,1,1,1,1,1,1,1,1,1,1,1,1,9,9,9,1,1,1,6,1,6,1,1,1,6,1,1,1,1,1,6,1,1,1,1,1,1,1,1,6,1,1,1,6,1,6,1,1,1,1,6,6,6,6,6,6,1,1,1,1,1,1,1,6,1,1,1,6,1,1,6,1,1,1,1,1,1,1,1,1,1,1,1,1,1,6,6,6,1,1,1,1,1,1,1,6,1,1,1,1,1,6,1,1,1,1,1,6,1,1,1,1,1,1,1,1,1,1,6,1,1,1,1,6,1,1,1,6,1,1,1,6,6,6,6,1,1,1,1,1,1,1,1,1,1,1,1,1,1,1,1,1,1,1,1,1,6,1,1,1,1,1,1,1,1,1,1,1,1,1,1,1,1,1,1,1,1,1,1,1,1,1,1,1,1,1,1,1,1,1,1,1,1,1,1,1,1,1,1,1,1,1,1,1,1,1,1,1,1,1,1,1,1,1,1,1,1,1,1,1,1,1,1,1,1,1,1,1,1,1,1,1,1,1,1,1,1,1,1,1,1,1,1
163,21167,KELLY,200,1,1,1,6,1,6,1,1,1,1,1,6,6,6,6,6,6,6,6,1,6,1,1,1,1,1,1,6,6,1,1,1,1,1,1,6,6,6,6,6,6,6,6,1,6,6,6,6,6,1,1,6,1,1,1,6,1,1,1,1,1,1,6,1,1,1,1,1,1,1,1,1,1,1,1,1,1,1,1,1,1,1,1,1,1,1,1,1,1,1,1,1,1,1,1,1,1,1,1,1,1,1,1,6,6,6,6,6,6,6,6,6,1,1,1,1,6,6,1,1,6,1,6,6,1,1,1,1,1,1,6,1,6,6,1,1,1,1,6,6,6,6,6,6,6,6,1,6,6,6,1,6,6,6,6,6,1,9,9,9,9,9,9,9,9,9,9,9,9,9,9,1,1,1,1,1,1,1,1,1,1,6,1,6,1,1,1,1,1,1,1,1,1,1,1,1,1,1,1,1,1,1,1,6,1,6,1,1,1,1,1,1,1,6,1,1,1,1,1,1,1,1,1,1,1,1,1,1,1,1,1,1,1,1,1,1,1,1,1,1,1,6,1,1,1,1,1,1,1,1,1,1,1,1,1,1,1,1,1,1,1,1,1,1,1,6,1,1,1,1,1,1,1,1,1,1,1,6,6,6,1,6,1,1,1,1,1,1,1,1,1,6,1,1,1,1,1,1,1,1,1,1,1,6,1,1,1,1,1,1,1,1,6,1,1,1,6,1,1,1,1,1,1,1,1,1,1,1,1,1,1,1,1,1,6,1,1,1,1,6,1,6,1,1,1,1,1,1,6,6,1,6,1,1,1,6,6,6,6,6,1,6,6,6,6,1,1,1,6,1,1,1,1,1,1,6,1,1,1,1,1,1,1,6,6,6,6,6,6,1,1,1,1,6,6,6,1,6,6,6,1,1,6,6,1,1,1,1,1,1,1,1,1,1,6,6,6,6,6,6,6,6,6,6,1,1,6,1,6,1,6,1,6,1,1,1,1,1,1,1,1,1,1,6,6,6,1,6,6,6,6,6,6,1,1,1,1,6,6,6,6,1,6,6,6,1,1,6,1,6,1,6,1,6,6,6,1,1,1,6,1,6,1,1,1,1,1,1,6,6,1,1,6,6,6,1,1,1,6,6,6,6,1,6,6,6,1,6,1,1,1,6,6,1,6,1,1,6,6,6,6,6,6,1,1,6,1,1,1,1,1,1,1,6,6,1,1,1,1,6,1,1,1,1,1,1,6,1,1,1,1,6,6,1,6,1,1,1,9,9,9,9,6,1,1,6,1,1,1,1,1,1,1,6,6,6,6,6,1,1,1,1,1,6,6,6,1,1,1,1,1,1,6,6,1,6,1,1,1,1,1,1,1,6,1,1,1,1,1,1,1,6,1,1,1,1,1,6,1,1,1,1,1,1,1,1,1,6,1,1,1,1,1,1,1,1,1,1,1,1,6,1,1,1,6,6,1,1,6,1,1,1,6,1,1,1,1,1,1,1,6,1,1,1,1,1,1,1,1,1,1,1,6,1,1,1,1,1,1,6,1,6,1,1,1,1,1,1,1,6,1,1,1,1,1,1,1,1,1,6,1,1,1,1,1,1,1,1,1,1,1,1,6,6,6,1,1,1,1,1,1,6,6,1,1,1,1,1,1,1,1,1,1,1,9,9,9,9,6,1,1,1,1,1,6,1,1,1,1,1,1,1,1,1,1,1,1,1,1,1,1,1,1,1,1,1,1,1,1,1,1,6,1,1,1,1,1,1,1,1,1,1,6,1,1,6,1,1,1,1,1,1,1,1,6,1,1,1,1,1,6,1,1,1,6,1,6,1,1,1,1,1,1,6,1,6,1,6,1,1,1,1,1,1,1,1,6,1,1,1,1,1,1,6,1,1,1,1,1,1,1,1,6,1,1,1,1,1,1,1,1,1,1,1,1,1,1,1,6,1,1,6,6,6,6,1,6,1,6,1,6,1,1,1,1,1,1,1,1,1,1,1,6,1,6,1,1,1,1,1,1,1,1,1,1,1,1,1,1,1,6,6,1,6,1,1,6,6,1,1,6,1,1,1,1,1,1,1,1,6,1,1,1,1,1,6,6,6,6,1,1,1,1,6,6,1,1,1,1,1,1,1,1,6,1,1,1,1,1,6,6,6,6,6,6,6,6,6,6,1,1,6,6,1,1,1,1,1,1,1,1,1,1,1,1,1,1,1,1,1,1,6,1,6,1,1,1,6,1,1,1,1,1,6,1,1,1,1,1,1,1,1,6,1,1,1,6,1,6,6,1,1,1,6,6,1,6,1,6,1,1,1,1,1,1,1,6,1,1,1,6,1,1,6,1,9,9,1,1,1,1,1,1,1,1,1,1,1,6,6,6,6,1,1,1,1,1,1,6,1,1,1,1,1,6,1,1,1,1,1,6,1,1,1,1,1,1,1,1,1,1,6,1,1,1,1,6,1,1,1,6,1,1,1,6,6,6,6,1,1,1,1,1,1,1,1,1,1,1,1,1,6,1,1,1,1,1,1,1,6,1,1,1,1,1,1,1,1,1,1,1,1,1,1,1,1,1,1,1,1,1,1,1,1,1,1,1,1,1,1,1,1,1,1,1,1,1,1,1,1,1,1,1,1,1,1,1,1,1,1,1,1,1,1,1,1,1,1,1,1,1,1,1,1,1,1,1,1,1,1,1,1,1,1,1,1,1,1,1,1,1,1,1,1,1,1
164,21170,MARINO,200,1,1,1,6,1,6,1,1,1,1,1,6,6,6,6,6,6,6,6,1,6,1,1,1,1,1,1,6,6,1,1,1,1,1,1,6,6,6,6,6,6,6,6,1,6,6,6,6,6,1,1,6,1,1,1,6,1,1,1,1,1,1,6,1,1,1,1,1,1,1,1,1,1,1,1,1,1,1,1,1,1,1,1,1,1,1,1,1,1,1,1,1,1,1,1,1,1,1,1,1,1,1,1,6,6,6,6,6,6,6,6,6,1,1,1,1,6,6,1,1,6,1,6,6,1,1,1,1,1,1,6,1,6,6,1,1,1,1,6,6,6,6,6,6,6,6,1,6,6,6,1,6,6,6,6,6,1,9,9,9,9,9,9,9,9,9,9,9,9,9,9,1,1,1,1,1,1,1,1,1,1,6,1,6,1,1,1,1,1,1,1,1,1,9,9,9,9,9,9,9,9,9,9,9,9,9,9,1,1,1,1,1,1,6,1,1,1,1,1,1,9,9,9,9,9,9,9,9,9,9,9,9,9,9,9,9,9,9,1,1,1,6,1,1,1,1,1,1,1,1,1,1,1,1,1,1,9,1,1,1,1,1,1,1,1,6,1,1,1,1,1,1,1,1,1,1,1,6,6,6,1,6,1,1,9,9,9,9,9,9,9,9,9,9,9,9,9,9,1,1,1,1,1,6,1,1,1,1,1,1,1,1,6,1,1,1,6,1,1,1,1,1,1,1,1,1,1,1,1,1,1,1,1,1,6,6,1,1,1,6,1,6,1,1,1,1,1,1,6,6,1,6,1,1,1,6,6,6,6,6,1,6,6,6,6,1,1,1,6,1,1,1,1,1,1,6,1,9,9,9,1,1,1,6,6,6,6,6,6,1,1,1,1,6,6,6,1,6,6,6,1,1,6,6,1,1,1,1,1,1,1,1,1,1,1,6,6,6,6,6,6,6,6,6,1,1,6,1,6,1,6,1,6,1,1,1,1,1,1,1,1,1,1,6,1,6,6,6,6,6,6,1,6,1,1,1,1,6,6,6,6,1,6,6,6,9,9,6,1,6,1,6,1,6,6,6,1,1,1,6,1,6,1,9,1,1,1,1,6,6,6,1,9,6,6,1,1,6,6,6,6,9,9,6,1,6,6,6,6,1,1,6,6,1,6,1,1,6,6,6,6,6,9,9,9,6,1,1,1,1,1,1,1,6,6,1,1,1,1,6,1,1,1,1,1,1,6,1,1,1,1,6,6,6,6,1,1,1,9,9,9,9,9,9,9,9,9,1,1,1,1,1,1,6,6,6,6,6,1,1,1,1,1,6,6,6,1,1,1,1,1,1,6,6,1,6,1,1,1,1,1,1,1,6,1,1,1,1,1,1,1,6,1,1,1,1,1,6,1,1,1,1,1,1,1,1,1,6,1,1,1,1,1,1,1,1,1,1,1,1,6,1,1,1,6,6,1,1,6,1,1,1,6,1,1,1,1,1,1,1,6,1,1,1,1,1,1,1,1,1,1,1,6,1,1,1,1,1,1,6,1,6,1,1,1,1,1,1,1,6,1,1,1,1,1,1,1,1,1,6,1,1,1,1,1,1,1,1,1,1,1,1,6,6,6,1,1,1,1,1,1,6,6,1,1,1,1,1,1,1,1,1,1,1,1,1,1,1,6,1,1,1,1,1,6,1,1,1,1,1,1,1,1,1,1,1,1,1,1,1,1,1,1,1,1,1,1,1,1,1,1,1,1,1,1,1,1,1,1,1,1,1,6,1,1,6,1,1,1,1,1,1,1,1,6,1,1,1,1,1,6,1,1,1,6,1,6,1,1,1,1,1,1,6,1,6,1,6,1,1,1,1,1,1,1,1,6,1,1,1,1,1,1,1,1,1,1,1,1,1,1,1,6,1,1,1,1,1,1,1,1,1,1,1,1,1,1,1,6,1,1,6,6,6,6,1,6,1,6,1,6,1,1,1,1,1,1,1,1,1,1,1,6,1,6,1,1,9,9,9,1,1,1,1,1,1,1,1,1,1,6,6,1,6,1,1,6,1,1,1,6,1,9,1,1,1,1,1,1,6,1,1,1,1,1,6,6,6,6,1,1,6,6,6,6,1,1,1,1,1,1,1,1,6,1,1,1,1,1,1,6,6,6,6,6,6,6,6,6,1,6,6,6,1,1,1,1,1,1,1,1,1,1,1,1,1,1,1,1,1,1,6,1,6,1,1,1,6,1,1,1,1,1,6,1,1,1,1,1,1,1,1,6,1,1,1,6,1,6,1,1,1,1,1,1,1,6,1,6,1,1,1,1,1,1,1,6,1,1,1,6,1,1,6,1,1,1,1,1,1,1,1,1,1,1,1,1,6,6,6,6,6,1,1,1,1,1,1,6,1,1,1,1,1,6,1,1,1,1,1,6,1,1,1,1,1,1,1,1,1,1,6,1,1,9,9,6,1,1,1,6,1,1,1,6,6,6,6,1,1,1,1,1,1,1,1,1,1,1,1,1,1,1,1,1,1,1,1,1,6,1,1,1,1,1,1,1,1,1,1,1,1,1,1,1,1,1,1,1,1,1,9,1,1,1,1,1,1,1,1,1,1,9,1,1,1,1,1,1,1,1,1,1,1,1,1,1,1,1,1,1,1,1,1,1,1,1,1,1,1,1,1,1,1,1,1,1,1,1,1,1,1,1,1,1,1,1,1,1,1,1,1,1,1,1,1
165,21171,BARLETTA,200,1,1,1,6,1,6,1,1,1,1,1,6,6,6,6,6,6,6,6,1,6,1,1,1,1,1,1,6,6,1,1,1,1,1,1,6,6,6,6,6,6,6,6,1,6,6,6,6,6,1,1,6,1,1,1,6,1,1,1,1,1,1,6,1,1,1,1,1,1,1,1,1,1,1,1,1,1,1,1,1,1,1,1,1,1,1,1,1,1,1,1,1,1,1,1,1,1,1,1,1,1,1,1,1,6,6,6,6,6,6,6,6,1,1,1,1,6,6,1,1,6,1,6,6,1,1,1,1,1,1,6,1,6,9,1,1,1,1,9,9,9,9,9,9,9,9,9,9,9,9,9,9,9,9,9,9,9,1,1,1,1,1,1,6,6,6,1,1,1,1,1,1,1,1,1,1,1,1,1,1,1,6,1,6,1,1,1,1,1,1,1,1,1,1,1,1,1,1,1,1,1,1,1,6,1,6,1,9,9,1,1,1,1,6,1,1,1,1,1,1,1,1,1,1,1,1,1,1,1,1,1,1,1,1,1,1,1,1,1,1,1,6,1,1,1,1,1,1,1,1,1,1,1,1,1,1,1,1,1,1,1,1,1,1,1,6,1,1,1,1,1,1,1,1,1,1,1,6,6,6,1,6,1,1,9,9,1,1,1,1,1,6,1,1,1,1,1,1,1,1,1,1,1,6,1,1,1,1,1,1,1,1,6,1,1,1,6,1,1,1,1,1,1,1,1,1,1,1,1,1,1,1,1,1,6,1,1,1,1,6,1,6,1,1,1,1,9,1,6,6,1,9,1,1,1,6,6,6,6,6,1,6,6,6,6,1,1,1,6,1,1,1,1,1,1,6,1,1,1,1,1,1,1,6,6,6,6,6,6,1,1,1,1,6,6,6,1,6,6,6,1,1,6,6,1,1,1,1,1,1,1,1,1,1,6,6,6,6,6,6,6,6,6,6,1,1,6,1,6,1,6,1,6,1,1,1,1,1,1,1,1,1,1,6,1,6,6,6,6,6,6,6,6,1,6,1,1,6,6,6,6,1,6,6,6,1,1,6,1,6,1,6,1,6,6,6,1,1,1,6,6,6,1,1,1,1,1,1,6,6,1,1,6,6,6,1,1,1,6,6,1,1,1,6,1,6,1,6,6,1,1,6,6,1,6,1,1,6,6,6,6,6,6,1,1,6,1,1,1,1,1,1,1,6,6,1,1,1,1,9,9,9,1,1,1,1,6,1,1,1,1,6,6,6,6,1,1,1,9,9,9,9,6,1,1,6,1,9,9,9,9,9,9,9,9,9,9,9,9,9,1,1,1,6,6,6,1,1,1,1,1,1,6,6,1,6,1,1,1,1,1,1,1,6,1,1,1,1,1,1,1,6,1,1,1,1,1,6,1,1,1,1,1,1,1,1,1,6,1,1,1,1,1,1,1,1,1,1,1,1,6,1,1,1,9,6,1,1,6,1,1,1,6,1,1,1,1,1,1,1,6,1,1,1,1,1,1,1,1,1,9,9,6,1,1,1,1,1,1,9,9,9,9,1,1,1,1,1,1,6,1,1,1,1,1,1,1,1,1,6,1,1,1,1,1,1,1,1,1,1,1,1,6,6,9,1,1,1,1,1,1,6,6,1,1,1,1,9,1,1,1,1,1,1,9,9,9,9,6,1,1,1,1,1,6,1,1,1,1,1,1,1,1,1,1,1,1,1,1,1,1,1,1,1,1,1,1,1,1,1,1,1,1,1,1,1,1,1,1,1,1,1,6,1,1,6,6,9,9,1,1,1,1,1,6,1,1,1,1,1,6,1,1,1,6,1,6,1,1,1,1,1,1,6,1,6,1,6,1,1,1,1,1,9,9,9,6,1,1,1,1,1,1,1,1,1,1,1,1,1,1,1,6,1,1,1,1,1,1,9,9,1,1,1,1,1,1,1,6,1,1,6,6,6,6,1,6,1,6,1,6,1,1,1,1,1,1,1,1,1,1,1,6,1,6,1,1,9,9,9,1,1,1,1,1,1,1,1,1,1,6,6,1,6,1,1,6,1,1,1,6,1,1,1,1,1,1,1,1,6,1,1,1,1,1,6,6,6,6,1,1,6,6,6,6,1,1,1,1,1,1,1,1,6,1,1,1,1,1,1,6,6,6,6,6,6,6,6,6,1,1,6,6,1,1,1,1,1,1,9,1,1,1,1,1,9,9,9,1,1,1,6,1,6,9,1,1,6,1,1,1,1,1,6,1,1,1,9,1,1,1,1,6,6,1,1,6,1,6,6,9,9,1,6,6,6,6,1,6,1,1,1,1,1,1,1,6,1,1,1,6,1,1,9,9,1,1,1,1,1,1,1,1,1,1,1,1,6,6,6,6,6,1,1,1,1,1,1,6,1,1,1,1,1,6,1,1,1,1,1,6,1,9,9,1,1,1,1,1,1,1,6,1,1,1,1,6,1,9,9,6,1,9,9,6,6,6,6,1,1,9,9,9,1,1,1,9,9,9,9,9,1,1,1,1,9,9,1,1,6,1,1,9,9,1,1,1,9,9,9,9,9,9,9,1,1,1,9,9,9,9,9,9,9,9,9,9,9,9,9,9,9,9,9,1,1,1,1,1,1,1,1,1,1,1,1,1,1,1,1,1,1,1,1,1,1,1,1,1,1,1,1,1,1,1,1,1,1,1,9,9,9,9,9,9,9,9,9,9,9,9,9,9,9,9,9
166,21172,CICILLINE,100,6,6,6,1,6,1,6,6,6,1,6,1,1,1,1,1,1,1,1,6,1,6,1,1,6,6,1,1,1,6,6,6,1,6,6,1,1,1,1,1,1,1,1,6,1,1,1,1,1,6,6,1,6,6,6,1,6,6,1,1,6,6,1,6,1,1,6,6,6,6,6,6,6,6,6,6,6,1,1,6,6,6,6,6,1,1,6,6,6,6,6,6,6,6,6,6,6,6,1,6,1,6,6,1,1,1,1,1,1,1,1,1,6,6,6,6,1,1,6,6,1,6,1,1,6,1,6,6,6,6,1,6,1,1,1,1,6,6,1,1,1,1,1,1,1,1,6,1,1,1,6,1,1,1,1,1,6,9,9,9,6,6,1,1,1,1,6,6,1,1,1,1,1,1,6,6,1,6,6,1,6,1,1,1,6,1,6,6,1,6,6,1,1,1,1,6,6,6,6,6,6,6,6,1,6,1,6,1,1,6,6,6,6,1,6,6,6,6,1,1,1,1,6,6,1,1,1,6,6,1,1,1,1,6,1,1,1,1,6,6,1,1,6,1,6,6,1,1,1,1,6,6,6,1,6,1,1,6,6,6,1,6,6,6,1,1,6,9,9,6,6,1,6,6,6,1,1,1,1,1,6,1,1,1,1,1,6,6,6,6,6,1,6,6,6,6,6,6,1,1,6,6,1,1,6,1,6,9,9,6,6,6,1,6,6,6,1,6,1,6,1,1,1,6,6,1,1,1,1,6,6,1,6,6,1,6,1,6,6,1,6,1,6,1,1,6,6,1,1,1,6,1,6,6,6,6,1,1,1,1,6,1,1,1,1,6,6,6,6,6,6,6,6,6,1,1,6,1,1,1,6,6,9,1,1,1,1,1,1,6,6,6,6,1,1,1,6,1,1,1,6,1,1,1,6,6,6,1,6,6,6,1,6,6,6,6,1,6,1,1,1,1,1,1,6,6,6,6,1,1,1,1,1,6,6,1,1,1,1,1,6,6,1,6,6,6,6,6,1,6,6,6,6,6,6,6,6,1,1,1,1,6,6,1,1,6,6,6,6,1,6,1,6,1,1,1,6,6,1,6,6,1,6,1,6,6,6,6,1,1,6,1,6,1,1,6,6,1,1,1,1,1,6,1,1,1,6,6,6,6,6,6,1,6,1,6,6,6,1,1,1,1,6,6,1,1,6,9,6,1,6,6,1,1,1,6,6,6,1,1,6,6,1,1,6,6,1,6,1,6,6,6,1,6,1,6,1,1,6,6,1,1,1,1,1,1,1,1,1,1,6,6,1,1,1,1,1,1,6,1,6,6,1,1,1,1,6,6,9,1,6,6,1,1,6,1,6,1,6,6,6,6,6,1,6,1,1,1,6,6,1,1,6,6,6,6,1,1,6,1,6,1,1,1,6,6,1,1,6,1,6,6,1,1,1,6,1,6,6,6,1,6,6,6,1,1,6,1,1,6,1,6,1,1,1,1,1,6,6,1,1,6,1,6,6,1,1,1,6,1,1,1,1,6,6,6,6,6,6,1,6,1,6,6,1,1,6,6,1,1,6,1,6,1,1,6,6,6,1,1,6,1,6,6,1,6,6,6,1,1,1,1,6,6,6,9,6,6,6,1,1,1,1,6,1,1,1,6,6,1,1,6,1,1,6,6,6,6,1,6,6,1,1,6,6,6,1,6,6,1,6,1,1,6,6,6,1,1,1,6,6,6,6,6,6,6,6,1,1,1,6,6,6,6,6,6,1,1,6,6,1,1,1,6,6,1,6,9,1,6,6,6,6,6,1,6,1,1,1,1,1,6,6,6,1,6,1,6,6,1,6,6,1,1,6,1,6,1,6,6,6,1,1,6,6,1,1,6,1,6,6,1,1,1,1,1,1,1,1,6,6,6,1,6,6,6,1,1,1,6,6,1,1,1,1,1,6,6,1,6,1,1,9,6,6,6,1,1,6,6,1,1,6,1,1,6,6,6,6,6,6,6,1,6,1,6,1,1,1,1,6,9,6,1,1,1,6,6,1,1,6,6,6,6,6,6,6,6,1,6,1,6,6,9,9,9,6,6,1,1,6,1,6,6,6,1,6,1,1,6,1,1,1,1,1,6,6,1,1,1,6,6,1,1,1,1,6,6,1,6,1,1,6,1,1,6,1,6,6,6,6,1,1,6,1,1,6,6,6,1,1,1,6,6,1,1,1,1,6,6,6,1,6,1,1,6,6,1,6,6,6,6,6,1,1,1,1,6,6,1,6,1,1,6,6,6,1,1,1,6,6,9,6,6,6,1,1,1,1,6,1,1,6,6,6,6,1,6,6,6,1,6,1,1,6,1,9,6,6,1,1,1,1,7,1,6,6,6,1,1,1,6,6,6,6,6,6,6,1,6,6,6,6,6,1,6,6,6,6,6,1,6,1,1,6,6,6,6,6,1,1,1,6,6,6,1,1,6,6,6,1,1,6,6,1,1,1,1,6,6,9,9,9,6,1,1,1,1,6,6,1,1,1,1,6,6,6,6,6,1,6,1,1,9,6,1,6,1,1,6,1,1,1,1,1,1,1,6,6,1,1,1,1,1,1,1,1,1,1,1,1,1,6,1,1,1,1,1,1,1,1,1,1,1,1,1,1,1,1,6,1,1,1,6,6,6,6,1,6,1,1,1,1,1,1,1,1,1,1,1,1,6,1,1,1,1,1,1,1,1,6,1,1,6,6,1
167,21174,DUNCAN,200,1,1,1,6,1,6,1,1,1,1,1,6,6,6,6,6,6,6,6,1,6,1,9,9,9,9,9,9,9,9,1,1,1,1,1,6,6,6,6,6,6,6,6,1,6,6,6,6,6,1,1,6,1,1,1,6,1,1,9,9,1,1,6,1,1,1,1,1,1,1,1,1,1,1,1,1,1,9,9,1,1,1,1,1,1,1,1,1,1,1,1,1,1,1,1,1,1,1,1,1,1,1,1,6,6,6,6,6,6,6,6,6,1,1,1,1,6,6,1,1,6,1,6,6,1,1,1,1,1,1,6,1,6,6,1,1,1,1,6,6,6,6,6,6,6,6,1,6,6,6,1,6,9,6,6,6,1,1,1,1,1,1,1,6,6,6,1,1,1,1,1,9,9,9,1,1,1,1,1,1,1,6,1,6,1,1,1,1,1,1,1,1,1,9,9,1,1,1,1,1,1,1,1,6,1,6,1,1,1,1,1,1,1,6,1,1,1,1,1,1,1,1,1,1,6,1,1,1,1,1,9,1,1,1,1,1,1,1,1,1,1,6,1,1,1,9,1,6,1,1,1,1,1,1,1,1,1,1,1,1,1,1,1,1,1,9,9,1,1,1,1,1,1,1,1,1,1,6,6,6,1,6,1,1,1,1,1,1,1,1,1,6,1,1,1,1,1,1,1,1,1,1,1,6,1,1,1,1,1,1,1,1,6,1,1,1,6,1,6,1,1,1,1,1,1,1,1,1,1,1,1,1,1,1,6,1,1,1,1,6,1,6,1,1,1,1,1,1,6,6,1,6,1,1,1,6,6,6,6,6,1,6,6,1,6,1,1,1,1,6,1,1,1,1,1,6,1,1,1,1,1,1,1,6,6,6,6,6,6,1,1,1,1,6,6,6,1,6,6,6,1,1,6,6,1,1,1,1,9,1,1,1,1,1,1,1,6,1,6,6,6,6,6,6,1,1,1,1,6,6,6,6,6,1,1,1,1,1,1,1,1,1,1,1,1,1,1,1,6,1,1,1,1,1,1,1,1,6,6,6,6,1,1,6,6,1,1,1,1,6,1,6,1,1,6,6,1,1,6,1,1,6,1,1,1,1,1,1,6,6,1,1,1,6,6,1,1,6,6,6,6,6,6,6,6,6,1,1,1,1,1,1,6,1,6,1,1,1,6,6,6,6,1,1,6,6,1,1,1,1,1,1,1,6,6,1,1,1,1,6,1,1,1,1,1,1,6,1,1,1,1,6,6,6,6,1,1,1,1,1,1,1,6,1,6,6,1,1,1,1,1,1,1,6,6,6,6,6,1,1,1,1,1,6,6,6,1,1,1,1,1,1,6,6,1,6,1,1,1,1,1,1,1,6,1,1,1,1,1,1,1,6,1,1,1,1,1,6,1,1,1,1,1,1,1,1,1,6,1,1,1,1,1,1,1,1,1,1,1,1,6,1,1,1,6,6,1,1,6,1,1,1,6,1,1,1,1,1,1,1,6,1,1,1,1,1,1,1,1,1,1,1,6,1,1,1,1,1,1,6,1,6,1,9,9,9,1,1,1,6,1,1,1,1,1,1,1,1,1,6,1,1,1,1,1,1,1,6,1,1,1,1,6,6,6,1,1,1,1,1,1,1,6,6,1,1,1,1,1,1,1,1,1,1,1,1,1,1,6,1,1,1,1,1,6,1,1,1,1,1,1,1,1,1,1,1,1,1,1,1,1,1,1,1,1,1,1,1,1,6,1,6,1,1,1,6,9,9,9,9,9,9,9,9,9,9,9,1,1,1,1,1,1,1,6,1,6,6,1,1,6,1,1,1,6,1,6,1,1,1,1,1,1,6,1,6,1,6,1,1,1,9,9,1,1,1,6,1,6,1,1,1,1,6,1,1,1,1,6,1,1,1,6,1,1,1,1,1,1,1,1,1,1,1,1,1,1,1,6,1,1,6,1,1,6,1,6,1,1,1,6,1,1,1,1,1,1,1,1,1,1,1,6,1,6,1,6,1,1,1,1,1,1,1,1,1,1,1,6,1,6,1,1,1,1,1,1,1,1,1,6,1,6,1,1,1,1,1,6,6,1,1,1,1,1,6,6,6,6,1,1,6,6,1,6,1,1,1,1,1,1,1,6,6,1,1,1,1,6,1,6,6,1,6,6,1,6,1,1,1,1,6,6,1,1,1,6,1,1,9,1,1,1,1,1,1,1,6,1,9,1,6,1,6,1,1,1,6,1,1,1,1,1,6,1,1,1,1,1,1,1,1,6,6,1,1,6,1,6,1,1,1,1,6,6,6,6,6,6,1,1,1,1,1,1,1,6,1,1,1,6,1,1,6,1,1,1,1,1,1,1,1,9,9,9,9,9,9,9,9,9,9,1,1,1,1,1,1,6,1,1,1,1,1,6,1,1,1,1,1,6,1,1,1,1,1,1,1,1,6,1,6,1,1,1,1,6,1,1,1,6,1,1,1,6,6,6,6,1,1,1,1,1,1,1,6,1,1,1,1,6,6,1,6,6,1,1,1,1,6,1,1,1,1,1,9,9,1,1,1,6,1,1,1,1,1,1,1,1,6,6,1,9,9,9,9,9,9,9,9,9,9,9,9,9,9,9,9,9,9,9,9,9,9,9,9,9,9,9,9,9,9,9,9,9,9,9,9,9,9,1,1,1,1,1,1,1,1,1,1,1,1,1,1,6,1,1,1,1,1,1,1,1,1,6,6
168,21175,GOWDY,200,1,9,1,6,1,6,1,1,1,1,1,6,6,6,6,6,6,6,6,1,6,1,1,1,1,1,1,6,6,1,1,1,1,1,1,6,6,6,6,6,6,6,6,1,6,6,6,6,6,1,1,6,1,1,1,6,1,1,1,1,1,1,6,1,1,1,1,1,1,1,1,1,1,1,1,1,1,1,1,1,1,1,1,1,1,1,1,1,1,1,1,1,1,1,1,1,1,1,1,1,1,1,1,1,6,6,6,6,6,6,6,6,1,1,1,1,6,6,1,1,6,1,6,6,1,1,1,1,1,1,6,1,6,6,1,1,1,1,6,6,6,6,6,6,6,6,1,6,6,6,1,6,6,6,6,6,1,1,1,1,1,1,1,6,6,6,1,1,1,1,1,1,1,1,1,1,1,1,1,1,1,6,1,6,1,1,1,1,6,1,1,1,1,1,1,1,1,1,1,1,1,1,1,6,1,6,1,1,1,1,1,1,1,6,1,1,1,1,1,1,1,1,1,1,1,1,1,1,1,1,1,1,1,1,1,1,1,1,1,1,1,6,1,1,1,1,1,1,1,1,1,1,1,1,1,1,1,1,1,1,1,1,1,1,1,6,1,1,1,1,1,1,1,1,1,1,1,6,6,6,1,6,1,1,1,1,1,1,1,1,1,6,1,1,1,1,1,1,1,1,1,1,1,6,1,1,1,1,1,1,1,1,6,1,1,1,6,1,1,1,1,1,1,1,1,1,1,1,1,1,1,1,1,6,6,1,1,1,1,6,1,6,1,1,1,1,1,1,6,6,1,6,1,1,1,6,6,6,6,6,1,6,6,1,6,1,1,1,1,1,1,1,1,1,1,6,1,1,1,1,1,1,1,6,6,6,6,6,6,1,1,1,1,6,6,6,1,6,6,6,1,1,6,6,1,1,1,1,1,1,1,1,1,1,1,1,6,1,6,6,6,6,6,6,1,1,1,1,6,6,6,6,6,1,1,1,1,1,1,1,1,1,1,1,1,1,1,1,6,1,1,1,1,1,1,1,1,6,6,6,6,1,1,6,6,1,1,1,1,6,1,6,1,6,6,6,1,1,1,1,1,6,1,1,1,1,1,1,6,6,1,6,6,6,6,1,1,6,6,6,6,6,1,6,6,6,1,6,1,1,1,1,6,1,6,1,1,1,6,6,6,6,1,1,6,6,1,1,1,1,1,1,1,6,6,1,1,1,1,6,1,1,1,1,1,1,6,1,1,1,1,6,6,1,6,1,1,1,1,1,1,1,6,1,1,6,1,1,1,1,1,1,1,6,6,6,6,6,1,1,1,1,1,6,6,6,1,1,1,1,1,1,6,6,1,6,1,1,9,9,9,9,1,6,1,9,9,9,1,1,1,6,1,1,1,1,1,6,1,1,1,1,1,1,1,1,1,6,1,1,1,1,1,1,1,1,1,1,1,1,6,1,1,1,6,6,1,1,6,1,1,1,6,1,1,1,1,1,1,1,6,1,1,1,1,1,1,1,1,1,9,9,6,1,1,1,1,1,1,6,1,6,1,1,1,1,1,1,1,6,1,1,1,1,1,1,1,1,1,6,1,1,1,1,1,1,1,1,1,1,1,1,6,6,6,1,1,1,1,1,6,6,6,1,1,1,1,1,1,1,1,1,1,1,1,1,1,1,6,1,1,1,1,1,6,1,1,1,1,9,1,1,1,1,1,1,1,1,1,1,1,1,1,1,1,1,1,9,9,9,9,9,1,1,1,1,1,1,1,1,1,1,6,1,1,6,1,1,1,1,1,1,1,1,6,1,1,1,1,1,6,1,1,1,6,1,6,1,1,1,1,1,1,6,1,6,1,6,1,1,1,1,1,1,1,1,6,1,1,1,1,1,1,1,1,1,9,9,9,1,1,1,6,1,1,1,9,9,1,1,1,1,1,9,9,9,9,9,9,9,9,9,9,9,9,9,9,9,9,9,9,9,9,9,9,1,1,1,1,1,1,1,6,1,6,1,1,9,9,9,1,1,1,1,1,1,1,1,1,1,6,6,1,6,1,1,6,6,1,1,6,1,9,9,9,9,1,1,1,6,1,1,1,1,1,6,6,6,6,1,1,6,6,1,6,1,1,9,9,9,1,1,1,6,1,1,1,1,6,1,6,6,6,6,6,1,6,1,1,1,1,6,6,1,9,9,9,1,1,1,1,1,1,1,1,1,1,1,1,1,1,6,1,6,1,1,1,6,1,1,1,1,1,6,1,9,9,9,9,9,9,9,6,6,1,1,6,1,6,1,1,1,1,6,6,6,6,6,6,1,9,9,1,1,1,1,6,1,1,1,6,1,1,6,1,9,9,1,1,1,1,1,1,1,1,1,1,1,6,6,6,6,1,1,1,1,1,1,6,1,1,1,1,1,6,1,1,1,1,1,6,1,1,1,1,1,1,1,1,1,1,6,1,1,1,1,9,9,1,1,6,1,1,1,6,6,6,6,1,1,1,1,1,1,1,1,9,9,1,1,1,1,1,1,1,1,1,1,1,6,1,1,9,9,1,9,9,9,9,1,9,9,9,9,1,1,1,1,1,1,1,1,9,9,9,9,9,9,9,9,9,9,1,1,1,1,1,1,1,1,1,1,1,1,1,1,1,1,1,1,1,1,1,1,1,1,1,1,1,1,9,9,9,9,9,9,9,9,9,9,9,9,9,9,9,9,9,9,9,9,9,9,9,9,9,9
169,21177,NOEM,200,1,1,1,6,1,6,1,1,1,1,1,6,6,6,6,6,6,6,6,1,6,1,1,1,1,1,1,6,6,1,1,1,1,1,1,6,6,6,6,6,6,6,6,1,6,6,6,6,6,1,1,6,1,1,1,6,1,1,1,1,1,1,6,1,1,1,1,1,1,1,1,1,1,1,1,1,1,1,1,1,1,1,1,1,1,1,1,1,1,1,1,1,1,1,1,1,1,1,1,1,1,1,1,6,6,6,6,6,6,6,6,6,1,1,1,1,6,6,1,1,6,1,6,6,1,1,1,1,1,1,6,1,6,6,1,6,1,1,6,6,6,6,6,6,6,6,1,6,6,6,1,6,6,6,6,6,1,1,1,1,1,1,6,6,6,6,1,1,1,1,1,1,1,1,1,1,1,1,1,1,1,6,1,6,1,1,1,1,6,1,1,1,6,1,1,1,1,1,1,1,1,1,1,6,1,6,1,1,1,1,1,1,1,6,1,1,1,1,1,1,1,1,1,1,1,1,1,1,1,1,1,1,6,1,1,1,1,1,1,1,1,6,1,6,1,1,1,6,1,1,1,1,1,1,1,1,1,1,1,1,1,1,1,1,9,9,9,1,1,1,1,1,1,1,1,1,1,6,6,6,1,6,1,1,1,1,1,1,1,1,1,6,1,1,1,1,1,1,9,9,1,1,1,6,1,1,1,1,1,1,1,1,9,1,1,1,6,1,1,1,1,1,1,1,1,1,1,1,1,1,1,1,1,6,6,1,1,1,1,6,1,6,1,1,1,1,1,1,6,6,1,6,1,1,6,6,6,6,6,6,1,6,6,6,6,6,1,1,1,6,1,1,1,1,1,6,1,1,1,1,1,1,1,6,6,6,6,6,6,1,1,1,1,6,6,6,1,6,6,6,1,1,6,6,1,1,1,1,1,1,1,1,1,1,6,6,6,1,6,6,6,6,6,6,1,1,6,1,6,6,6,6,6,1,1,1,1,1,1,1,1,1,1,1,1,6,1,1,6,6,6,1,6,1,1,1,1,6,6,6,6,1,1,6,6,1,1,1,1,6,1,6,1,6,6,6,1,1,6,6,1,6,1,1,1,1,1,1,6,6,1,6,6,6,6,1,1,6,6,6,6,1,1,6,6,6,1,1,1,1,1,1,6,1,6,1,1,1,6,6,6,6,1,1,6,6,1,1,1,1,1,1,1,6,6,1,1,1,1,6,1,1,1,1,1,1,6,1,1,1,1,6,6,6,6,1,1,1,1,1,1,1,6,1,6,6,1,1,1,6,1,1,1,6,6,6,6,6,1,1,1,1,1,6,6,6,1,1,1,1,1,1,6,6,1,6,1,1,1,1,1,1,1,6,1,1,1,6,1,1,6,6,1,1,1,1,1,6,1,1,1,1,1,1,1,1,1,6,1,1,1,1,1,1,1,1,1,1,1,1,6,1,1,1,6,6,1,1,6,1,1,1,6,1,1,1,1,1,1,1,6,1,1,1,1,1,1,1,1,1,1,1,6,1,9,1,1,1,1,6,1,6,1,1,1,1,1,1,1,6,1,1,1,1,1,1,1,1,1,6,1,1,1,1,1,1,1,6,1,1,1,1,6,6,6,1,1,1,1,1,1,6,6,1,1,9,9,9,9,9,9,9,9,9,9,9,9,9,9,9,9,9,1,1,6,1,1,1,1,1,1,1,1,1,1,1,1,1,1,1,1,1,1,1,1,1,1,1,1,1,1,6,1,1,1,6,1,1,1,1,1,1,6,1,1,6,1,9,9,1,1,1,1,1,6,1,1,1,1,1,6,1,1,1,6,1,6,1,1,1,1,1,1,6,1,6,1,6,1,1,1,1,1,1,1,1,6,1,6,1,1,1,1,6,1,1,1,1,1,1,1,1,6,1,1,9,9,9,1,1,1,1,1,1,9,9,9,9,9,9,9,9,9,9,9,9,9,9,9,9,9,9,9,1,1,1,1,1,1,1,1,1,6,1,6,1,1,1,1,1,1,1,1,1,1,1,1,1,1,6,6,6,1,6,1,1,6,1,6,1,6,1,1,1,1,1,1,1,6,6,1,1,1,1,1,6,6,6,6,1,1,6,6,6,6,9,9,9,9,9,9,9,9,9,9,9,9,9,9,9,9,9,9,9,9,9,9,9,9,9,9,9,9,9,1,1,1,1,1,1,1,1,1,1,1,1,1,1,1,1,1,6,1,6,1,1,1,6,6,1,1,1,1,9,9,1,1,1,1,1,1,1,6,6,1,1,6,1,6,6,1,1,1,6,6,6,6,6,6,1,9,1,1,1,1,1,6,1,1,1,6,1,1,6,1,1,1,1,1,1,1,1,1,1,1,1,1,1,6,6,6,1,1,1,1,1,1,1,6,1,1,1,1,1,6,1,1,1,1,1,6,1,9,9,9,9,9,9,9,9,9,6,1,1,1,1,6,1,1,1,6,1,1,1,9,9,9,9,9,9,1,1,1,1,1,1,1,1,1,1,1,1,1,1,1,1,1,1,1,6,1,1,9,9,9,9,9,9,9,9,9,9,9,9,9,9,9,9,9,9,1,1,9,9,9,9,9,9,9,9,9,9,9,9,9,9,9,9,9,9,9,9,9,9,9,9,9,9,9,9,9,9,9,9,9,9,9,9,9,9,9,9,9,9,9,9,9,9,9,9,9,9,9,9,9,9,9,9,9,9,9,9,9,9,9,9
170,21178,FLEISCHMANN,200,1,1,1,6,1,6,1,1,1,1,1,6,6,6,6,6,6,6,6,1,6,1,1,1,1,1,1,6,6,1,1,1,1,1,1,6,6,6,6,6,6,6,6,1,6,6,6,6,6,1,1,6,1,1,1,6,1,1,1,1,1,1,6,1,1,1,1,1,1,1,1,1,1,1,1,1,1,1,1,1,1,1,1,1,1,1,1,1,1,1,1,1,1,1,1,1,1,1,1,1,1,1,1,6,6,6,6,6,6,6,6,6,1,1,1,1,6,6,1,1,6,1,6,6,1,1,1,1,1,1,6,1,6,6,1,1,1,1,6,6,6,6,6,6,6,6,1,6,6,6,1,6,6,6,6,6,1,1,1,1,1,1,1,6,6,6,1,1,1,1,1,1,1,1,1,1,1,1,1,1,1,6,1,6,1,1,1,1,1,1,1,1,1,1,1,1,1,1,1,1,1,1,1,6,1,6,1,1,1,1,1,1,1,6,1,1,1,1,1,1,1,1,1,1,1,1,1,1,1,1,1,1,1,1,1,1,1,1,1,1,1,6,1,1,1,1,1,1,1,1,1,1,1,1,1,1,1,1,1,1,1,1,1,1,1,6,1,1,1,1,1,1,1,1,1,1,1,6,6,6,1,6,1,1,1,1,1,1,1,1,1,6,1,1,1,1,1,1,1,1,1,1,1,6,1,1,1,1,1,1,1,1,6,1,1,1,6,1,1,1,1,1,1,1,1,1,1,1,1,1,1,1,1,1,6,1,1,1,1,6,1,6,1,1,1,1,1,1,6,6,1,6,1,1,1,6,6,6,6,6,1,6,6,1,6,1,1,1,1,6,1,1,1,1,1,6,1,1,1,1,1,1,1,6,6,6,6,6,6,1,1,1,1,6,6,6,1,6,6,6,1,1,6,6,1,1,1,1,1,1,1,1,1,1,6,6,6,1,6,6,6,6,6,6,1,1,6,1,1,1,6,6,6,1,1,1,1,1,1,1,1,1,1,1,6,6,6,6,6,6,6,1,6,1,6,1,1,6,6,6,6,1,1,6,6,1,1,6,1,6,1,6,1,6,6,6,1,1,1,6,1,6,1,1,1,1,1,1,6,6,1,6,6,6,6,1,1,6,6,6,6,6,6,6,6,6,6,6,1,1,1,6,6,1,6,1,1,1,6,6,6,6,6,1,1,6,1,1,1,1,1,1,1,6,6,1,1,1,1,6,1,1,1,1,1,1,6,1,1,1,1,6,6,1,6,1,1,1,1,1,1,1,6,1,1,6,1,1,1,1,1,1,1,6,6,6,6,6,1,1,1,1,1,6,6,6,1,1,1,1,1,1,6,6,1,6,1,1,1,1,1,1,1,6,1,1,1,1,1,1,1,6,1,1,1,1,1,6,1,1,1,1,1,1,1,1,1,6,1,1,1,1,1,1,1,1,1,1,1,1,6,1,1,1,6,6,1,1,6,1,1,1,6,1,1,1,1,1,1,1,6,1,1,1,1,1,1,1,1,1,1,1,6,1,1,1,1,1,1,6,1,6,1,1,1,1,1,1,1,6,1,1,1,1,1,1,1,1,1,6,1,1,1,1,1,1,1,1,1,1,1,1,6,6,6,1,1,1,1,1,1,6,6,1,1,1,1,1,1,1,1,1,1,1,1,1,1,1,6,1,1,1,1,1,6,1,1,1,1,1,1,1,1,1,1,1,1,1,1,1,1,1,1,1,1,1,1,1,1,1,1,1,1,1,1,1,1,1,1,1,1,1,6,1,1,6,1,1,1,1,1,1,1,1,6,1,1,1,1,1,6,1,1,1,6,1,6,1,1,1,1,1,1,6,1,6,1,6,1,1,1,1,1,1,1,1,6,1,1,1,1,1,1,1,1,1,1,1,1,1,1,1,6,1,1,1,1,1,1,1,1,1,1,1,1,1,1,1,6,1,1,6,6,1,6,1,6,1,6,1,6,1,1,1,1,1,1,1,1,1,1,1,6,1,6,1,1,1,1,1,1,1,1,1,1,1,1,1,1,1,6,1,1,1,1,1,6,6,1,1,6,1,1,1,1,1,1,1,1,6,1,1,1,1,1,6,6,6,6,1,1,6,6,1,6,1,1,1,1,1,1,1,1,6,1,1,1,1,1,1,6,6,6,6,6,6,6,6,6,1,1,6,6,1,1,1,1,1,1,1,1,1,1,1,1,1,1,1,1,1,1,6,1,6,1,1,1,6,1,1,1,1,1,6,1,1,1,1,1,1,1,1,6,6,1,1,6,1,6,6,1,1,1,6,6,1,6,6,6,1,1,1,1,1,1,1,6,1,1,1,6,1,1,6,1,1,1,1,1,1,1,1,1,1,1,1,1,1,6,6,6,6,1,1,1,1,1,1,6,1,1,1,1,1,6,1,1,1,1,1,6,1,1,1,1,1,1,1,1,1,1,6,1,1,1,1,6,1,1,1,6,1,1,1,6,6,6,6,1,1,1,1,1,1,1,1,1,1,1,1,1,1,1,1,1,1,1,1,1,6,1,1,1,1,1,1,1,1,1,1,1,1,1,1,1,1,1,1,1,1,1,1,1,1,1,1,1,1,1,1,1,1,1,1,1,1,1,1,1,1,1,1,1,1,1,1,1,1,1,1,1,1,1,1,1,1,1,1,1,1,1,1,1,1,1,1,1,1,1,1,1,1,1,1,1,1,1,1,1,1,1,1,1,6,1,1
171,21179,DESJARLAIS,200,1,1,1,6,1,6,1,1,1,1,1,6,6,6,6,6,6,6,6,1,6,1,1,1,1,1,1,6,6,1,1,1,1,1,1,6,6,6,6,6,6,9,6,1,6,6,6,6,6,1,1,6,1,1,1,6,1,1,1,1,1,1,6,1,9,9,1,1,1,1,1,1,1,1,1,1,1,1,1,1,1,1,1,1,1,1,1,1,1,1,1,1,1,1,1,1,1,1,1,1,6,1,1,6,6,6,6,6,6,6,6,6,1,1,1,1,6,6,1,1,6,1,6,6,1,1,1,1,1,1,6,1,9,6,1,1,1,1,6,6,6,6,6,6,6,6,1,6,6,6,1,6,6,6,6,6,1,9,9,9,1,1,1,6,6,6,1,1,1,1,1,1,1,1,1,1,1,1,1,1,1,6,1,6,1,1,1,1,1,1,1,1,1,1,1,1,1,1,1,1,1,1,1,6,1,6,1,1,1,1,1,1,1,6,1,1,1,1,1,1,1,1,1,1,1,1,1,1,1,1,1,1,1,1,6,1,1,1,1,1,1,6,1,1,1,1,1,6,1,1,1,1,1,1,1,1,1,1,1,1,1,1,1,1,1,6,1,1,1,1,1,1,1,1,1,1,9,6,6,6,1,6,1,1,1,1,1,1,1,1,1,6,1,1,1,1,1,1,1,1,1,1,1,6,1,1,1,1,1,1,1,1,6,1,1,1,6,1,6,1,1,1,1,1,1,1,1,1,1,1,1,1,1,1,6,1,1,1,1,6,1,6,1,1,1,1,1,1,6,6,1,6,1,1,1,6,6,6,6,6,1,6,6,1,6,1,1,1,1,6,1,1,1,1,1,6,1,1,1,1,1,1,1,6,9,6,6,6,6,1,1,1,1,6,6,6,1,6,6,6,1,1,6,6,1,1,1,1,1,1,1,1,1,1,1,1,6,1,6,6,6,6,6,6,1,1,1,1,6,6,6,6,6,1,1,1,1,1,1,1,1,1,1,1,1,1,1,1,6,1,1,1,1,1,1,1,1,6,6,6,6,1,1,6,6,1,1,6,1,6,1,6,1,6,6,6,1,1,6,1,1,6,1,1,1,1,1,1,6,6,1,6,6,6,6,1,1,6,6,6,6,6,6,6,6,6,1,1,1,1,1,1,6,1,6,1,1,1,6,6,6,6,1,1,6,6,1,1,1,1,1,1,1,6,6,1,1,1,1,6,1,1,9,9,9,9,6,1,1,1,1,6,6,1,6,1,9,9,9,9,1,1,6,1,6,6,1,1,1,1,1,1,1,6,6,6,6,6,1,1,1,1,1,6,6,6,1,1,1,9,9,9,6,6,1,6,1,1,1,1,1,1,1,6,1,9,9,9,9,9,9,6,1,1,1,1,1,6,1,1,1,1,1,1,1,1,1,6,1,1,1,1,1,1,1,1,1,1,1,1,6,1,1,1,6,6,1,1,6,1,9,1,6,1,1,1,1,1,1,1,6,1,1,1,1,1,1,1,1,6,9,9,9,9,1,1,1,1,1,6,1,6,1,1,1,1,1,1,1,6,1,1,1,1,1,1,1,1,1,6,1,6,1,1,1,1,1,6,1,1,1,1,6,6,6,1,1,1,1,1,1,1,6,1,1,1,1,1,1,1,1,1,1,1,1,1,1,1,6,1,1,1,1,1,6,1,1,1,1,1,1,9,9,1,1,1,1,1,1,1,1,1,1,1,1,1,1,1,1,1,1,1,1,1,1,1,1,1,1,1,1,1,6,1,1,6,1,1,1,1,1,1,1,1,6,1,6,1,1,1,6,1,1,1,6,1,6,1,1,1,1,1,1,6,1,6,1,6,1,1,1,1,1,1,1,1,6,1,1,1,1,1,1,6,1,1,1,1,9,1,1,1,6,1,1,1,1,1,1,1,1,1,1,9,1,1,1,1,6,1,1,6,6,1,6,6,6,1,1,1,6,1,1,1,1,1,1,1,1,1,1,1,6,1,6,1,1,9,1,1,1,1,1,1,1,1,1,1,1,1,6,1,1,1,1,1,6,6,1,1,6,1,1,9,9,9,9,9,9,6,1,1,1,1,1,6,6,6,6,1,1,6,6,1,6,1,1,1,1,1,1,1,1,6,1,1,1,1,1,1,6,6,6,6,6,1,6,1,6,1,1,6,6,1,1,1,1,1,1,1,1,1,1,1,1,1,1,6,1,1,1,6,1,6,1,1,1,6,1,1,1,1,1,6,1,1,1,1,1,1,1,1,6,6,1,1,6,1,6,1,1,1,1,1,1,1,6,6,6,1,1,1,1,1,1,1,6,1,1,1,6,1,1,6,1,1,1,1,1,1,1,1,1,1,1,1,1,1,6,6,6,1,1,1,1,1,1,1,6,1,1,1,1,1,6,1,1,1,1,1,6,1,1,1,1,1,1,1,1,1,1,6,1,1,1,1,6,1,1,1,6,1,1,1,6,6,6,6,1,1,1,1,1,1,1,1,1,1,1,1,1,6,1,1,1,9,9,1,1,6,1,1,1,1,9,1,1,9,9,9,9,9,1,1,1,1,1,1,1,1,1,9,1,1,1,1,1,1,1,1,1,1,1,1,1,1,1,1,1,1,1,1,1,1,1,1,1,1,1,1,1,1,1,1,1,1,1,1,1,1,1,1,1,1,1,1,1,1,1,1,1,1,1,1,6,1,1,1,1,1,1,1,1,1,1,6
172,21180,BLACK,200,1,1,1,6,1,6,1,1,1,1,1,6,6,6,6,6,6,6,6,1,6,1,1,1,1,1,1,9,6,1,1,1,1,1,1,6,6,6,6,6,6,6,6,1,6,6,6,6,6,1,1,6,1,1,1,6,1,1,1,1,1,1,6,1,1,1,1,1,1,1,1,1,1,1,1,1,1,1,1,1,1,1,1,1,1,1,1,1,1,1,1,1,1,1,1,1,1,1,1,1,1,1,1,1,6,6,6,6,6,6,6,6,1,1,1,1,6,6,1,1,6,1,6,6,1,1,1,1,1,1,6,1,6,6,1,1,1,1,6,6,6,6,6,6,6,6,1,6,6,6,1,6,6,6,6,6,1,1,1,1,1,1,1,6,9,6,1,1,1,1,1,1,1,1,1,1,1,9,1,1,1,6,1,6,1,1,1,1,1,1,1,1,1,1,1,1,1,1,1,1,1,1,1,6,1,6,1,1,1,1,1,1,1,6,1,1,1,1,1,1,1,1,1,1,1,1,1,1,1,1,1,1,1,1,1,1,1,1,1,1,1,6,1,1,9,1,1,6,1,1,1,1,1,1,1,1,1,1,1,1,1,1,1,1,1,6,1,9,9,9,9,1,9,9,9,9,9,9,9,9,9,6,1,1,1,1,1,1,1,1,1,6,1,1,1,1,1,1,1,1,1,1,1,6,1,1,1,1,1,1,1,1,6,1,1,1,6,1,1,1,1,1,1,1,1,9,1,1,1,1,1,1,9,6,6,1,1,1,1,6,1,6,1,1,1,1,1,1,6,6,1,6,1,1,1,6,6,6,6,6,1,6,6,6,6,1,1,1,1,6,1,1,1,1,1,6,1,1,1,1,1,1,1,6,6,6,6,6,6,1,1,1,1,6,6,6,1,6,6,6,1,1,6,6,1,1,1,1,1,1,1,1,1,1,6,6,6,1,6,6,6,6,6,6,1,1,1,1,6,6,6,6,6,1,1,1,1,1,1,1,1,1,1,1,1,1,1,1,6,6,1,1,1,1,1,1,1,6,6,6,6,1,1,6,6,1,1,1,1,6,1,6,1,6,6,6,1,1,6,1,1,6,1,1,1,1,1,1,6,6,1,6,1,6,6,1,1,6,6,6,6,6,6,6,9,9,9,9,9,9,9,9,9,9,6,1,1,1,6,6,6,6,1,1,6,6,1,1,1,1,1,9,9,6,6,1,1,1,1,6,1,1,1,1,1,1,6,1,1,1,1,6,6,1,6,1,1,1,1,1,1,1,9,9,9,9,9,1,1,1,1,1,1,6,6,6,6,6,1,1,1,1,1,6,6,6,1,1,1,1,1,1,6,6,1,6,1,1,9,9,9,9,9,9,9,1,1,1,1,1,1,9,9,9,1,1,1,6,1,1,1,1,1,9,9,9,9,6,1,1,1,1,1,1,1,1,9,9,1,1,6,1,1,1,6,6,1,1,6,1,1,1,6,1,1,1,1,1,1,1,6,1,1,1,1,1,1,1,1,6,1,1,6,1,9,1,1,1,1,6,1,6,1,1,1,1,1,1,1,6,1,1,1,1,1,1,1,1,1,6,1,1,1,1,1,1,1,1,1,1,1,1,6,6,6,1,1,1,1,1,1,6,6,6,1,1,1,1,1,1,1,1,1,1,1,1,1,1,6,1,1,1,1,1,6,1,1,1,1,1,1,1,6,1,1,1,1,9,9,1,1,1,1,1,1,1,1,1,9,9,9,9,9,9,9,9,9,9,1,1,1,1,6,1,1,6,1,9,9,9,9,9,9,9,9,9,9,9,9,9,6,9,1,1,6,1,9,9,1,1,1,1,1,6,1,6,1,6,1,1,1,9,9,9,9,9,6,1,1,1,1,1,1,6,1,1,1,1,1,9,1,1,6,1,1,1,9,9,9,9,9,9,9,9,9,9,9,9,9,9,9,9,9,9,9,9,9,9,9,9,9,9,9,1,1,1,1,1,1,1,1,1,9,1,9,9,9,1,1,1,1,1,1,1,1,1,1,9,9,1,6,1,1,6,1,1,6,1,1,1,6,1,1,9,9,9,9,9,9,9,9,9,9,9,9,9,9,9,9,9,9,9,9,9,9,9,9,1,1,9,1,1,1,6,1,1,1,1,1,1,6,6,6,6,6,6,6,1,1,1,1,6,6,1,1,1,1,1,1,1,1,9,9,9,9,9,9,9,9,9,9,9,9,9,9,9,9,6,1,1,1,1,1,9,9,9,9,9,9,9,9,9,9,9,9,9,9,9,9,9,9,9,9,9,9,9,9,9,9,9,1,1,1,1,1,1,6,1,9,9,9,9,9,9,9,9,9,9,9,1,1,1,9,9,9,9,9,9,9,9,9,9,9,9,9,9,9,9,9,9,9,9,9,9,9,9,9,9,9,9,9,9,9,9,9,9,9,9,9,9,9,9,9,9,9,9,6,1,1,1,6,1,1,1,6,6,6,6,1,1,1,1,1,1,1,1,1,1,1,1,1,1,1,1,1,1,1,1,1,6,1,1,1,1,9,9,9,1,9,9,9,9,1,9,1,1,1,9,9,9,1,1,9,9,9,9,9,9,9,9,9,9,9,9,9,9,9,9,9,9,9,9,9,9,9,9,9,9,9,9,9,9,9,9,9,9,9,9,9,9,9,9,9,9,9,9,9,9,9,9,9,9,9,9,9,9,9,9,9,9,9,9,9,9,9,9
173,21182,FLORES,200,1,1,1,6,1,6,1,1,1,1,1,6,6,6,6,6,6,6,6,1,6,1,1,1,1,1,6,6,6,1,1,1,1,1,1,6,6,6,6,6,6,6,6,1,6,6,6,6,6,1,1,6,1,1,1,6,1,1,1,1,1,1,6,1,1,1,1,1,1,1,1,1,1,1,1,1,1,1,1,1,1,1,1,1,1,1,1,1,1,1,1,1,1,1,1,1,1,1,1,1,6,1,1,1,6,6,6,6,6,6,6,6,1,1,1,1,6,6,1,1,6,1,6,6,1,1,1,1,1,1,6,1,6,6,1,1,1,1,6,6,6,6,6,6,6,6,1,6,6,6,1,6,6,6,6,6,1,1,1,1,1,1,6,6,6,6,1,1,1,1,6,1,1,1,1,1,1,1,1,1,1,6,1,6,1,1,1,1,1,1,1,1,6,1,1,1,1,1,1,1,1,1,1,6,1,6,1,1,1,1,1,1,1,6,1,1,1,1,1,1,1,1,1,1,1,1,6,1,1,1,1,1,6,1,9,1,1,1,1,1,1,6,1,6,1,1,1,1,1,6,1,1,6,1,1,1,1,1,1,1,1,1,1,1,1,6,1,1,1,1,1,1,1,1,1,1,1,6,6,6,1,6,1,1,1,1,1,1,1,1,1,6,1,1,1,1,1,1,1,1,1,1,6,6,1,1,1,1,1,1,1,1,6,1,1,1,6,1,1,1,1,1,1,9,1,6,1,1,1,1,1,6,1,6,6,1,1,1,1,6,1,6,1,1,1,1,1,1,6,6,1,6,1,1,1,6,6,6,6,6,1,6,6,1,6,1,1,1,1,6,1,1,1,1,1,6,1,1,1,1,1,1,1,6,6,6,6,6,6,1,1,1,1,6,6,6,1,6,6,6,1,1,6,6,1,1,1,1,1,1,1,1,1,1,1,1,6,1,6,6,6,6,6,1,1,1,1,6,6,6,6,6,6,1,1,1,1,1,1,1,1,1,6,1,6,1,1,1,6,1,1,1,1,1,1,1,1,6,6,6,6,1,1,6,6,6,1,6,1,6,1,6,1,6,6,6,1,1,1,1,1,6,1,1,1,1,1,1,6,6,1,6,6,6,6,1,1,6,6,6,6,6,6,6,6,6,1,1,1,1,1,1,6,1,6,1,1,1,6,6,6,6,1,1,6,6,1,1,9,9,1,1,6,6,6,1,1,1,1,6,1,1,1,1,1,1,6,1,1,1,1,6,6,1,6,1,1,1,1,1,9,9,6,1,1,6,1,1,1,6,1,1,1,6,6,6,6,6,1,1,1,1,6,6,6,6,1,1,1,1,1,1,6,6,1,6,1,1,1,1,1,1,1,6,1,1,1,6,1,1,6,6,1,1,1,1,1,6,1,1,1,1,1,6,1,1,6,6,1,1,1,1,1,1,1,1,1,1,1,1,6,1,1,1,6,6,1,1,9,9,9,9,9,1,1,6,1,1,1,1,6,1,1,1,1,1,6,1,1,1,1,1,6,1,1,1,1,1,1,6,1,6,1,1,1,1,1,1,1,6,1,1,1,1,6,1,1,1,1,6,1,6,1,1,1,6,1,1,1,1,1,1,6,6,6,1,1,1,1,1,6,6,6,1,1,1,1,1,1,1,1,1,1,6,1,1,1,1,6,1,1,1,1,1,6,1,1,1,1,1,1,1,1,1,1,1,1,1,6,1,1,1,1,1,1,1,1,1,1,6,1,1,1,1,1,1,9,9,1,1,1,1,6,1,1,6,1,1,1,1,1,1,1,1,6,1,1,1,1,1,6,1,1,1,6,1,6,1,1,1,1,1,1,6,1,6,1,6,1,1,1,1,1,1,1,1,6,1,6,1,1,1,1,1,1,1,1,1,6,1,1,1,6,1,1,1,1,1,1,1,1,1,1,1,1,1,1,1,6,1,1,6,6,1,6,1,6,1,1,1,6,1,1,1,1,1,1,1,1,1,1,1,6,1,6,1,6,1,1,1,1,1,1,1,1,1,1,1,6,1,6,6,1,6,1,1,6,6,1,1,6,1,1,1,1,1,1,1,6,6,1,1,1,1,1,6,6,6,6,1,1,6,6,1,6,1,1,1,1,1,1,1,1,6,1,1,9,9,9,1,6,6,6,6,6,1,6,1,1,1,1,6,6,1,1,1,6,1,1,1,1,1,1,1,1,1,1,6,1,1,1,6,1,6,1,1,1,6,1,1,1,1,1,6,1,1,1,1,1,1,1,1,6,1,1,1,6,1,1,6,1,1,1,1,1,6,6,1,6,1,1,1,1,1,1,1,6,1,1,1,6,1,1,6,1,1,1,1,1,9,9,9,1,1,1,1,1,1,6,6,6,1,1,1,1,1,1,1,6,1,1,1,1,1,6,1,1,1,1,1,6,1,1,1,1,1,1,1,1,1,1,6,1,1,1,1,6,1,1,1,6,1,1,1,6,6,9,6,1,1,1,1,1,1,1,1,1,1,1,1,1,1,1,1,1,1,1,1,1,6,1,1,1,1,1,1,1,1,1,1,6,1,1,1,1,1,1,1,1,6,1,1,9,9,9,9,9,9,9,9,9,9,1,1,1,1,1,1,1,1,1,1,1,1,1,1,1,1,1,1,1,1,1,1,1,1,1,1,1,1,1,1,1,1,1,1,1,1,1,1,1,1,1,1,1,1,1,1,1,1,1,1,1,1,1,1
174,21187,HERRER,200,1,1,1,6,1,6,1,1,1,1,1,6,6,6,6,6,6,6,6,1,6,1,1,1,1,1,6,6,6,1,1,1,1,1,1,6,6,6,6,6,6,6,6,1,6,6,6,1,6,1,1,6,1,1,1,6,1,1,1,1,1,1,6,1,1,1,1,1,1,1,1,6,1,1,1,1,1,1,1,1,1,1,1,1,1,1,1,1,1,1,1,1,1,1,1,1,1,1,1,1,1,1,1,1,6,6,6,6,6,6,6,6,1,1,1,1,6,6,1,1,6,1,6,6,1,1,1,1,1,1,6,1,6,6,1,1,1,1,6,6,6,6,6,6,6,6,1,6,6,6,1,6,6,6,6,6,1,1,1,1,1,1,6,6,6,6,1,1,1,1,6,1,1,1,1,1,1,1,1,1,1,6,1,6,1,1,1,1,6,1,1,1,6,1,1,1,1,1,1,1,6,1,1,6,1,6,1,1,1,1,1,1,1,6,1,1,1,1,1,1,1,1,1,1,1,1,6,1,1,1,1,1,1,1,1,1,1,1,1,1,1,6,1,6,1,1,1,1,1,6,1,1,1,1,6,1,1,1,1,1,1,1,1,1,1,6,1,1,1,1,1,1,1,1,1,1,1,6,6,6,1,6,1,1,1,1,1,1,1,1,1,6,1,1,1,1,1,1,1,1,1,1,6,6,1,1,1,1,1,1,1,1,6,1,1,1,6,1,1,1,1,1,1,1,1,6,1,1,1,1,1,6,1,6,6,1,1,1,1,6,1,6,1,1,1,1,1,1,6,6,1,6,1,1,1,6,6,6,6,6,1,6,6,1,6,1,1,1,1,6,1,1,1,1,1,6,1,1,1,1,1,1,1,6,6,6,6,6,6,1,1,1,1,6,6,6,1,6,6,6,1,1,6,6,1,1,1,1,1,1,1,1,1,1,6,6,6,1,6,6,6,6,6,1,1,1,6,1,6,6,6,1,6,1,1,1,1,9,9,1,1,1,6,1,1,1,6,6,6,6,6,1,6,1,1,1,1,1,6,1,6,1,1,6,6,6,1,6,1,6,1,6,6,6,6,6,1,1,6,6,6,6,1,1,1,1,1,1,6,6,6,1,6,6,6,1,1,1,6,1,1,6,1,1,1,1,1,6,6,6,1,6,6,1,6,1,1,1,6,6,6,6,1,1,1,6,1,1,1,1,1,1,6,6,6,1,1,1,1,6,1,1,1,1,1,1,6,1,1,1,1,6,6,6,6,1,1,1,1,1,1,1,6,1,1,6,1,1,1,6,1,1,1,6,6,6,6,6,1,1,1,1,1,6,6,6,1,1,1,1,1,1,6,6,1,6,1,1,1,1,1,1,1,6,1,1,1,1,1,1,6,6,1,1,1,1,1,6,1,1,1,1,1,6,1,1,6,6,1,1,1,1,1,1,1,1,9,9,9,9,6,1,1,1,6,6,1,1,6,1,6,1,6,1,1,6,1,1,1,1,6,1,1,1,1,1,6,1,1,1,1,1,6,1,1,1,1,1,1,6,1,6,1,1,1,1,1,1,1,6,1,1,1,1,6,1,1,1,1,6,1,6,1,1,1,6,1,1,1,1,1,1,6,6,9,1,1,1,1,1,6,1,6,6,1,1,1,1,1,1,1,1,1,6,1,1,1,1,6,1,1,1,1,1,6,1,1,1,1,1,9,1,1,1,1,1,1,1,6,1,1,1,1,1,1,1,1,1,1,6,1,6,1,1,1,6,1,1,1,1,1,1,6,1,1,6,1,1,1,1,1,1,1,1,6,1,1,1,1,1,6,1,1,1,6,1,6,1,1,1,1,1,1,6,1,6,1,6,1,1,1,1,1,1,1,1,6,1,6,1,1,1,1,1,1,1,9,9,9,1,1,1,6,1,1,1,1,1,1,1,1,1,1,1,1,1,1,1,6,1,1,6,6,1,1,1,6,1,1,1,6,1,1,1,1,1,1,1,1,1,1,1,6,1,6,1,1,1,1,1,1,1,1,1,1,1,1,1,6,6,1,6,1,6,1,1,6,1,1,1,6,1,6,1,1,1,1,1,6,6,1,1,1,1,1,6,6,6,6,1,1,6,6,1,6,1,1,1,1,1,1,1,6,6,1,1,1,1,6,1,6,1,6,6,6,1,6,6,6,1,1,6,6,1,1,1,6,1,1,1,1,1,1,1,1,9,1,6,1,1,1,6,1,6,1,1,1,6,1,1,1,1,1,6,1,1,1,1,1,1,1,1,6,1,1,1,6,1,6,1,1,1,1,1,6,6,6,6,6,1,1,1,1,1,1,1,6,1,1,1,6,1,1,6,1,1,1,1,1,1,1,1,1,1,1,1,1,1,6,1,6,6,1,1,1,1,1,1,6,1,6,6,6,1,6,1,1,1,1,1,6,1,9,1,1,1,1,1,1,1,1,6,1,1,1,1,6,1,1,1,6,1,1,1,6,6,6,6,1,1,1,1,1,1,1,1,1,1,1,1,1,1,1,1,1,1,1,1,1,6,1,1,1,1,1,1,1,1,1,1,1,1,1,1,1,1,1,1,1,6,1,1,1,1,1,1,1,1,1,1,1,1,9,9,1,1,1,1,1,1,1,1,1,1,1,1,1,1,1,1,1,1,1,1,1,1,1,1,1,1,1,1,1,1,1,1,1,1,1,1,1,1,1,1,1,1,1,1,1,1,1,1,1,1,6,1
175,21188,McKINLEY,200,1,1,1,6,1,6,1,1,1,1,1,6,6,6,6,6,6,6,1,1,6,1,1,1,1,1,6,6,6,1,1,1,1,1,1,6,6,6,6,1,6,6,6,1,6,6,6,6,6,1,1,6,1,1,1,6,1,1,1,1,1,1,6,1,1,1,1,1,1,1,1,1,1,1,1,1,1,1,1,1,1,1,1,1,1,1,1,1,1,1,1,1,1,1,1,1,1,1,1,1,1,1,1,1,6,6,6,6,6,6,6,6,1,1,1,1,6,6,1,1,6,1,6,6,1,1,1,1,1,1,6,1,6,6,1,1,1,1,6,6,6,6,6,1,6,6,6,6,6,6,1,6,6,6,6,6,1,1,1,1,1,1,6,1,6,6,1,1,1,1,6,1,1,1,1,1,1,1,1,1,1,6,1,6,1,1,1,1,6,1,1,1,6,1,1,1,1,1,1,1,1,1,1,6,1,6,1,1,1,1,1,1,1,6,1,1,1,1,1,1,1,1,1,1,1,1,6,1,1,1,1,1,6,1,1,1,1,1,1,1,1,6,1,6,1,1,1,1,1,6,1,1,6,1,1,1,1,1,1,1,1,1,1,1,1,6,1,1,1,1,1,1,1,1,1,1,1,6,6,6,1,6,1,1,1,1,1,1,1,1,1,6,1,1,1,1,1,1,1,1,1,1,6,6,1,1,1,1,1,1,1,1,6,1,1,1,6,1,1,1,1,1,1,1,1,6,1,1,1,1,1,6,1,6,6,1,1,1,1,6,1,6,1,1,1,1,1,1,6,6,1,6,1,1,1,6,6,6,6,6,1,6,6,1,6,1,1,1,6,1,1,1,1,1,1,6,1,1,1,1,1,1,1,6,6,6,6,6,6,1,1,1,1,6,6,6,1,6,6,6,1,1,6,6,1,9,9,9,1,1,1,1,1,1,1,1,6,6,6,6,6,6,6,1,1,1,6,6,6,1,6,1,6,1,1,1,1,1,1,1,1,1,6,6,6,6,1,6,1,6,6,6,6,1,1,1,1,6,6,6,6,1,6,6,6,1,1,6,1,6,1,6,1,1,6,6,1,1,1,6,1,6,1,1,1,1,1,1,6,6,1,1,6,6,6,1,1,6,6,6,1,1,1,6,6,1,6,6,6,1,1,6,6,1,6,1,1,1,6,6,6,6,6,1,1,6,1,1,1,1,1,1,6,6,6,1,1,1,1,6,1,1,1,1,1,1,6,1,1,1,1,6,6,6,6,6,1,1,1,1,1,1,6,1,1,6,1,1,1,6,1,1,1,6,6,6,6,6,1,1,1,1,6,6,6,6,1,1,1,1,1,1,6,6,1,6,1,1,1,1,1,1,1,6,1,1,1,6,1,1,6,6,1,1,1,1,1,6,1,1,1,1,1,6,1,1,6,6,1,1,1,1,1,1,1,1,1,1,1,1,6,1,1,1,6,1,6,1,6,1,6,1,6,1,1,6,1,1,1,1,6,1,1,1,1,1,6,1,1,1,1,1,6,1,1,1,1,1,1,6,1,6,1,1,1,1,1,1,1,6,1,1,1,1,6,1,1,1,1,6,1,6,1,1,1,6,1,1,1,1,1,1,6,6,6,1,1,1,6,1,6,6,6,1,1,1,1,1,1,1,1,1,1,6,1,1,1,1,6,1,1,1,1,1,6,1,1,1,1,1,1,1,1,1,1,1,1,1,6,1,1,1,1,1,1,1,1,1,1,6,1,6,1,1,1,1,1,1,1,1,1,1,6,1,1,6,1,1,1,1,1,1,1,1,6,1,1,1,1,1,6,1,1,1,6,1,6,1,1,1,1,1,1,6,1,6,1,6,1,1,1,1,1,1,1,1,6,1,6,1,1,1,1,1,1,1,1,1,6,1,1,1,6,1,1,1,1,1,1,1,1,1,1,1,1,1,1,1,6,1,1,1,6,6,6,6,6,1,6,1,6,1,1,1,1,1,1,1,1,1,1,1,6,1,6,1,6,1,1,1,1,1,1,1,1,1,1,1,6,6,6,6,1,6,1,1,6,6,1,1,6,1,6,1,1,1,1,1,6,6,1,1,1,1,1,6,6,6,6,1,1,1,1,1,6,1,1,9,1,1,1,1,6,6,1,1,1,1,6,6,6,6,6,6,6,1,6,6,6,1,1,6,6,1,1,1,6,1,1,1,1,1,1,1,1,1,1,6,1,1,1,6,1,6,1,1,1,6,1,1,1,1,1,6,1,1,1,1,1,1,1,1,6,1,1,1,6,1,6,1,1,1,1,1,1,6,6,6,6,1,1,1,1,1,1,1,6,1,1,1,6,1,1,6,1,1,1,1,1,1,1,1,1,1,1,1,1,6,6,6,6,6,1,1,1,1,1,1,6,1,1,1,6,1,6,1,1,1,6,1,6,1,1,1,1,1,1,1,1,1,1,6,1,1,1,1,6,1,1,1,6,1,1,1,6,6,6,6,1,1,1,1,1,1,1,1,1,1,1,1,1,1,1,1,1,1,1,1,1,6,1,1,1,1,1,1,1,1,1,1,1,1,1,1,1,1,1,1,1,6,1,1,1,1,1,1,1,1,1,1,1,1,1,1,1,1,1,1,1,1,1,1,1,1,1,1,1,1,1,1,1,1,1,1,1,1,1,1,1,1,1,1,1,1,1,1,1,1,1,1,1,1,1,1,1,1,1,1,1,1,1,1,1,1,1,1
176,21189,DUFFY,200,1,1,1,6,1,6,1,1,1,1,1,6,6,6,6,6,6,6,6,1,6,1,1,1,1,1,6,6,6,1,1,1,1,1,1,6,6,6,6,6,6,6,6,1,6,6,6,6,6,1,1,6,1,1,1,6,1,1,1,1,1,1,6,1,1,1,1,1,1,1,1,1,1,1,1,1,1,1,1,1,1,1,1,1,1,1,9,9,9,9,1,1,1,1,1,1,1,1,1,1,1,1,1,1,6,6,6,6,6,6,6,6,1,1,1,1,6,6,1,1,6,1,6,6,1,1,1,1,1,1,6,1,6,6,1,9,1,1,6,6,6,6,6,6,6,6,1,6,6,6,1,9,6,6,6,6,1,1,1,1,9,1,6,6,6,6,1,1,1,1,6,1,1,1,1,1,1,1,1,1,1,6,1,6,1,1,1,1,6,1,1,1,6,1,1,1,1,1,1,9,9,9,9,9,9,9,9,1,9,1,1,1,1,6,1,1,1,1,1,1,1,1,1,1,1,1,6,1,1,1,1,1,1,1,1,1,1,1,1,1,1,6,1,6,1,1,1,6,1,6,1,1,1,1,1,1,1,1,1,1,1,1,1,1,1,6,1,1,1,1,1,1,1,1,1,1,1,6,6,6,1,6,1,1,1,1,1,1,1,1,1,6,1,1,1,1,1,1,1,1,1,1,1,6,1,1,1,1,1,1,1,1,6,1,1,1,6,1,1,1,1,1,1,1,1,1,1,1,1,1,1,1,1,1,6,1,1,1,1,6,1,6,1,1,1,1,1,1,6,6,1,6,1,1,1,6,6,6,6,6,1,6,6,6,6,1,1,1,6,6,1,1,1,1,1,6,1,1,1,1,1,1,1,6,6,6,6,6,6,1,1,1,1,6,6,6,1,6,6,6,1,1,6,6,1,1,1,1,1,1,1,1,1,1,1,1,6,6,6,6,6,6,6,6,1,1,1,1,6,6,6,6,6,1,1,1,1,1,1,1,1,1,1,6,6,6,1,1,6,6,6,6,6,1,1,1,1,6,6,6,6,1,6,6,6,1,1,6,1,6,1,6,1,6,6,6,1,1,6,1,1,6,1,1,1,1,1,1,6,6,1,1,6,6,6,1,1,6,6,6,6,6,6,6,6,6,1,6,1,1,1,1,6,1,9,1,1,1,6,6,6,6,1,1,1,6,1,9,9,9,1,1,6,6,6,1,1,1,1,6,1,1,1,1,1,1,6,1,1,1,1,6,6,6,6,1,1,1,1,1,1,1,6,1,6,6,1,9,9,9,1,1,1,6,6,6,6,6,1,1,1,1,6,6,6,6,1,1,1,9,1,1,6,6,1,6,1,1,1,1,1,1,1,6,1,1,1,6,1,1,6,6,1,1,1,1,1,6,1,1,1,1,1,6,1,1,6,6,1,1,1,1,1,1,1,1,1,1,1,1,6,1,1,1,6,6,1,1,6,1,6,1,6,1,1,6,1,1,1,1,6,1,1,1,1,1,6,1,1,1,1,1,6,1,1,1,1,1,1,6,1,6,1,9,9,9,1,1,1,6,1,1,1,1,1,1,1,1,1,6,1,1,1,1,1,1,1,1,9,1,1,1,6,6,6,1,1,1,1,1,1,6,6,6,1,1,1,1,1,1,1,1,1,1,1,1,1,1,6,1,1,1,1,1,6,1,1,1,1,1,1,1,1,1,1,1,1,9,9,1,1,1,1,1,1,1,1,1,1,6,1,1,1,1,1,1,1,1,1,1,1,1,6,1,1,6,1,9,9,1,1,1,1,1,6,1,1,1,9,9,6,1,1,1,6,1,6,1,1,1,1,1,1,6,1,6,1,6,1,1,1,1,1,1,1,1,6,1,1,1,1,1,1,1,1,1,1,1,1,1,1,1,6,1,1,1,9,9,1,1,1,1,1,1,1,1,1,1,6,1,1,6,6,6,6,1,6,1,6,1,6,1,1,1,1,1,1,1,1,1,9,1,6,1,6,1,1,1,1,1,1,1,1,1,1,1,1,1,1,6,6,1,1,6,1,1,6,6,1,1,6,1,1,1,1,1,1,1,1,6,1,1,1,1,1,6,6,6,6,1,1,1,1,6,6,1,1,1,1,1,1,1,1,6,1,1,1,1,1,1,6,6,1,6,6,1,6,1,1,1,1,6,6,1,1,1,1,1,1,1,1,1,1,1,1,1,1,1,1,1,1,9,9,9,9,1,1,6,1,1,1,1,1,6,1,1,1,1,1,1,1,1,6,1,1,1,6,1,1,1,1,1,1,1,1,1,6,1,6,1,1,1,1,1,1,1,6,1,1,1,6,1,1,6,1,9,1,1,1,1,1,1,1,1,1,1,1,1,6,6,6,6,1,1,1,1,1,1,6,1,1,1,1,1,6,1,1,1,1,1,6,1,1,1,1,1,1,1,1,6,1,6,1,1,1,1,6,1,1,1,6,1,1,1,6,6,6,6,1,1,1,1,1,1,1,1,1,1,1,1,1,6,1,1,1,1,1,1,1,6,1,1,1,1,1,1,1,9,9,1,6,1,1,1,1,1,1,1,1,6,1,1,1,1,1,1,1,1,1,1,1,1,1,1,6,1,1,1,1,1,1,1,1,1,1,1,1,1,1,1,1,1,1,1,1,1,1,1,1,1,1,1,1,1,1,1,1,1,1,1,1,1,1,1,1,1,1,1,1,1,1,1,1,1,1,6
177,21191,GRIFFITH,200,1,1,1,6,1,6,1,1,1,1,1,6,6,6,6,6,6,6,6,1,6,1,1,1,1,1,6,6,6,1,1,1,6,1,1,6,6,6,6,6,6,6,6,1,6,6,6,6,6,1,1,6,1,1,1,6,1,1,1,1,1,1,6,1,1,1,1,1,1,1,1,1,1,1,1,1,1,1,1,1,1,1,1,1,1,1,1,1,1,1,1,1,1,1,1,1,1,1,1,1,6,1,1,1,6,6,6,6,6,6,6,6,1,1,1,1,6,6,1,1,6,1,6,6,1,1,1,1,1,1,6,1,6,6,1,1,1,1,6,6,6,6,6,6,6,6,7,6,1,6,6,6,1,1,6,6,6,1,1,1,1,1,1,6,6,6,1,1,1,1,1,1,1,1,1,1,1,1,1,1,1,6,1,6,1,1,1,1,6,1,1,1,6,1,1,1,1,1,1,1,1,1,1,6,1,6,1,1,1,1,1,1,1,6,1,1,1,1,1,1,1,1,1,1,1,1,1,1,1,1,1,1,1,1,1,1,1,1,1,1,9,6,1,1,1,1,1,6,1,1,1,1,1,1,1,1,1,1,1,1,1,1,1,1,1,1,6,1,1,1,1,1,1,1,1,1,1,6,6,6,1,6,1,1,1,1,1,1,1,1,1,6,1,1,1,1,1,1,1,1,9,9,9,9,9,9,1,1,1,1,1,1,6,1,1,1,6,1,1,1,1,1,1,1,1,1,1,1,1,1,1,1,6,6,6,6,1,1,1,6,1,6,1,1,6,1,1,1,6,6,1,6,1,1,1,6,6,6,6,6,1,6,6,1,6,1,1,1,1,6,1,1,1,1,1,6,6,1,1,1,1,1,1,6,6,6,6,6,6,1,1,1,1,6,6,6,1,6,1,6,1,1,6,6,1,1,1,1,1,1,1,1,1,1,1,1,6,1,6,6,6,6,6,6,1,1,1,6,6,6,6,6,6,1,1,1,1,1,1,1,1,1,1,1,1,1,1,6,6,1,1,1,1,1,1,1,1,6,6,6,6,1,1,6,6,1,1,1,1,6,1,6,1,6,6,6,1,1,6,1,1,6,1,1,1,1,1,1,6,6,1,6,1,6,6,1,1,6,6,6,6,6,1,6,6,6,1,1,1,1,1,1,6,1,9,1,1,1,6,6,6,6,1,1,1,6,1,1,1,9,1,1,1,6,6,6,1,1,1,6,1,6,1,1,1,1,6,1,1,1,1,6,6,6,6,1,1,1,1,1,1,1,6,1,6,6,1,1,1,1,1,9,1,6,7,6,1,6,1,1,1,1,1,6,6,6,1,1,1,9,1,1,6,6,1,6,1,1,1,1,1,1,1,6,1,1,1,1,1,1,1,6,1,1,1,1,1,6,1,1,1,6,1,1,1,1,1,6,1,6,1,1,1,1,1,1,1,6,1,1,6,1,1,1,6,6,1,1,6,1,1,1,6,9,9,9,1,1,1,1,6,1,1,1,1,6,1,1,6,6,1,1,6,1,1,1,1,1,1,6,1,6,1,1,1,1,1,1,1,6,1,1,1,1,1,1,1,1,1,6,1,1,1,1,1,1,1,6,1,1,1,1,6,6,6,1,1,1,1,1,1,1,9,6,1,1,1,1,1,1,1,1,1,1,1,1,1,1,6,1,1,1,1,1,6,1,1,1,1,1,1,1,6,1,1,1,1,1,1,1,1,1,1,1,1,1,1,1,1,1,1,6,1,1,1,6,1,1,1,1,1,1,6,1,1,6,1,1,1,1,1,1,1,1,6,1,6,6,1,1,6,1,1,1,6,1,6,1,1,1,1,1,1,6,1,6,1,6,1,1,1,1,1,1,1,1,6,1,1,1,6,1,1,6,1,1,1,1,1,1,1,1,6,1,1,1,1,1,1,1,1,1,1,1,1,6,1,1,6,1,1,6,6,1,6,6,6,1,1,6,6,1,1,1,1,1,1,1,1,1,1,1,6,1,6,1,9,1,1,1,1,1,1,1,1,1,1,1,1,1,6,6,1,6,1,1,1,1,1,1,6,1,1,1,1,1,1,1,1,6,1,1,1,1,1,6,6,6,6,1,1,1,1,1,6,1,6,1,6,6,1,1,1,6,1,1,1,1,1,1,1,6,1,6,6,9,6,1,1,1,1,6,6,1,1,1,1,1,1,1,1,9,9,1,1,1,1,1,1,1,1,6,1,6,1,1,1,6,1,1,1,1,1,6,1,1,6,1,1,1,1,1,6,1,1,1,6,1,6,1,1,1,1,1,6,6,6,1,6,1,1,1,1,1,1,1,6,1,1,1,6,1,1,6,1,1,1,1,1,1,1,1,6,1,1,1,1,1,6,6,6,1,1,1,1,1,1,1,6,6,1,1,1,1,6,1,1,1,1,1,6,1,1,1,1,1,1,1,1,1,1,6,1,1,1,6,6,1,1,1,6,1,1,1,6,6,6,6,1,6,1,1,1,1,1,1,1,1,1,6,1,1,1,6,6,1,1,1,1,6,1,1,1,1,6,1,1,1,1,1,1,1,1,1,1,1,1,1,1,1,1,1,1,1,1,1,1,6,1,1,1,1,1,9,1,1,1,1,1,1,1,1,1,1,1,1,1,1,1,6,1,1,1,1,1,1,1,1,1,6,1,1,1,1,1,1,1,1,1,6,6,1,1,1,6,1,1,1,1,1,1,1,1,1,6,1
178,21192,ROBY,200,1,1,1,6,1,6,1,1,1,1,1,6,6,6,6,6,6,6,6,1,6,1,1,1,1,1,1,6,6,1,1,1,1,1,1,6,6,6,6,6,6,6,6,1,6,6,6,6,6,1,1,6,1,1,1,6,1,1,1,1,1,1,6,1,1,1,1,1,1,1,1,1,1,1,1,1,1,1,1,1,1,1,1,1,1,1,1,1,1,1,1,1,1,1,1,1,1,1,1,1,1,1,1,1,6,6,6,6,6,6,6,6,1,1,1,1,6,6,1,1,6,1,6,6,1,1,1,1,1,1,6,1,6,6,1,1,1,1,6,6,6,6,6,6,6,6,1,6,6,6,1,6,6,6,6,6,1,1,1,1,1,1,1,6,6,6,1,1,1,1,1,1,1,1,1,1,1,1,1,1,1,6,1,6,1,1,1,1,1,1,1,1,1,1,1,1,1,1,1,1,1,1,1,6,1,6,1,9,9,1,1,1,1,6,1,1,1,1,1,1,1,1,1,1,1,1,1,1,1,1,1,1,1,1,1,1,1,1,1,1,1,6,1,1,1,1,1,1,1,1,1,1,1,1,1,1,1,1,1,1,1,1,1,1,1,6,1,1,1,1,1,1,1,1,1,1,1,6,6,6,1,6,1,1,1,1,1,1,1,1,1,6,1,1,1,1,1,1,1,1,1,1,1,6,1,1,1,1,1,1,1,1,6,1,1,1,6,1,1,1,1,1,1,1,1,1,1,1,1,1,1,1,1,6,6,1,1,1,1,6,1,6,1,1,1,1,1,1,6,6,1,6,1,1,1,6,6,6,6,6,1,6,6,6,6,1,1,1,1,1,1,1,1,1,1,6,1,1,1,1,1,1,1,6,6,6,6,6,6,1,1,1,1,6,6,6,1,6,6,6,1,1,6,6,1,1,1,1,1,1,1,1,1,1,6,6,6,1,6,6,6,6,6,6,1,1,6,1,6,6,6,6,6,1,1,1,1,1,1,1,1,1,1,1,1,1,1,1,6,6,6,1,6,1,6,1,1,6,6,6,6,1,1,6,6,6,1,6,6,6,1,6,1,6,6,6,1,1,6,6,1,6,1,1,1,1,1,1,6,6,1,6,6,6,6,1,1,6,6,6,6,6,6,6,6,6,6,6,1,1,1,6,6,1,6,1,1,1,6,6,6,6,6,1,6,6,1,1,1,1,1,1,1,6,6,1,1,1,1,6,1,1,1,1,1,1,6,1,1,1,1,6,6,6,6,1,1,1,1,1,1,1,6,1,1,6,1,1,1,1,1,1,1,6,6,6,6,6,1,1,1,1,1,6,6,6,1,1,1,1,1,1,6,6,1,6,1,1,1,1,1,1,1,6,1,1,1,1,1,1,1,6,1,1,1,1,1,6,1,1,1,1,1,1,1,1,1,6,1,1,1,1,1,1,1,1,1,1,1,1,6,1,1,1,6,6,1,1,6,1,1,1,6,1,1,1,1,1,1,1,6,1,1,1,1,1,1,1,1,1,1,1,6,1,1,1,1,1,1,6,1,6,1,1,1,1,1,1,1,6,1,1,1,1,1,1,1,1,1,6,1,1,1,1,1,1,1,1,1,1,1,1,6,6,6,1,1,1,1,1,1,6,6,1,1,1,1,1,1,1,1,1,1,1,1,1,1,1,6,1,1,1,1,1,6,1,1,1,1,1,1,1,1,1,1,1,1,1,1,1,1,1,1,1,1,1,1,1,1,1,1,1,1,1,1,1,1,1,1,1,1,1,6,1,1,6,1,1,1,1,1,1,1,1,6,1,1,1,1,1,6,1,1,1,6,1,6,1,1,1,1,1,1,6,1,6,1,6,1,1,1,1,1,1,1,1,6,1,1,1,1,1,1,1,1,1,1,1,1,1,1,1,6,1,1,1,1,1,1,1,1,1,1,1,1,1,1,1,6,1,1,6,6,1,6,1,6,1,6,1,6,1,1,1,1,1,1,1,1,1,1,1,9,1,6,1,1,1,1,1,1,1,1,1,1,1,1,1,1,6,6,1,1,6,1,1,6,6,1,1,6,1,1,1,1,1,1,1,1,6,1,1,1,1,1,6,6,6,6,1,1,6,6,6,6,1,1,9,9,9,9,9,9,6,1,1,1,1,1,1,6,6,6,6,6,6,6,6,6,1,1,6,6,1,1,1,1,1,1,1,1,1,1,9,1,1,1,1,1,1,1,6,1,6,1,1,1,6,1,1,1,1,1,6,1,1,1,9,9,9,1,1,6,6,1,1,6,1,6,6,1,1,1,6,6,6,6,6,6,1,1,1,1,1,1,1,6,1,1,1,6,1,1,6,1,9,9,9,9,9,9,9,9,9,9,9,9,9,9,9,9,9,1,1,1,1,1,1,6,1,1,1,6,1,6,1,1,1,1,1,6,1,9,9,1,1,1,1,1,1,1,6,1,1,1,1,6,1,1,1,6,1,1,1,6,6,6,6,1,1,1,1,1,1,1,1,1,1,1,1,1,1,1,1,1,1,1,1,1,6,1,1,1,1,1,9,9,1,1,1,1,1,1,1,1,1,1,1,1,1,1,1,1,1,1,1,1,1,1,1,1,1,1,1,6,1,1,1,1,1,1,1,1,1,1,1,1,1,1,1,1,1,1,1,1,1,1,1,1,1,9,9,9,1,1,1,1,1,1,1,1,1,1,1,1,1,1,1,1,1,1,1,1,1,1,1
179,21193,BROOKS,200,1,1,1,6,1,6,1,1,1,1,1,6,6,6,6,6,6,6,6,1,6,1,1,1,1,1,1,6,6,1,1,1,6,1,1,6,6,6,6,6,6,6,6,1,6,6,6,6,6,1,1,6,1,1,1,6,1,1,1,1,1,1,6,1,1,1,1,1,1,1,1,1,1,1,1,9,1,1,1,1,1,1,1,1,1,1,1,1,1,1,1,1,1,1,1,1,1,1,1,1,1,1,1,6,6,6,6,6,6,6,6,6,1,1,1,1,6,6,1,1,6,9,6,6,1,1,1,9,1,1,6,1,6,6,1,1,1,1,6,6,6,6,6,6,6,6,1,6,6,6,1,6,6,6,6,6,1,1,1,1,1,1,1,6,6,6,1,1,1,1,1,1,1,1,1,1,1,1,1,1,1,6,1,6,1,1,1,1,1,1,6,1,1,1,1,1,1,1,1,1,6,1,1,6,1,6,1,1,1,1,1,1,1,6,1,1,1,1,1,1,1,1,1,1,1,1,1,1,1,1,1,1,1,1,1,1,1,1,1,1,1,6,1,1,1,1,1,6,1,1,1,1,1,1,1,1,9,1,1,1,1,1,1,1,1,6,1,9,9,1,1,1,1,1,1,1,1,6,6,6,1,6,1,1,9,9,1,1,1,1,1,6,1,1,1,1,1,1,9,9,9,9,9,6,1,1,1,9,9,1,1,1,6,1,1,1,6,1,6,1,6,9,9,1,1,1,1,1,1,1,1,6,1,1,6,1,1,1,1,6,1,6,1,1,1,1,1,1,6,6,1,6,1,1,1,6,6,6,6,6,1,6,6,1,6,1,1,1,1,6,1,1,1,1,1,6,1,9,9,9,9,9,9,6,6,6,6,6,6,1,1,1,1,6,6,6,1,6,6,6,1,1,6,6,1,9,9,9,9,9,1,1,1,1,1,1,6,1,6,1,1,6,6,6,1,1,1,1,6,6,6,6,6,1,1,1,1,1,1,1,1,1,1,1,1,1,1,1,6,1,1,1,1,1,1,1,1,6,6,6,6,6,1,6,6,1,1,1,1,6,1,6,1,1,6,6,1,1,6,1,1,6,1,1,1,1,1,1,6,6,6,6,6,6,6,1,1,6,6,6,6,6,6,6,6,6,1,1,1,6,1,1,6,1,6,1,1,1,6,6,6,6,1,1,6,6,6,1,1,1,1,1,1,6,6,6,1,1,1,6,1,1,1,1,1,1,6,1,1,1,1,6,6,1,6,1,1,1,1,1,1,1,6,1,6,6,1,1,1,1,1,9,1,6,6,6,6,6,1,1,1,1,1,6,6,6,1,1,1,1,9,9,9,9,9,9,9,9,9,9,9,9,9,9,9,1,1,1,1,1,1,6,1,1,1,1,1,6,1,1,1,1,1,1,1,1,1,6,1,1,9,9,9,1,1,1,1,1,1,1,6,1,1,1,6,6,1,1,6,1,1,1,6,1,1,1,1,1,1,1,6,1,1,1,1,6,6,1,6,6,1,1,6,1,1,1,1,1,1,6,1,6,1,9,9,9,1,1,1,6,1,1,9,9,9,9,9,9,9,9,9,9,9,9,9,9,9,9,9,1,1,1,6,6,6,1,1,1,1,1,6,1,6,1,1,1,1,1,1,6,1,6,1,6,1,1,1,1,6,1,1,1,1,1,6,1,1,1,1,1,1,1,1,1,1,1,1,1,6,1,1,1,1,1,1,1,1,1,1,6,1,6,1,1,1,6,1,1,1,1,1,1,6,1,1,6,1,6,6,1,1,1,1,1,6,1,6,1,1,1,6,1,1,1,6,1,6,1,1,1,1,1,1,6,1,6,1,6,1,1,1,1,1,1,1,1,6,1,6,1,6,1,1,6,1,1,1,1,6,1,1,1,6,1,1,1,1,1,1,9,9,1,1,1,1,6,1,1,6,1,1,6,6,1,6,1,6,1,1,1,6,1,1,1,1,1,1,1,1,1,1,1,6,1,6,1,6,1,1,1,1,1,1,1,1,1,1,1,6,6,6,6,1,6,1,6,1,1,1,1,6,1,9,1,1,1,1,1,6,6,1,1,1,1,1,6,6,6,6,1,1,6,6,1,6,1,1,9,9,9,9,9,9,6,1,1,1,1,6,1,6,6,1,6,6,1,6,1,1,1,1,6,6,6,6,1,6,1,1,1,1,1,6,1,6,6,6,6,1,1,1,6,6,6,1,1,1,6,1,1,1,1,1,6,6,1,1,1,1,1,1,1,6,6,1,1,6,1,1,1,1,1,1,1,1,6,6,1,6,1,6,1,1,1,1,1,6,1,1,1,6,1,1,6,1,1,1,1,1,1,1,1,6,1,1,1,1,1,6,6,6,1,1,1,1,6,6,6,1,6,6,1,1,1,6,1,1,1,1,1,6,6,1,1,1,1,1,1,1,1,1,6,1,1,1,1,6,1,1,1,6,1,1,1,6,6,6,6,1,1,1,1,1,1,1,6,1,1,1,1,6,1,1,6,6,1,1,1,1,6,1,1,1,1,1,1,1,6,6,1,6,1,1,1,6,1,6,1,1,6,1,1,1,1,1,1,1,1,1,1,1,1,1,1,6,6,1,1,1,1,1,1,1,1,1,1,1,1,1,1,1,1,1,1,1,1,1,1,1,6,1,1,1,6,6,1,6,6,1,6,6,1,1,6,6,1,1,1,6,6,6,1,1,6,6,6
180,21196,AMODEI,200,1,1,1,6,1,6,1,1,1,1,1,6,6,6,6,6,6,6,6,1,6,1,1,1,1,1,1,6,6,1,1,1,1,1,1,6,6,6,6,6,6,6,6,1,6,6,6,6,6,1,1,6,1,1,1,6,1,1,1,1,1,1,6,1,1,1,1,1,1,1,1,1,1,1,1,1,1,1,1,1,1,1,1,1,1,1,1,1,1,1,1,1,1,1,1,1,9,9,1,1,1,1,1,6,6,6,6,9,6,6,6,6,1,1,1,1,6,6,1,1,6,1,6,6,1,1,1,1,1,1,7,1,6,1,1,1,1,1,6,6,6,6,6,6,6,6,1,6,6,6,1,6,6,6,6,6,1,1,1,1,1,1,1,6,6,6,1,1,1,1,9,1,1,1,1,1,1,1,1,1,1,6,1,6,1,1,1,1,1,1,1,1,1,1,1,1,1,1,1,1,1,1,1,6,1,6,1,1,9,1,1,1,1,6,1,1,1,1,1,1,1,1,1,1,1,1,1,1,1,1,1,1,1,1,1,9,9,9,9,9,9,6,1,1,1,1,1,1,1,1,1,1,1,1,1,1,1,1,1,1,1,1,1,1,1,6,1,1,1,1,1,1,1,1,1,1,1,6,6,6,1,6,1,1,1,1,1,1,1,1,1,6,1,1,1,1,1,1,1,1,1,1,1,6,1,1,1,1,1,1,1,1,6,1,1,1,6,1,1,1,1,1,1,1,1,1,1,1,1,1,1,1,9,1,6,1,1,1,1,6,1,6,1,1,1,1,1,1,6,6,1,6,1,1,1,6,6,6,6,6,1,6,6,6,6,1,6,1,1,1,1,1,1,1,1,6,1,1,1,1,1,1,1,6,6,6,6,6,6,1,1,1,1,6,6,6,1,6,6,6,1,1,6,6,1,1,1,1,1,1,1,1,1,1,6,6,6,6,6,6,6,6,6,6,1,1,6,1,6,6,6,6,6,1,1,1,1,1,1,1,1,1,1,1,1,6,6,6,6,6,6,1,6,1,6,1,1,6,6,6,6,1,6,6,6,6,1,6,6,6,1,6,1,6,6,6,1,1,1,6,1,6,1,1,1,1,1,1,6,6,6,9,6,6,6,1,1,6,6,6,6,6,1,6,6,6,6,6,6,1,1,6,6,1,6,1,1,6,6,6,6,6,6,1,1,6,1,1,1,1,1,1,1,6,6,1,1,1,1,6,1,1,1,1,1,1,6,1,1,9,9,6,6,1,6,1,1,1,1,1,1,1,6,1,1,6,1,1,1,1,1,1,1,6,6,6,6,6,1,1,9,1,1,6,6,6,1,1,1,1,1,1,6,6,1,6,1,1,1,1,1,1,1,6,1,1,1,1,1,1,1,6,1,1,1,1,1,6,1,1,1,1,1,1,1,1,1,6,1,1,1,1,1,1,1,1,1,1,1,1,6,1,1,1,6,6,1,1,1,1,1,1,6,1,9,9,1,1,1,1,6,1,1,1,1,1,1,1,1,1,1,1,6,1,1,1,1,1,1,6,1,6,1,1,1,1,1,1,1,6,1,1,1,1,1,1,1,1,1,6,1,1,1,1,1,1,1,1,1,1,1,1,6,6,6,1,1,1,1,1,1,6,6,1,1,1,1,9,9,9,1,1,1,1,1,1,1,1,6,1,1,1,1,1,6,9,1,1,1,1,9,1,1,1,1,1,1,1,1,1,1,1,1,1,1,1,1,1,1,1,1,1,1,1,1,1,1,1,1,1,1,1,6,1,1,6,1,1,1,1,1,1,1,1,6,1,1,1,1,1,6,1,1,1,6,1,6,1,1,1,1,1,1,6,1,6,1,6,1,1,1,1,1,1,1,1,6,1,1,9,1,1,1,1,1,1,1,1,1,1,1,1,6,1,1,1,1,1,1,1,1,9,9,9,1,1,1,1,6,1,1,6,6,6,6,1,6,1,6,1,6,1,1,1,1,1,1,1,1,1,7,1,6,1,1,6,6,1,1,1,1,1,1,1,1,1,1,1,1,1,6,6,1,6,1,1,6,6,1,1,6,1,1,1,1,1,1,1,1,6,1,1,1,1,1,6,6,6,6,1,1,6,6,1,6,1,1,1,1,1,1,1,1,6,1,1,1,1,1,1,6,6,6,6,6,1,6,6,6,6,1,6,6,1,1,1,1,1,1,1,1,1,1,1,1,1,1,1,1,1,1,6,1,6,1,1,1,6,1,1,1,1,1,6,1,1,1,1,1,1,1,1,6,1,1,1,6,1,6,6,1,1,1,6,6,1,6,6,6,1,1,1,9,1,1,1,6,1,1,1,6,1,1,6,1,1,1,1,1,1,1,1,1,1,1,1,1,1,6,6,6,6,1,6,1,1,1,1,6,1,1,1,6,1,6,1,1,1,9,1,6,1,1,1,1,1,1,1,1,1,1,6,1,1,1,1,6,1,1,1,6,1,9,9,6,6,6,6,1,1,1,1,1,1,1,1,1,1,1,1,1,1,1,1,1,1,1,1,1,6,1,1,1,1,1,1,1,9,9,1,1,9,1,1,1,1,1,1,1,1,1,1,1,1,1,1,1,1,1,1,1,1,1,1,1,1,1,1,1,1,9,1,1,1,1,1,1,1,1,1,1,1,1,1,1,1,1,1,1,1,1,1,1,1,1,1,1,1,1,1,1,1,1,1,1,1,1,1,1,1,1,1,1,1,1,1
181,21198,BONAMICI,100,6,6,6,1,6,1,6,6,6,1,6,1,1,1,1,1,1,1,1,6,1,6,1,1,6,6,1,1,1,6,6,6,1,6,6,1,1,1,1,1,1,1,1,6,1,1,1,1,1,6,6,1,6,6,6,1,6,6,1,1,6,6,1,6,1,1,6,6,6,6,6,6,6,6,6,6,6,1,1,6,6,6,6,6,1,1,6,6,6,6,6,6,6,6,6,6,6,6,1,6,1,6,6,1,1,1,1,1,1,1,1,1,6,6,6,6,1,1,6,6,1,6,1,1,6,1,6,6,6,6,6,6,6,6,1,6,6,6,1,1,1,1,1,1,1,1,6,1,1,1,6,1,1,1,1,1,6,1,1,6,6,6,1,1,1,1,6,6,1,1,1,1,1,1,6,6,1,6,6,1,6,1,1,1,6,1,6,6,1,6,6,1,1,1,1,6,6,6,6,6,6,6,6,1,6,1,6,1,1,6,6,6,6,1,6,6,6,6,1,1,1,1,6,6,1,1,1,6,6,1,1,1,1,6,1,1,1,1,6,6,1,1,6,1,6,6,1,1,1,1,6,6,1,1,6,1,1,6,6,6,1,6,6,6,1,1,6,1,1,6,6,1,6,6,6,1,1,1,1,1,6,1,6,1,1,1,6,6,6,6,6,1,6,6,6,6,6,6,1,1,6,6,1,1,6,1,6,1,1,6,6,6,1,1,6,6,1,6,1,6,1,1,1,6,6,1,1,1,1,6,6,1,6,6,1,6,1,6,6,1,6,1,6,1,1,6,6,1,1,1,6,1,6,6,6,1,1,1,1,1,6,1,1,1,1,6,6,6,6,6,6,6,6,6,1,1,6,1,1,1,6,6,1,1,1,1,1,1,1,6,6,6,6,1,1,1,6,1,1,1,6,1,1,1,6,6,6,1,6,6,6,1,6,6,6,6,1,6,1,1,1,1,1,1,6,6,6,6,1,1,1,1,1,6,6,1,1,9,9,1,6,6,1,6,6,6,6,6,1,6,6,6,6,6,6,6,6,1,1,1,1,6,6,1,1,6,6,6,6,1,6,1,6,1,1,1,6,6,1,6,6,1,6,1,6,6,6,6,1,1,6,1,6,1,1,6,6,1,1,1,1,1,1,1,1,1,6,6,6,6,6,6,1,6,1,6,6,6,1,1,1,1,6,6,1,1,6,1,6,1,6,6,1,1,1,6,6,6,1,1,6,6,1,1,6,6,1,6,1,6,6,6,6,6,1,6,1,1,6,6,1,1,1,1,1,1,1,1,1,1,6,6,1,1,1,1,1,1,6,1,6,6,1,1,1,1,6,6,1,1,6,6,1,1,6,1,6,1,6,6,6,6,6,1,6,1,1,1,6,6,1,1,6,6,6,6,1,1,6,1,6,1,1,1,6,6,1,1,6,6,6,6,1,1,1,6,1,6,6,6,1,6,6,6,1,1,6,1,1,6,1,6,1,1,1,1,1,6,6,1,1,6,1,6,6,1,1,1,6,1,1,1,1,6,6,6,6,6,6,1,6,1,6,6,1,1,6,6,1,1,6,1,6,1,6,6,6,6,1,1,6,6,6,6,1,6,6,6,1,1,1,1,1,1,1,6,6,6,6,1,1,1,1,6,1,1,1,6,6,1,1,6,1,1,6,6,6,9,1,6,6,1,1,6,6,6,6,6,6,1,6,1,1,6,6,6,1,1,1,6,6,6,6,6,6,6,6,1,1,1,6,1,6,6,6,6,1,1,6,6,1,1,1,6,6,1,6,1,1,6,6,6,6,6,1,6,6,1,1,1,1,6,6,6,1,6,1,6,6,1,6,6,1,1,6,1,6,1,6,6,6,1,1,6,6,1,1,6,1,6,6,1,1,1,1,1,1,1,1,6,6,6,1,6,6,6,1,1,1,6,6,1,1,1,1,1,6,6,1,6,1,1,6,6,1,6,1,1,6,6,1,1,6,1,1,6,6,6,6,6,6,6,1,6,1,1,1,1,1,1,6,6,6,1,1,6,6,6,1,6,6,6,6,6,6,6,6,6,1,6,1,6,1,1,1,1,6,6,1,1,6,6,6,6,6,1,6,1,1,6,1,1,1,1,1,6,6,1,1,1,6,6,1,1,1,1,6,6,1,6,1,1,6,1,1,6,1,6,6,6,6,1,1,6,1,1,1,6,6,1,1,1,6,6,6,9,9,9,6,6,6,1,6,6,1,6,6,1,6,6,6,6,6,1,1,1,1,6,6,1,1,1,1,6,6,6,1,1,6,6,6,6,6,6,6,1,1,1,1,6,1,1,6,6,6,6,1,6,6,6,1,6,1,1,6,1,1,6,6,1,1,1,1,7,1,6,6,6,1,1,1,6,6,6,6,6,6,6,1,6,6,6,6,6,1,6,6,6,6,6,1,6,9,1,6,6,6,6,6,1,1,1,6,1,6,6,1,6,6,6,1,1,6,6,1,1,1,1,6,6,1,1,1,6,1,1,1,1,6,6,1,1,7,1,6,6,6,6,6,1,6,1,1,1,6,1,6,1,1,6,1,1,1,1,1,1,1,6,6,1,1,1,1,1,1,1,1,1,1,1,1,1,6,1,1,1,1,1,1,1,1,1,1,1,1,1,1,1,1,1,1,1,1,6,6,6,6,1,6,1,1,1,1,1,1,1,1,1,1,1,1,1,1,1,1,1,1,1,1,1,6,1,1,6,6,1
182,21300,SINEMA,100,6,6,6,1,6,6,1,6,6,1,6,1,1,1,1,1,1,1,1,6,1,6,1,1,6,6,9,6,6,1,6,1,1,6,1,1,1,1,1,1,1,6,1,6,1,6,1,1,1,1,6,1,1,6,6,6,6,1,1,1,6,6,1,6,1,1,6,6,6,6,6,6,6,6,6,1,6,1,1,6,6,1,6,1,1,1,6,6,6,6,6,6,6,6,6,6,6,6,1,6,1,6,1,1,6,1,1,1,1,1,1,1,1,6,1,1,1,1,1,1,1,1,1,1,1,1,1,6,6,6,6,6,6,6,1,6,9,9,9,9,9,9,9,9,9,9,9,9,9,9,9,9,9,9,9,9,9,1,1,6,9,6,1,1,6,1,1,1,1,1,1,9,9,9,9,9,9,9,9,9,9,9,9,9,9,9,6,6,1,6,6,1,1,1,1,6,6,6,6,6,6,6,6,1,6,6,6,1,1,6,1,6,1,1,1,6,1,6,1,1,1,1,6,6,1,1,1,6,1,1,1,1,1,1,1,1,1,1,6,6,1,1,6,1,6,6,1,1,1,1,6,6,1,1,6,1,9,6,6,6,1,6,6,1,1,1,1,1,1,6,1,1,9,6,1,1,1,1,1,1,1,1,1,1,1,1,6,6,6,6,6,6,1,6,6,6,6,6,1,1,6,6,6,1,1,1,1,1,1,6,6,1,1,1,6,1,1,1,1,1,1,1,1,6,6,1,1,1,1,6,6,6,6,1,1,6,1,6,6,1,6,1,1,1,1,6,6,1,1,1,6,6,6,6,6,6,6,6,6,6,1,1,6,6,6,6,6,6,6,1,6,1,6,6,1,1,1,1,1,1,6,6,1,6,6,6,1,6,1,6,6,6,6,1,6,1,6,6,1,1,1,1,1,6,6,1,1,1,6,6,6,1,6,1,6,6,1,6,6,6,1,6,1,1,6,6,6,6,1,1,6,1,1,1,6,1,1,1,1,1,6,6,6,6,6,6,1,6,1,6,6,6,6,6,6,6,6,1,6,1,1,1,6,1,6,6,6,6,1,1,6,1,6,1,1,1,6,6,1,6,6,6,6,1,6,6,6,6,1,1,6,1,6,1,1,6,6,1,1,1,1,1,1,1,1,1,6,6,6,1,6,6,1,6,9,1,6,6,1,1,6,1,6,6,6,1,6,1,1,1,6,6,6,1,1,6,6,6,1,1,1,1,1,1,6,6,1,6,1,6,6,6,6,6,6,6,1,1,6,1,1,1,6,1,1,1,1,1,1,6,6,6,1,6,6,6,6,6,1,1,6,6,6,1,1,1,6,6,1,1,6,6,1,1,6,1,1,1,6,1,6,6,9,1,1,1,1,6,6,6,6,1,6,1,6,6,1,1,6,1,6,1,1,6,6,6,6,1,1,1,6,6,1,1,1,6,1,1,6,6,6,6,6,6,1,1,6,1,1,1,6,6,1,1,1,6,1,6,6,1,1,6,1,6,6,1,1,1,1,1,1,1,1,1,6,1,6,1,1,1,1,1,1,9,9,9,6,6,1,1,6,1,1,1,6,6,6,6,1,1,1,6,6,6,1,6,1,1,1,1,1,1,6,9,6,6,6,6,6,1,6,6,1,1,1,1,1,6,6,1,1,1,1,6,6,6,6,6,1,6,6,1,1,6,6,1,1,6,1,1,1,1,1,6,1,1,1,1,6,6,6,1,1,6,6,1,1,9,9,9,1,6,1,6,1,1,1,1,6,6,1,1,1,1,1,6,6,1,1,6,6,1,6,1,1,1,1,1,1,1,1,1,6,6,1,1,1,6,1,1,6,6,1,1,6,6,1,1,1,6,1,1,1,6,6,1,1,1,6,6,1,1,1,1,1,1,1,1,6,6,1,1,1,1,1,1,1,1,1,6,1,1,1,1,1,1,6,1,1,6,1,6,6,6,6,6,6,1,6,6,1,1,6,1,1,6,6,6,6,6,1,1,1,1,6,1,6,9,9,9,6,6,6,1,1,1,6,6,6,1,6,6,6,6,6,6,6,6,1,6,1,6,6,1,1,1,6,1,6,6,1,1,1,6,1,6,6,1,1,6,1,1,1,1,6,6,1,1,1,1,6,6,6,1,1,1,6,6,6,6,1,6,6,6,6,6,1,9,6,6,1,1,1,1,1,1,6,6,1,1,1,1,1,1,1,1,1,6,6,6,9,1,1,6,1,6,6,1,6,6,6,6,6,1,1,1,1,6,1,1,1,1,1,6,6,1,1,1,1,6,6,6,6,1,1,1,6,1,1,1,1,1,6,6,6,6,1,6,6,1,1,6,1,1,1,1,1,6,6,1,1,1,1,1,1,6,6,6,1,1,1,6,9,6,6,6,6,6,1,6,6,6,6,6,1,6,1,6,9,1,1,6,1,1,6,1,6,1,1,1,1,6,1,1,6,1,1,1,6,6,1,1,6,6,1,1,1,1,1,1,1,1,1,1,1,1,1,1,6,1,1,1,1,1,1,6,6,1,1,1,1,1,1,1,6,1,6,1,9,6,1,1,1,1,1,1,1,6,6,6,1,1,9,9,9,9,9,9,9,9,9,9,9,9,9,9,9,9,9,9,9,9,9,9,9,9,9,9,9,9,9,9,9,9,9,9,9,9,9,9,9,9,9,9,9,9,9,9,9,9,9,9,9,9,9,9,9,9,9,9,9,9,9,9,9,9
183,21302,LaMALFA,200,1,1,1,6,1,6,1,1,1,1,1,6,6,9,6,6,6,6,6,1,6,1,1,1,1,1,1,6,6,1,1,1,1,1,6,6,6,6,6,6,6,6,6,1,6,9,6,6,6,1,1,6,1,1,1,6,1,1,1,1,1,1,6,1,1,1,1,1,1,1,1,1,1,1,1,9,1,1,1,1,1,1,1,1,9,9,9,1,1,1,1,1,1,1,1,1,1,1,1,1,6,1,1,6,6,6,6,6,6,6,6,6,1,1,1,9,6,6,1,1,6,1,6,6,1,1,1,1,1,1,6,1,6,6,1,1,1,1,6,6,6,6,6,6,6,6,1,6,6,6,1,6,6,6,6,6,1,1,1,1,1,1,1,6,6,6,1,1,1,1,9,1,1,1,1,1,1,1,1,1,1,6,1,6,1,1,1,1,1,1,1,1,1,1,1,1,1,1,1,1,1,1,9,6,1,6,1,1,1,1,1,1,1,6,1,1,1,9,1,1,1,1,1,1,1,1,1,1,1,1,1,1,1,1,1,1,1,1,1,1,1,6,1,1,1,1,1,1,1,1,1,1,1,1,1,1,1,1,1,1,1,1,1,1,1,6,1,1,1,1,1,1,1,1,1,1,1,6,6,6,1,6,1,1,1,1,1,1,1,1,1,6,1,9,1,1,1,1,1,1,1,1,1,6,1,1,1,1,1,1,1,1,6,1,1,1,6,1,9,9,9,1,1,1,1,1,1,1,1,1,1,1,1,1,6,1,1,1,1,6,1,6,1,1,1,1,1,1,1,6,1,6,1,1,1,6,6,6,6,6,1,6,6,1,6,1,1,1,1,1,1,1,1,1,1,6,1,1,1,1,1,1,1,6,6,6,6,6,6,1,1,1,1,6,6,6,1,6,6,6,1,1,6,6,1,1,1,1,1,1,1,1,1,1,1,1,6,1,6,6,6,6,6,6,1,1,1,6,6,6,6,1,6,1,1,1,1,1,1,1,1,1,1,1,1,6,1,6,6,1,1,1,1,1,1,9,9,6,6,6,6,1,1,6,6,1,1,1,1,6,1,6,1,1,6,6,1,1,1,1,1,6,1,1,1,1,1,1,6,6,1,6,1,6,6,1,1,6,6,6,6,6,1,6,6,6,6,1,1,1,1,1,6,1,6,1,1,1,6,6,6,6,1,1,6,6,1,1,1,1,1,1,1,6,6,1,1,1,1,6,1,1,1,1,1,1,6,1,1,1,1,6,6,1,6,1,1,1,1,1,1,1,6,1,1,6,1,1,1,1,1,1,1,6,6,6,6,6,1,1,1,1,1,6,6,6,1,1,1,1,1,1,6,6,1,6,1,1,1,1,1,1,1,9,9,1,1,1,1,1,1,6,1,1,9,1,1,6,1,1,1,1,1,1,1,1,1,6,1,1,1,1,1,1,1,1,1,1,1,1,6,1,1,1,6,6,1,1,6,1,1,1,6,1,1,1,1,1,1,1,6,1,1,1,1,1,1,1,1,1,1,1,6,1,1,1,1,1,1,6,1,6,1,1,1,1,1,1,1,6,1,1,1,1,1,1,1,1,9,6,1,1,1,1,1,1,1,1,1,1,1,1,6,6,6,1,1,1,1,1,1,6,6,1,1,1,1,1,9,1,1,1,1,1,1,1,1,1,6,1,1,1,1,1,6,1,1,1,1,1,1,1,1,1,1,1,1,1,1,1,1,1,1,1,1,1,1,1,1,1,1,6,1,1,1,1,1,1,1,1,1,1,6,1,1,6,1,1,1,1,1,1,1,1,6,1,1,1,1,1,6,1,1,1,6,1,6,1,1,1,1,1,1,6,1,6,1,6,1,1,1,1,1,1,1,1,6,1,1,1,1,1,1,6,1,1,1,1,1,1,1,1,6,1,1,1,1,1,1,1,1,1,1,1,1,1,1,1,6,1,1,6,1,1,6,1,6,1,6,1,6,1,1,1,1,1,1,1,1,9,1,1,6,1,6,1,9,1,1,1,1,1,1,1,1,1,1,1,1,6,6,6,1,6,1,1,6,6,6,1,6,1,1,1,1,1,1,1,1,6,1,1,1,1,1,6,6,6,6,1,1,6,1,1,6,1,1,1,1,1,1,1,1,6,1,1,1,1,1,1,6,6,6,6,6,1,6,6,6,1,1,6,6,1,1,1,1,1,1,1,1,1,1,1,1,1,1,1,1,1,1,6,1,6,1,1,1,6,1,1,1,1,9,6,1,1,1,1,1,1,1,1,6,6,1,1,6,1,6,1,1,1,1,1,1,1,6,6,6,1,1,1,1,1,1,1,6,1,1,1,6,1,1,6,1,1,1,1,1,1,1,1,1,1,1,1,1,9,6,6,6,1,1,1,1,1,1,1,6,1,1,1,1,1,6,1,1,1,1,1,6,1,1,1,1,1,1,1,1,1,1,6,1,1,1,1,6,1,1,1,6,1,1,1,6,6,6,6,1,1,1,1,1,1,1,1,1,1,1,1,1,1,1,1,1,1,1,1,1,6,1,1,1,1,1,1,1,9,9,1,1,1,1,1,1,1,1,1,1,1,1,1,1,1,1,1,1,1,1,1,1,1,1,1,6,1,1,1,1,1,1,1,1,1,1,1,1,1,1,1,1,1,1,9,1,1,1,1,1,1,1,1,1,1,1,1,1,1,1,1,1,1,1,1,1,1,9,1,6,1,1,1,1,1,1,1
184,21303,HUFFMAN,100,6,6,6,1,6,1,6,6,6,6,6,1,1,1,1,1,1,1,1,6,1,6,1,1,6,6,1,1,1,6,6,6,1,6,1,1,1,1,1,1,1,1,1,6,1,1,1,1,1,6,1,1,6,9,9,1,6,6,1,1,6,9,1,6,1,1,6,6,6,6,6,6,6,6,6,6,6,1,1,6,6,6,6,6,1,1,6,6,6,6,6,6,6,6,6,6,6,6,1,6,1,6,6,1,1,1,1,1,1,1,1,1,6,6,6,6,1,1,6,6,1,6,1,1,6,1,6,6,6,6,6,6,6,6,6,6,6,6,1,1,1,1,1,1,1,1,6,1,1,1,6,1,1,1,1,1,6,1,1,6,6,6,1,1,1,1,6,6,1,1,1,1,1,1,6,6,1,6,6,1,6,1,1,1,6,1,6,6,1,6,6,1,1,9,1,6,6,6,6,6,6,6,6,1,6,1,6,1,1,6,6,6,6,1,1,6,6,6,6,1,1,1,6,6,1,6,1,6,6,1,9,1,1,6,1,6,1,1,6,6,1,1,6,1,6,6,1,1,1,1,6,6,1,1,6,1,1,6,6,6,1,6,6,6,1,1,6,6,6,6,6,1,6,6,6,1,1,1,1,1,6,1,6,1,1,1,6,6,6,6,6,1,6,6,6,6,6,6,1,1,6,6,1,1,6,1,6,1,1,6,6,6,1,6,6,6,1,6,1,6,1,1,1,6,6,1,1,1,1,6,6,1,6,6,1,6,1,6,6,9,6,1,6,1,1,6,6,1,1,1,6,9,6,6,6,1,1,1,1,1,6,1,1,1,9,6,6,6,6,6,6,6,6,6,1,1,6,1,1,1,6,6,1,1,1,1,1,1,1,6,9,6,6,1,1,1,6,1,1,1,6,1,1,1,6,6,6,1,6,6,6,1,6,6,6,6,1,6,1,1,1,1,1,1,6,6,6,6,1,1,1,1,1,6,6,6,1,1,1,1,6,6,1,9,9,9,9,9,9,9,9,9,9,9,9,6,6,1,1,1,1,6,6,1,1,6,6,6,6,1,6,1,6,1,1,1,6,6,1,6,6,1,6,1,6,6,6,6,1,1,6,1,6,1,1,6,6,1,1,1,1,1,6,1,1,1,6,6,6,6,6,6,1,6,1,6,6,6,1,1,1,1,6,6,1,1,6,1,6,1,6,6,1,1,1,6,6,6,1,1,6,6,1,1,6,6,1,6,1,6,6,1,1,6,1,6,9,9,9,9,9,9,9,9,9,9,9,1,1,1,6,6,1,1,1,1,1,1,6,1,6,6,1,9,9,9,6,6,1,1,6,6,1,1,6,1,6,1,6,6,6,6,6,1,6,1,1,1,9,9,9,1,6,6,6,6,1,1,6,1,6,9,9,9,6,6,1,1,1,6,6,6,1,1,1,6,1,1,6,6,1,6,6,6,1,1,6,1,1,6,1,6,1,1,1,1,6,6,6,1,1,6,1,6,6,1,6,1,6,1,9,1,1,6,6,6,6,6,6,1,6,1,6,6,1,1,6,6,1,1,6,1,6,1,1,6,6,6,1,1,6,1,6,6,1,1,6,1,1,1,1,1,6,6,6,6,6,6,6,1,1,9,1,6,1,1,1,6,6,1,1,6,1,1,6,6,6,6,1,6,6,1,6,6,6,6,6,6,6,1,6,1,1,6,6,6,1,1,6,6,6,6,6,6,6,6,6,1,1,6,6,1,6,6,6,1,1,1,6,6,1,1,1,6,6,1,6,1,1,6,6,6,6,6,1,6,6,6,1,1,1,6,6,6,1,6,1,6,6,1,6,6,1,1,6,1,6,1,6,6,6,1,1,6,6,1,1,6,1,6,6,1,1,6,1,1,1,1,1,6,6,6,1,6,6,6,1,1,1,6,6,1,1,1,1,1,6,6,1,6,1,1,6,6,1,6,1,1,6,9,9,9,9,1,1,6,6,6,6,6,6,6,1,6,1,6,1,1,1,1,6,6,6,9,1,1,6,6,1,6,6,6,6,6,6,6,6,1,1,6,1,6,1,1,1,1,6,6,1,1,6,1,6,6,6,1,1,1,1,6,1,1,1,1,1,6,6,1,1,1,6,6,1,1,1,1,6,6,1,6,1,1,6,1,1,6,1,6,6,6,9,9,9,9,1,1,1,6,9,1,1,9,9,9,9,1,1,1,6,6,6,1,6,6,1,6,6,1,6,6,6,6,6,1,1,1,1,6,6,1,1,1,1,6,6,6,1,1,6,6,6,6,6,6,6,1,1,6,1,6,1,1,6,6,6,6,1,6,6,6,1,6,6,1,6,1,1,6,6,1,1,1,1,6,1,6,6,6,1,1,1,6,6,6,6,6,6,6,1,6,6,6,6,6,1,6,6,6,6,6,1,6,1,1,6,6,6,6,6,1,1,1,6,6,6,6,1,6,6,6,1,1,9,9,9,9,9,9,9,9,1,1,1,6,1,1,1,1,6,6,1,1,6,1,6,6,6,6,6,1,6,1,1,1,6,1,6,1,1,6,1,1,1,1,1,1,1,6,6,1,1,1,1,1,1,1,1,1,1,1,1,1,6,1,1,1,1,1,1,1,1,1,1,1,1,1,1,1,1,6,1,1,1,6,6,6,6,1,6,1,1,9,1,1,1,1,1,1,1,1,1,6,1,1,1,1,1,1,1,6,6,1,1,6,6,1
185,21304,BERA,100,6,6,6,1,6,1,6,6,6,1,6,1,1,1,1,1,1,1,1,6,1,6,1,1,6,6,6,6,1,1,6,6,1,6,1,1,1,1,1,1,1,1,1,6,1,1,1,1,1,6,6,1,6,6,6,6,6,1,1,1,6,6,1,6,1,1,6,6,6,6,6,6,6,6,6,6,6,1,1,6,6,6,6,6,1,1,6,6,6,6,6,6,6,6,6,6,6,6,1,6,1,6,6,1,1,1,1,1,1,1,1,1,6,6,6,1,1,1,6,6,1,1,1,1,6,1,6,6,6,6,6,6,6,6,1,6,6,6,1,1,1,1,1,1,1,1,6,1,1,1,6,1,1,1,1,1,6,1,1,6,6,6,6,1,1,1,6,6,1,1,6,1,1,1,6,6,1,6,6,1,6,1,1,1,6,1,6,6,6,6,6,1,6,1,1,6,6,6,6,6,6,6,6,1,6,1,6,1,1,6,6,6,6,1,1,6,6,6,1,1,1,1,6,6,1,1,6,6,6,1,1,1,6,6,1,1,1,1,6,6,1,1,6,6,6,6,1,1,1,6,6,6,6,1,6,1,1,6,6,6,1,6,6,1,1,1,6,1,1,6,6,1,6,6,6,1,1,1,1,1,6,6,1,1,1,1,6,6,6,6,6,1,1,6,6,6,6,6,1,1,6,6,9,1,6,1,1,1,1,6,6,6,1,1,6,6,1,6,1,1,1,1,1,6,6,6,1,1,1,6,6,6,1,1,1,6,1,6,6,1,6,1,6,1,1,6,6,1,1,1,6,6,6,6,6,6,6,1,6,1,6,1,1,1,1,6,6,6,6,1,6,6,6,6,1,1,1,1,1,1,6,6,1,1,1,1,1,1,1,6,6,6,6,1,1,1,6,1,1,1,6,1,1,1,6,1,6,1,6,6,6,1,6,6,6,6,1,6,1,1,1,1,1,1,6,6,6,6,1,1,1,1,1,6,6,1,1,1,1,1,6,6,6,6,6,6,6,6,1,6,6,6,6,6,6,6,6,1,6,1,1,1,6,1,1,6,6,6,6,6,6,1,6,1,1,1,6,6,1,6,6,1,6,1,6,6,6,6,1,1,6,1,6,1,6,6,6,1,1,1,1,1,1,1,1,1,6,6,6,6,6,6,1,6,1,6,6,6,1,1,1,1,6,6,1,1,6,1,1,1,6,6,6,1,1,6,6,6,1,1,1,1,1,1,6,6,1,6,1,6,6,6,6,6,6,6,1,1,6,6,1,1,1,1,1,1,1,1,1,6,6,6,1,1,1,1,1,1,6,1,6,6,6,1,1,1,6,6,1,1,6,6,1,1,6,1,6,1,6,6,6,6,1,1,1,1,1,6,6,6,6,1,1,1,6,6,1,1,6,1,6,1,1,6,6,6,6,1,6,1,6,6,1,1,1,6,1,1,6,6,1,6,6,6,1,1,6,1,1,6,6,6,1,1,1,6,1,6,6,1,1,6,1,6,6,1,6,1,6,1,1,1,1,1,6,6,6,6,1,1,1,1,6,6,1,1,6,6,1,1,6,1,1,1,6,6,6,6,1,1,6,6,6,6,1,6,6,1,1,1,1,1,6,6,6,6,6,6,6,1,6,6,1,1,1,1,1,6,6,1,1,6,1,6,6,6,6,6,1,6,6,1,1,6,6,1,6,6,1,1,1,1,1,6,6,1,1,1,6,6,6,6,6,6,6,6,6,1,1,6,6,6,1,6,6,1,1,1,6,6,1,1,1,1,6,6,1,1,1,6,6,6,6,6,1,6,1,1,1,1,1,1,6,6,1,6,1,6,6,1,6,6,1,1,6,1,6,1,1,6,6,1,1,6,6,1,1,6,6,6,6,1,1,1,1,1,1,1,6,6,6,1,1,6,6,1,1,1,1,6,6,1,1,1,1,1,6,6,1,6,1,1,6,6,6,6,1,1,6,6,1,1,6,1,1,6,6,6,6,6,6,6,1,6,6,1,6,1,1,1,6,6,6,1,1,1,6,6,6,6,6,6,6,6,6,6,6,6,1,6,1,6,6,1,1,1,6,6,6,1,6,1,1,6,6,6,6,1,1,6,1,1,1,1,6,6,1,1,1,1,6,6,6,1,1,1,6,6,6,6,1,1,6,1,1,6,1,6,6,6,6,1,1,1,1,1,6,6,6,1,1,1,1,6,1,1,1,6,6,6,6,1,1,1,1,6,6,1,6,6,6,6,6,1,1,1,1,6,6,1,1,1,1,6,6,6,1,1,1,6,6,6,6,1,1,1,1,6,1,1,1,1,6,6,6,6,1,6,6,6,1,6,1,1,6,1,1,6,6,1,1,1,1,1,1,6,6,6,1,1,1,6,6,6,6,6,6,6,1,6,6,6,6,6,1,6,6,6,6,6,1,6,1,1,6,6,6,6,1,1,1,1,1,1,6,1,1,1,6,6,1,1,6,6,1,1,1,1,6,1,1,1,1,6,1,1,1,1,6,6,1,1,1,1,1,6,6,6,1,1,6,1,1,1,6,1,6,1,1,6,1,1,1,1,1,1,1,6,6,6,1,1,1,1,1,1,1,1,1,1,1,1,6,1,1,1,1,1,1,1,1,1,1,1,1,1,1,1,1,1,1,1,1,6,6,6,6,1,6,1,1,1,1,1,1,1,1,1,1,1,1,1,1,1,1,1,1,1,1,1,6,1,1,6,6,1
186,21305,COOK,200,1,1,1,6,1,6,1,1,1,1,1,6,6,6,6,6,6,6,6,1,6,1,1,1,1,1,1,6,6,1,1,1,1,1,1,6,6,6,6,6,6,6,6,1,6,6,6,6,6,1,1,6,1,1,1,6,1,1,1,1,1,1,6,1,1,1,1,1,1,1,1,1,1,1,1,1,1,1,1,1,1,1,1,1,1,1,1,1,1,1,1,1,1,1,1,1,1,1,1,1,1,1,1,6,6,6,6,6,6,6,6,6,1,1,1,1,6,6,1,1,6,1,6,6,1,1,1,1,1,1,6,1,6,6,1,1,1,1,6,6,6,6,6,6,6,6,1,6,6,6,1,6,6,6,6,6,1,1,1,1,1,1,1,6,6,6,1,1,1,1,1,1,1,1,1,1,1,1,1,1,1,6,1,6,1,1,1,1,1,1,1,1,1,1,1,1,1,1,1,1,1,1,1,6,1,6,1,1,1,1,1,1,1,6,1,1,1,1,1,1,1,1,1,1,1,1,1,1,1,1,1,1,1,1,1,1,1,1,1,1,1,6,1,1,1,1,1,1,1,1,1,1,1,1,1,1,1,1,1,1,1,1,1,1,1,6,1,1,1,1,1,1,1,1,1,1,1,6,6,6,1,6,1,1,1,1,1,1,1,1,1,6,1,1,1,1,1,1,1,1,1,1,1,6,1,1,1,1,1,1,1,1,6,1,1,1,6,1,1,1,1,1,1,1,1,1,1,1,1,1,1,1,1,6,6,1,1,1,1,6,1,6,1,1,1,1,1,1,6,6,1,6,1,1,6,6,6,6,6,6,1,6,6,6,6,6,1,6,6,6,1,1,1,1,1,6,1,1,1,1,1,1,1,6,6,6,6,6,6,1,1,1,1,6,6,6,1,6,6,6,1,1,6,6,1,1,1,1,1,1,1,1,1,1,6,6,6,6,6,6,6,6,6,6,1,1,6,6,1,1,6,1,6,1,1,1,1,1,1,1,1,1,1,6,6,6,6,6,6,6,6,6,6,1,1,1,1,6,6,6,6,1,6,6,6,1,1,6,1,6,1,6,1,6,6,6,1,1,1,6,1,6,1,9,1,1,1,1,6,6,6,1,1,6,6,1,1,6,6,1,6,6,6,6,6,6,6,6,6,1,1,6,6,1,6,1,1,1,6,6,6,6,1,1,6,6,1,1,1,1,1,1,1,6,6,1,1,1,1,6,1,1,1,1,1,1,6,1,1,1,1,6,6,6,6,1,1,1,1,1,1,1,6,1,1,6,1,1,1,1,1,1,1,6,6,6,6,6,1,1,1,1,1,6,6,6,1,1,1,1,1,1,6,6,1,6,1,1,1,1,1,1,1,6,1,1,1,1,1,1,1,6,1,1,1,1,1,6,1,1,1,1,1,1,1,1,1,6,1,1,1,1,1,1,1,1,1,1,1,1,6,1,1,1,6,6,6,1,6,1,1,1,6,1,1,1,1,1,1,1,6,1,1,1,1,1,1,1,1,1,1,1,6,1,1,1,1,1,1,6,1,6,1,1,1,1,1,1,1,6,1,1,1,1,1,1,1,1,1,6,1,1,1,1,1,1,1,1,1,1,1,1,6,6,9,1,1,1,1,1,1,6,6,1,1,1,1,1,1,1,1,1,1,1,1,1,1,1,6,1,1,1,1,1,6,1,1,1,1,1,1,1,1,1,1,1,1,1,1,1,1,1,1,1,1,1,1,1,1,1,1,1,1,1,1,1,1,1,1,1,1,1,6,1,1,6,1,1,1,1,1,1,1,1,6,1,1,1,1,1,6,1,1,1,6,1,6,1,1,1,1,1,1,6,1,6,1,6,1,1,1,1,1,1,1,1,6,1,1,1,1,1,1,1,1,1,1,1,1,1,1,1,6,1,1,1,1,1,1,1,1,1,1,1,1,1,1,1,6,1,1,6,6,6,6,1,6,1,6,1,6,1,1,1,1,1,1,1,1,1,1,1,6,1,6,1,1,1,1,1,1,1,1,1,1,1,1,1,1,6,1,1,1,6,1,1,6,6,1,1,6,1,1,1,1,1,1,1,1,6,1,1,1,1,1,6,6,6,6,1,1,6,6,1,6,1,1,1,1,1,1,1,1,6,1,1,1,1,1,1,6,6,1,6,6,1,6,1,1,1,1,6,6,1,1,1,1,1,1,1,1,1,1,1,1,1,1,1,1,1,1,6,1,6,1,1,1,6,1,1,1,1,1,6,1,1,1,1,1,1,1,1,6,6,1,1,6,1,1,1,1,1,1,1,1,1,6,6,6,1,1,1,1,1,1,1,6,1,1,1,6,1,1,6,1,1,1,1,1,1,1,1,1,1,1,1,1,1,6,6,6,6,1,1,1,1,1,1,6,1,1,1,1,1,6,1,1,1,6,1,6,1,1,1,1,1,1,1,1,1,1,6,1,1,1,1,6,1,1,1,6,1,1,1,6,6,6,6,1,1,1,1,1,1,1,1,1,1,1,1,1,1,1,1,1,1,1,1,1,6,1,1,1,1,1,1,1,1,1,1,1,1,1,1,1,1,1,1,1,1,1,1,1,1,1,1,1,1,1,1,1,1,1,1,1,1,1,1,1,1,1,1,1,1,1,1,1,1,1,1,1,1,1,1,1,1,1,1,1,1,1,1,1,1,1,1,1,1,1,1,1,1,1,1,1,1,1,1,1,1,1,1,1,1,1,1
187,21306,SWALWELL,100,6,6,6,1,6,1,6,6,6,6,6,1,1,1,1,1,1,1,1,6,1,6,1,1,6,6,6,6,6,6,6,6,1,6,6,1,1,1,1,1,1,1,1,6,1,1,1,1,1,6,6,1,6,6,6,1,6,6,1,1,6,6,1,6,1,1,6,6,6,6,6,6,6,6,6,6,6,1,1,6,6,6,6,6,1,1,6,6,6,6,6,6,6,6,6,6,6,6,1,6,1,6,6,1,1,1,1,1,1,1,1,1,6,6,6,6,1,1,6,6,1,6,1,1,6,1,6,6,6,6,6,6,6,6,1,6,6,6,1,1,1,1,1,1,1,1,6,1,1,1,6,1,1,1,1,1,6,1,1,6,6,6,1,1,1,1,6,6,1,1,1,1,1,1,6,6,1,6,6,1,6,1,1,1,6,1,6,6,6,6,6,1,6,1,1,6,6,6,6,6,6,6,6,1,6,1,6,1,1,6,6,6,6,1,1,6,6,6,1,1,1,1,6,6,1,1,6,6,6,1,1,1,6,6,1,1,1,1,6,6,1,1,6,6,6,6,1,1,1,6,6,6,6,1,6,1,1,6,6,6,1,9,9,9,9,9,9,9,9,6,6,9,9,9,9,9,9,9,9,9,9,9,9,9,1,1,6,6,6,6,6,1,1,6,6,6,6,6,1,1,6,6,6,1,6,1,6,1,1,6,6,6,1,1,6,6,1,6,1,6,1,1,1,6,6,6,1,1,1,6,6,6,6,6,1,6,1,6,6,1,6,1,1,1,1,6,6,1,1,1,6,6,6,6,6,6,1,1,1,1,6,1,1,6,1,6,6,6,6,1,6,6,6,6,1,1,6,1,1,1,6,6,1,1,1,1,1,1,1,6,6,6,6,1,1,1,6,1,1,1,6,1,1,1,6,6,6,1,6,6,6,1,6,6,6,6,1,6,1,1,1,6,1,1,6,6,6,6,1,1,1,1,1,6,6,1,1,1,1,1,6,6,6,6,6,6,6,6,1,6,6,6,6,6,6,6,6,1,1,1,1,6,6,1,1,6,6,6,6,1,6,1,6,1,1,1,6,6,1,6,6,1,6,1,6,6,6,6,1,1,6,1,6,1,1,6,6,1,1,1,1,1,6,1,1,1,6,6,6,6,6,6,1,6,1,6,6,6,1,1,1,1,6,6,1,1,6,1,6,1,6,6,6,1,1,6,6,6,1,1,6,1,1,1,6,6,1,6,1,6,6,6,6,6,1,6,1,1,6,6,1,1,1,1,1,1,1,1,1,6,6,6,1,1,1,1,1,1,6,9,6,6,6,1,1,1,6,6,1,1,6,6,1,1,6,1,6,1,6,6,6,6,6,1,6,1,1,6,6,6,6,1,6,1,6,6,1,1,6,1,6,6,1,6,6,6,6,1,6,6,6,6,1,1,1,6,1,6,6,6,1,6,6,6,1,1,6,1,1,6,6,6,1,1,1,6,1,6,6,1,1,6,1,6,6,1,6,1,6,1,1,1,1,6,6,6,6,6,6,1,6,1,6,6,1,1,6,6,1,1,6,1,6,1,6,6,6,6,1,1,6,6,6,6,1,6,6,6,1,1,1,1,6,6,6,6,6,6,6,1,6,6,1,1,1,1,1,6,6,1,1,6,1,6,6,6,6,6,1,6,6,1,1,6,6,6,6,6,6,1,6,1,1,6,6,6,1,1,1,6,6,6,6,6,6,6,6,1,1,6,6,1,6,6,6,6,1,1,6,6,1,1,1,6,6,1,6,1,1,6,6,6,6,6,1,6,1,1,1,1,1,6,6,6,1,6,1,6,6,1,6,6,1,1,6,1,6,1,6,6,6,1,1,6,6,1,1,6,6,6,6,1,1,6,1,1,1,1,6,6,6,6,1,6,6,6,1,1,1,6,6,1,1,1,9,9,6,6,1,6,1,1,6,6,6,6,1,1,6,6,1,6,6,1,1,6,6,6,6,6,6,6,1,6,6,1,6,1,1,1,6,6,6,1,1,1,6,6,6,1,6,6,6,6,6,6,6,6,1,6,1,6,9,1,1,1,6,6,6,1,6,1,6,6,6,6,1,1,1,6,1,1,1,1,6,6,6,9,9,9,6,6,6,1,1,1,6,6,6,6,1,1,6,1,1,6,1,6,6,6,6,1,1,6,9,9,9,6,6,1,1,1,6,6,6,1,1,6,6,6,6,1,6,1,1,6,6,1,6,6,6,6,6,1,1,1,1,6,6,1,6,1,1,6,6,6,1,1,6,6,6,6,6,6,6,1,1,6,1,6,1,1,6,6,6,6,1,6,6,6,1,6,1,1,6,1,1,6,6,1,1,1,1,6,1,6,6,6,1,1,1,6,6,6,6,6,6,6,1,6,6,6,6,6,1,6,6,6,6,6,1,6,1,1,6,6,6,6,1,1,1,1,6,1,6,6,9,9,6,6,1,1,6,6,1,1,1,1,6,6,1,1,1,6,1,1,1,1,6,6,1,1,6,1,1,6,6,6,6,1,6,1,1,1,6,9,9,1,1,6,1,1,1,1,1,1,1,6,6,6,1,1,1,1,1,1,9,9,9,9,9,9,9,9,9,9,9,9,9,9,9,9,9,9,9,9,9,9,9,9,9,9,9,9,9,9,9,9,9,9,9,9,9,9,9,9,9,9,9,1,1,6,1,1,1,1,1,1,1,1,6,1,1,6,6,1
188,21307,VALADAO,200,1,1,1,6,1,6,1,1,1,1,1,6,6,6,6,6,6,6,6,1,6,1,1,1,1,1,6,6,6,1,1,1,1,1,1,6,6,6,6,6,6,6,6,1,6,6,6,6,6,1,1,6,1,1,1,6,1,1,1,1,1,1,6,1,1,1,1,1,1,1,1,1,1,1,1,1,1,1,1,1,1,1,1,1,1,1,1,1,1,1,1,1,1,1,1,1,1,1,1,1,1,1,1,1,6,6,6,6,6,6,6,6,1,1,1,1,6,6,1,1,6,1,6,6,1,9,9,1,1,1,6,1,6,6,1,1,1,1,6,6,6,6,6,6,6,6,1,6,6,6,1,6,6,6,6,6,1,1,1,1,1,1,6,6,6,6,1,1,1,1,6,9,9,9,1,1,1,1,1,1,1,6,1,6,1,1,1,1,6,1,1,1,6,1,1,1,1,1,1,1,1,1,1,6,1,6,1,1,1,1,1,1,1,6,1,1,1,1,1,1,1,1,1,1,1,1,6,1,9,1,1,1,6,1,1,1,1,1,1,1,1,6,1,6,1,1,1,1,1,6,1,1,6,1,1,1,1,1,1,1,1,1,1,1,1,6,1,9,9,1,1,1,1,1,1,1,1,6,6,6,1,6,1,1,1,1,1,1,1,1,1,6,1,1,1,1,1,1,1,1,1,1,6,6,1,1,1,1,1,1,1,1,6,1,1,1,6,1,1,1,1,1,1,1,1,6,1,1,1,1,1,6,1,1,6,1,1,1,1,6,1,6,1,1,1,1,1,1,6,6,1,6,1,1,1,6,6,6,6,6,1,6,6,6,6,1,1,9,6,6,1,1,1,1,1,6,1,1,1,1,1,1,1,6,6,6,6,6,6,1,1,1,1,6,6,9,1,6,6,9,1,1,6,6,1,1,1,1,1,1,1,1,1,1,6,6,6,6,6,6,6,6,6,6,1,1,6,6,6,1,6,6,6,1,1,1,1,1,1,1,1,1,6,6,6,6,6,6,6,6,6,6,6,6,1,1,1,6,6,6,6,1,6,6,6,6,1,6,6,6,1,6,1,6,6,6,1,1,1,6,6,6,1,1,1,1,1,1,6,6,6,6,6,6,6,1,1,6,6,6,6,6,6,6,6,6,6,6,6,1,1,6,6,1,6,1,1,1,6,6,6,6,6,1,6,6,1,1,1,1,1,1,6,6,6,1,1,1,1,6,1,1,1,1,1,1,6,1,1,1,1,6,6,6,6,1,9,9,1,1,1,1,6,1,1,6,1,1,1,6,1,1,1,6,6,6,6,6,1,1,1,1,6,6,6,6,1,1,1,1,1,1,6,6,1,6,1,1,1,1,1,1,1,6,1,9,9,9,1,1,6,6,1,1,1,1,1,6,1,1,1,1,1,6,1,1,6,6,1,1,1,1,1,1,1,1,1,1,1,1,6,1,1,1,6,6,1,1,6,1,6,1,6,1,1,6,1,1,1,1,6,1,1,1,1,1,6,1,1,1,1,1,6,1,1,1,1,1,1,6,1,6,1,1,1,1,1,1,1,6,1,1,1,1,6,1,1,1,1,6,1,6,1,1,1,6,1,1,1,1,1,1,6,6,6,1,1,1,1,1,6,6,6,1,1,1,1,1,1,1,1,1,1,6,1,1,1,1,6,1,1,1,1,1,6,1,1,1,1,1,9,1,1,1,1,1,1,1,6,1,1,1,1,1,1,1,1,1,1,6,1,6,1,1,1,1,9,9,1,1,1,1,6,1,1,6,1,1,1,1,1,1,1,1,6,1,1,1,1,1,6,1,1,1,6,1,6,1,1,1,1,1,1,6,1,6,1,6,1,1,1,1,1,1,1,1,6,1,6,1,1,1,1,1,1,1,1,1,6,1,1,1,6,1,1,1,1,1,1,1,1,1,1,1,1,1,1,1,6,1,1,6,6,6,6,1,6,1,6,1,6,1,1,1,1,1,1,1,1,1,1,1,6,1,6,1,6,1,1,1,1,1,1,1,1,1,1,1,1,6,6,6,1,6,1,1,6,6,1,1,6,9,6,1,1,1,1,1,6,6,1,1,1,1,1,6,6,6,6,1,1,6,6,1,6,1,1,1,1,1,1,1,6,6,1,1,1,1,6,1,6,6,6,6,6,6,6,6,6,1,1,6,6,1,1,1,6,1,1,1,1,1,1,1,1,1,1,6,1,1,1,6,1,6,1,1,1,6,6,1,1,1,1,6,1,1,1,1,1,1,1,1,6,1,1,1,6,1,6,6,1,1,1,6,6,6,6,6,6,1,1,1,1,1,1,1,6,1,1,1,6,1,1,6,1,1,1,1,1,1,1,1,1,1,1,1,1,1,6,6,6,6,1,1,1,1,1,1,6,1,1,1,6,1,6,1,1,1,6,1,6,1,1,1,1,1,1,1,1,1,1,6,1,1,1,1,6,1,1,1,6,1,1,1,6,6,6,6,1,1,1,1,1,1,1,1,1,1,1,1,1,1,1,1,1,1,1,1,1,6,1,1,1,1,1,1,1,9,9,1,1,1,1,1,1,1,1,1,1,6,1,1,9,9,1,1,1,1,1,1,1,1,1,1,1,1,1,1,1,1,1,1,1,1,1,1,1,1,1,1,1,1,1,1,1,1,1,1,6,1,1,1,1,1,1,1,1,1,1,1,1,1,1,1,1,1,1,1,1,1,1,1,1,1,1,1
189,21308,BROWNLEY,100,6,6,6,1,6,1,6,6,6,1,6,1,1,1,1,1,1,1,1,6,1,6,1,1,6,6,6,1,1,1,6,6,1,6,6,1,1,1,1,1,1,1,1,6,1,1,1,1,1,6,6,1,6,6,6,6,6,1,1,1,6,6,1,6,1,1,6,6,6,6,6,6,6,6,6,6,6,1,1,6,6,6,6,6,1,1,6,6,6,6,6,6,6,6,6,6,6,6,1,6,1,6,6,1,1,1,1,1,1,1,1,1,6,6,6,1,1,1,6,6,1,1,1,1,6,1,6,6,6,6,1,6,1,1,1,1,6,6,1,1,1,1,1,1,1,1,6,1,1,1,6,1,1,1,1,1,6,1,1,6,6,6,6,1,1,1,6,6,1,1,6,1,1,1,6,6,1,6,6,1,6,1,1,1,6,1,6,6,6,6,6,1,6,1,1,6,6,6,6,6,6,6,6,1,6,1,6,1,1,6,6,6,6,1,1,6,6,6,1,1,1,1,6,6,1,1,6,6,6,1,1,1,6,6,1,1,1,1,6,6,1,1,6,6,6,6,1,1,1,6,6,6,6,1,6,1,1,6,6,6,1,6,6,6,1,1,6,1,1,6,6,1,6,6,6,1,1,1,1,1,6,1,1,1,1,1,6,6,6,6,6,1,6,6,6,6,6,6,1,1,6,6,6,1,6,1,1,1,1,6,6,6,1,1,6,6,1,6,1,1,1,1,1,6,6,6,1,1,1,6,6,6,6,6,1,6,1,6,6,1,6,1,6,1,1,6,6,1,1,1,6,6,6,6,6,6,1,6,1,1,1,1,1,6,1,6,6,6,6,6,6,6,6,6,1,1,1,1,1,1,6,6,1,1,1,1,1,1,1,6,6,6,6,1,1,1,6,1,1,1,6,1,1,1,6,1,6,1,6,6,6,1,6,6,6,6,1,6,1,1,1,1,1,1,6,6,6,6,1,1,1,1,1,6,6,1,1,1,1,1,6,6,6,6,6,6,6,6,1,6,6,6,6,6,6,6,6,1,1,1,1,1,6,1,1,6,6,6,6,1,6,1,6,1,1,1,6,6,1,6,6,1,6,1,6,6,6,6,1,1,6,1,6,1,1,6,6,1,1,1,1,1,1,1,1,1,6,6,6,6,6,6,1,6,1,6,6,6,1,1,1,1,6,6,1,1,6,1,6,1,6,6,6,1,1,6,6,6,1,1,1,6,1,1,6,6,1,6,1,6,6,6,6,6,6,6,1,1,6,6,1,1,1,1,1,1,1,1,1,6,6,6,1,1,1,1,1,1,6,1,6,6,6,1,1,1,6,6,1,1,6,6,1,1,6,1,6,1,6,6,6,6,1,1,6,1,1,6,6,6,6,1,6,1,6,6,1,1,6,1,6,1,1,6,6,6,6,1,6,1,6,6,1,1,1,6,1,6,6,6,1,6,6,6,1,1,6,1,1,6,6,6,1,9,9,9,9,9,9,9,9,9,9,9,9,9,9,9,9,9,1,1,1,6,6,6,6,6,1,1,1,1,6,6,1,1,6,6,1,1,6,1,1,1,6,6,6,6,1,1,6,6,6,6,1,6,6,1,1,1,1,1,6,6,6,6,6,6,6,1,6,6,1,1,1,1,1,6,6,1,1,6,1,6,6,6,6,6,1,6,6,1,1,6,6,6,6,6,6,1,6,1,9,6,6,1,9,1,6,6,6,6,6,6,6,6,6,1,1,6,6,6,6,6,6,6,1,1,6,6,1,1,1,6,6,1,6,1,1,6,6,6,6,6,1,6,1,1,1,1,1,6,6,6,1,6,1,6,6,1,6,6,1,1,6,1,6,1,6,6,6,1,1,6,6,1,1,6,6,6,6,1,1,1,1,1,1,1,6,6,6,1,1,6,6,1,1,1,1,6,6,1,1,1,1,1,6,6,1,6,1,1,6,6,6,6,1,1,6,6,1,1,9,1,1,6,6,6,6,6,6,6,1,6,6,1,6,1,1,1,6,6,6,1,1,1,6,6,6,6,6,6,6,6,6,6,6,6,1,6,1,6,6,1,1,1,6,6,6,1,6,1,6,6,6,6,6,1,1,6,1,1,1,1,1,6,1,9,9,9,6,6,6,1,1,1,6,6,6,6,1,1,6,1,1,6,1,6,6,6,6,1,1,1,1,1,6,6,6,1,1,1,6,6,1,1,1,1,6,6,6,1,1,6,1,6,6,1,6,6,6,6,6,1,1,1,1,6,6,1,1,1,1,6,6,6,1,1,6,6,6,6,6,6,6,1,1,6,1,1,1,1,6,6,6,6,1,6,6,6,1,6,1,1,6,1,1,6,6,1,1,1,1,7,1,6,6,6,1,1,1,6,6,6,6,6,6,6,1,6,6,6,6,6,1,6,6,6,6,6,1,6,1,1,6,6,6,6,1,1,1,1,6,1,6,1,1,1,6,6,1,1,6,6,1,1,1,1,6,6,1,1,1,6,1,1,1,1,6,6,1,1,7,1,1,6,6,6,1,1,6,1,9,9,9,9,9,1,1,6,1,1,1,1,1,1,1,6,6,6,1,9,1,1,1,1,1,1,1,1,1,1,6,1,1,1,1,1,1,1,1,1,1,1,1,1,1,1,1,6,1,1,1,6,6,6,6,1,6,1,1,1,1,1,1,1,1,1,1,1,1,6,1,1,1,1,1,1,1,1,6,1,1,6,6,1
190,21309,CÁRDENAS,100,6,6,6,1,6,1,6,6,6,1,6,1,1,1,1,1,1,1,1,6,1,6,1,1,6,6,6,6,1,1,6,6,1,6,6,1,1,1,1,1,1,1,1,6,1,1,1,1,1,1,6,1,6,6,6,1,6,6,1,1,6,6,1,6,1,1,6,6,6,6,6,6,6,6,6,6,6,1,9,6,6,6,6,6,1,1,6,6,6,6,6,6,6,6,6,6,6,6,1,6,1,6,6,1,1,1,1,1,1,1,1,1,6,6,6,6,1,1,6,6,1,6,1,1,6,1,6,6,6,6,1,6,1,1,1,1,6,6,1,1,1,1,1,1,1,1,6,1,1,1,6,1,1,1,1,1,6,1,1,6,6,6,6,1,1,1,6,6,1,1,6,1,1,1,6,6,1,6,6,1,6,1,1,1,6,1,6,6,6,6,6,1,9,9,9,6,6,6,6,6,6,6,6,1,6,1,6,1,1,6,6,6,6,1,1,9,6,6,1,1,1,1,6,6,1,1,6,6,6,1,9,1,6,6,6,1,1,1,6,6,1,1,6,6,6,6,1,6,1,6,6,6,6,1,6,1,1,6,6,6,1,6,6,6,1,9,9,1,1,6,6,1,6,6,6,1,1,1,1,1,6,1,6,1,1,1,6,6,6,6,6,1,6,6,6,6,6,6,1,1,6,6,6,1,6,1,6,1,1,6,6,6,1,1,6,6,1,6,1,6,1,1,1,6,6,6,1,1,1,6,6,6,6,6,1,6,1,6,6,1,6,1,6,1,1,6,6,1,1,1,6,1,6,6,6,1,1,1,1,1,6,1,1,1,1,6,6,6,6,6,6,6,6,6,1,1,1,1,1,1,6,6,1,1,1,1,1,1,1,6,6,6,6,1,1,1,6,1,1,1,6,6,1,1,6,6,6,1,6,6,6,1,6,6,6,6,1,6,1,1,1,1,1,1,6,6,6,6,1,1,6,1,1,6,6,1,1,1,1,1,6,6,6,6,6,6,6,6,1,6,6,6,6,6,6,6,6,1,1,1,1,6,6,1,1,6,6,6,6,1,6,1,6,1,1,1,6,6,1,6,6,1,6,1,6,6,6,6,1,1,6,1,6,1,1,6,6,1,1,1,1,1,6,1,1,1,6,6,6,6,6,6,1,6,9,6,6,6,1,1,1,1,6,6,1,1,6,1,6,1,6,6,6,1,1,6,6,6,1,1,6,6,1,1,6,6,1,6,1,6,6,1,1,6,1,6,1,1,6,6,1,1,1,1,1,1,1,1,1,6,6,6,1,1,1,1,1,1,6,1,6,6,6,1,1,1,6,6,1,1,6,6,1,1,6,1,6,1,6,6,6,6,1,1,6,1,1,6,6,6,6,1,6,1,6,6,1,1,1,1,6,1,1,1,6,6,6,1,6,1,6,6,1,1,1,6,1,1,6,6,1,6,6,6,1,1,6,1,1,6,6,6,1,1,9,6,1,6,6,1,1,6,1,6,6,1,6,1,6,1,1,1,1,6,6,6,6,6,1,1,6,1,6,6,1,1,6,6,1,1,6,1,1,1,6,6,6,6,1,1,6,6,6,6,1,6,6,6,1,1,1,1,6,6,6,6,6,6,1,1,6,9,1,6,1,1,1,6,6,1,1,6,1,6,6,6,6,6,1,6,6,1,1,6,6,6,6,6,6,1,6,9,9,9,9,9,9,1,6,6,6,6,1,6,6,6,6,1,1,6,6,1,6,6,6,6,1,1,6,6,1,1,1,6,1,1,6,1,1,6,6,6,6,6,1,6,1,1,1,1,1,6,6,6,9,9,9,9,6,1,6,6,6,9,6,1,6,1,1,6,6,1,1,6,6,1,1,6,6,6,6,1,1,6,1,1,1,1,6,9,6,1,1,6,6,1,1,1,1,6,6,1,1,1,1,1,6,6,9,9,9,1,6,6,6,6,1,1,6,6,1,1,6,1,1,6,6,6,6,6,6,6,1,6,6,1,6,1,1,1,9,6,6,1,1,1,6,6,6,6,6,6,6,6,6,6,6,6,1,6,1,6,6,1,1,1,6,6,6,1,6,1,6,6,6,6,1,1,1,6,1,6,6,1,1,6,1,9,9,9,9,9,9,1,1,1,6,6,6,6,1,1,6,1,1,6,1,6,6,6,6,1,1,6,1,1,6,6,6,1,1,1,6,6,6,1,1,6,6,6,6,1,6,1,1,6,6,1,6,6,6,6,6,1,1,1,1,6,6,1,6,1,1,6,6,6,1,1,1,6,6,6,6,6,6,1,1,1,1,1,1,1,6,6,6,6,1,6,6,6,1,6,1,1,6,9,9,9,9,9,9,9,9,9,9,9,9,9,9,9,9,9,9,9,9,9,9,9,9,9,9,9,9,9,9,9,9,9,9,9,9,9,1,1,6,6,6,6,1,1,1,1,6,6,6,1,1,6,6,6,1,1,6,6,1,1,1,1,6,6,1,1,1,6,9,1,1,1,6,6,1,1,7,1,1,6,6,6,6,1,6,1,1,1,6,1,6,1,1,6,1,1,1,1,1,1,1,6,6,6,1,1,9,9,9,9,9,9,9,9,9,9,6,1,1,1,1,1,1,1,1,1,1,1,1,1,1,1,1,6,1,1,1,6,6,6,6,1,6,1,1,1,1,1,1,1,1,1,1,1,1,6,1,1,1,1,1,1,1,1,6,1,1,6,6,1
191,21311,RUIZ,100,6,6,6,1,6,1,6,6,6,1,6,1,1,1,1,1,1,1,1,6,1,6,1,1,6,6,1,1,1,1,6,6,1,6,6,1,1,1,1,1,1,1,1,6,1,1,1,1,1,6,6,1,6,6,6,6,6,6,9,9,6,6,1,6,1,1,6,6,6,6,6,6,6,6,6,6,6,1,1,6,6,6,6,6,1,1,6,6,6,6,6,6,6,6,6,6,6,6,1,6,1,6,6,1,1,1,1,1,1,1,1,1,6,6,6,1,1,1,6,6,1,1,1,1,6,1,6,6,6,6,6,6,6,6,1,6,6,6,1,1,1,1,1,1,1,1,6,1,1,1,6,1,1,1,1,1,6,1,1,6,6,6,6,1,1,1,6,6,1,1,6,1,1,1,6,6,1,6,6,1,6,1,1,1,6,1,6,6,6,6,6,1,1,1,1,6,6,6,6,6,6,6,6,1,6,1,6,1,1,6,6,6,6,1,1,6,6,6,1,1,1,1,6,6,1,1,1,6,6,1,1,1,6,6,1,1,1,1,6,6,1,1,6,6,6,6,1,1,1,6,6,6,1,1,6,1,1,6,6,6,1,6,6,1,1,1,6,1,1,6,6,1,6,6,6,1,1,1,1,1,6,1,1,1,1,1,6,6,6,6,6,1,6,6,6,6,6,6,1,1,6,6,6,1,6,1,1,1,1,6,6,6,1,1,6,9,1,6,1,6,1,9,9,6,6,6,1,1,1,6,6,6,1,1,1,6,1,6,6,1,6,1,6,1,1,6,6,1,1,1,6,6,6,6,6,6,1,6,1,1,1,1,1,6,1,6,6,6,6,6,6,1,6,6,1,1,1,1,1,1,6,6,1,1,1,1,1,1,1,6,6,6,6,1,1,1,6,1,1,1,6,1,1,6,6,1,6,1,6,6,6,1,6,6,6,6,1,6,1,1,1,1,1,1,6,6,6,6,1,1,6,1,1,6,6,1,1,1,1,1,6,6,1,6,6,6,6,6,1,6,6,6,6,6,6,6,6,1,6,1,1,6,6,1,1,6,6,6,6,1,6,1,6,1,1,1,6,6,1,6,6,1,6,1,6,6,6,6,1,1,6,1,6,1,1,6,6,1,1,1,1,1,6,1,1,1,6,6,6,6,6,6,1,6,1,1,6,6,1,1,1,1,6,6,1,1,6,1,1,1,6,6,6,1,1,6,6,6,1,1,1,1,1,1,6,6,1,6,1,6,6,6,6,6,6,6,1,1,6,6,1,1,1,1,1,1,1,1,1,6,6,6,1,1,1,1,1,1,6,1,6,6,6,1,1,1,6,6,1,1,6,6,1,1,6,1,6,1,6,1,6,6,1,1,6,1,1,6,6,6,6,1,6,1,6,6,1,1,6,1,6,1,1,6,6,6,6,1,6,1,6,6,1,1,1,6,1,6,6,6,1,6,6,6,1,1,6,1,1,6,6,6,1,1,1,6,1,6,6,1,1,6,1,6,6,1,6,1,1,1,1,1,1,6,6,6,6,6,1,1,1,1,6,6,1,1,6,6,1,1,6,1,1,1,6,6,6,6,1,1,6,6,6,6,1,6,1,1,1,1,1,1,6,6,6,6,6,6,1,1,6,6,1,1,1,1,1,6,6,1,1,6,1,6,6,6,6,6,1,6,6,1,1,6,6,1,6,6,6,1,1,1,1,6,6,1,1,1,6,6,6,6,6,6,6,6,1,1,1,6,1,6,1,6,6,1,1,1,6,6,1,1,1,6,6,1,6,1,1,6,6,6,6,6,1,6,1,1,1,1,1,6,6,6,1,6,1,6,6,1,6,6,1,1,6,1,6,1,1,6,6,1,1,6,6,1,1,6,6,6,6,1,1,1,1,1,1,1,1,6,6,1,1,6,6,6,1,1,1,6,6,1,1,1,1,1,6,6,1,6,1,6,6,6,1,6,1,1,6,6,1,1,6,1,1,6,6,6,6,6,6,6,1,6,6,1,6,1,1,1,6,6,6,1,1,1,6,6,6,6,6,6,6,6,6,6,6,6,1,6,1,6,6,1,1,1,6,6,6,1,6,1,6,6,6,6,6,1,1,6,1,1,1,1,1,6,1,1,1,1,6,6,6,1,1,1,6,6,6,6,1,1,6,1,1,6,1,6,6,6,6,1,1,1,1,1,6,6,6,1,1,1,6,6,6,1,1,6,6,6,6,1,6,1,1,6,6,1,6,6,6,6,6,1,1,1,1,6,6,1,1,1,1,6,6,6,1,1,1,6,6,6,6,6,6,1,6,6,1,1,1,1,6,6,6,6,1,6,6,6,1,6,1,1,6,1,1,6,6,1,1,1,1,7,1,6,6,6,1,1,1,6,6,6,6,6,6,6,1,6,6,6,6,6,1,6,6,6,6,6,1,6,1,1,6,6,6,6,1,1,1,1,6,1,6,1,1,1,6,6,1,1,6,6,1,1,1,1,6,1,1,1,1,6,1,1,1,1,6,6,1,1,7,1,1,6,6,6,1,1,6,1,1,1,6,1,6,1,1,6,1,1,1,1,1,1,1,6,6,6,1,1,1,1,1,1,1,1,1,1,1,1,6,1,1,1,1,1,1,1,1,1,1,1,1,1,1,1,1,6,1,1,1,6,6,6,6,1,6,1,1,1,1,1,1,1,1,1,1,1,1,6,1,1,1,1,1,1,1,1,1,1,1,6,6,1
192,21312,TAKANO,100,6,6,6,1,6,1,6,6,6,6,6,1,1,1,1,1,1,1,1,6,1,6,1,1,9,9,9,9,9,9,6,6,1,6,6,1,1,1,1,1,1,1,1,6,1,1,1,1,1,6,6,1,6,6,6,1,6,6,1,1,6,6,1,6,1,1,6,6,6,6,6,6,6,6,6,6,6,1,1,6,6,6,6,6,1,1,6,6,6,6,6,6,6,6,6,6,6,6,1,6,1,6,6,1,1,1,1,1,1,1,1,1,6,6,6,6,1,1,6,6,1,6,1,1,6,1,6,6,6,6,6,6,1,1,6,1,6,6,1,1,1,1,1,1,1,1,6,1,1,1,6,1,1,1,1,1,6,1,1,6,6,6,1,1,1,1,6,6,1,1,1,1,1,1,6,6,1,6,6,1,6,1,1,9,9,9,9,9,9,9,9,9,9,1,1,6,6,6,6,6,6,6,6,1,6,1,6,1,1,6,6,6,6,1,6,6,9,6,1,1,1,1,6,6,1,6,1,6,6,1,1,1,1,6,1,1,1,1,6,6,1,1,6,1,6,6,1,1,1,1,6,6,1,1,6,1,1,6,9,6,1,6,6,6,1,1,6,6,6,6,6,1,6,6,6,1,1,1,1,1,6,1,6,1,1,1,6,6,6,6,6,1,6,6,6,6,6,6,1,1,6,6,1,1,6,1,6,1,1,6,6,6,1,6,6,6,1,6,1,6,1,1,1,6,6,1,1,1,1,6,6,1,6,6,1,6,1,6,6,1,6,1,6,1,1,6,6,1,1,1,6,1,6,6,6,1,1,1,1,1,6,1,1,6,1,6,6,6,6,6,6,6,6,6,1,1,6,1,1,1,6,6,1,1,1,1,1,1,1,6,6,6,6,1,1,1,6,1,1,1,6,6,1,1,6,6,6,1,6,6,6,1,6,6,6,6,1,6,1,1,1,1,1,1,6,6,6,6,1,1,1,1,1,6,6,6,1,1,1,1,6,6,1,6,6,6,6,6,1,6,6,6,6,6,6,6,6,1,1,1,1,6,6,1,1,6,6,6,6,1,6,1,6,1,1,1,6,6,1,6,6,1,6,1,6,6,6,6,1,1,6,1,6,1,1,6,6,1,1,1,1,1,6,1,1,1,6,6,6,6,6,6,1,6,1,6,6,6,1,1,1,1,6,6,1,1,6,1,6,1,6,6,1,1,1,6,6,6,1,1,6,6,1,1,6,6,1,6,1,6,6,1,1,6,1,6,1,1,6,6,1,1,1,1,1,1,1,1,1,1,6,6,1,1,1,1,1,1,6,1,6,6,1,1,1,1,6,6,1,1,6,6,1,1,6,1,6,1,6,6,6,6,6,1,6,1,1,1,6,6,1,1,6,1,6,6,1,1,6,1,6,1,1,9,6,6,1,1,6,6,6,6,1,1,1,6,1,6,6,6,1,6,6,6,1,1,6,1,1,6,9,6,1,1,1,1,1,6,6,1,1,6,1,6,6,1,1,1,6,1,1,1,1,6,6,6,6,6,6,1,6,1,6,6,1,1,6,6,1,1,6,1,6,1,1,6,6,6,1,1,6,1,6,6,1,1,6,1,1,1,1,1,1,1,1,6,6,6,6,1,1,1,1,6,1,1,1,6,6,1,1,6,1,9,6,6,6,6,1,6,6,1,1,6,6,6,6,6,6,1,6,1,1,6,6,6,1,1,1,6,6,6,6,6,6,6,6,1,1,1,6,1,6,6,6,6,1,1,6,6,1,1,1,6,6,1,6,1,1,6,6,6,6,6,1,6,6,6,1,1,1,6,6,6,1,6,1,6,6,1,6,6,1,1,6,1,6,1,6,6,6,1,1,6,6,1,1,6,6,6,6,1,1,6,1,1,1,1,1,6,6,6,1,6,6,9,1,1,1,6,6,1,1,1,1,1,6,6,1,6,1,1,6,6,1,6,1,1,6,6,1,1,6,1,1,6,6,6,6,6,6,6,1,6,6,6,1,1,1,1,6,6,6,1,1,1,6,6,1,6,6,6,6,6,6,6,6,6,1,6,1,6,1,1,1,1,6,6,1,1,6,6,6,6,6,1,1,1,1,6,1,1,1,1,1,6,6,1,1,1,6,6,1,1,1,1,6,6,1,6,1,1,6,1,1,6,1,6,6,6,6,1,1,6,1,1,1,6,6,1,1,1,6,6,6,1,1,1,6,6,6,1,6,1,1,6,6,1,6,6,6,6,6,1,1,1,1,6,6,1,6,1,1,6,6,6,1,1,6,6,6,6,6,6,6,6,1,6,1,6,1,1,6,6,6,6,1,6,6,6,1,6,6,1,6,1,1,6,6,1,1,1,1,7,1,6,6,6,1,1,1,6,6,6,6,6,6,6,1,6,6,6,6,6,1,6,6,6,6,6,1,6,1,1,6,6,6,6,6,1,1,1,6,6,6,6,1,6,6,6,1,1,6,6,1,1,1,1,6,6,1,1,1,6,1,1,1,1,6,6,1,1,7,1,6,6,6,6,6,1,6,1,1,1,6,1,6,1,1,6,1,1,1,1,1,1,1,6,6,1,1,1,1,1,1,1,1,1,1,1,1,1,6,1,1,1,1,1,1,1,1,1,1,1,1,1,1,1,1,6,1,1,1,9,6,6,6,1,6,1,1,1,1,1,1,1,1,1,1,1,1,6,1,1,1,1,1,1,1,1,6,1,1,6,6,1
193,21313,LOWENTHAL,100,6,6,6,1,6,1,6,6,6,6,6,1,1,1,1,1,1,1,1,6,1,6,1,1,6,6,6,1,1,6,6,6,1,6,6,1,1,1,1,1,1,1,1,6,1,1,1,1,1,6,6,1,6,6,6,1,6,6,1,1,6,6,1,6,1,1,6,6,6,6,6,6,6,6,6,6,6,1,1,6,6,6,6,6,1,1,6,6,6,6,6,6,6,6,6,6,6,6,1,6,1,6,6,1,1,1,1,1,1,1,9,1,6,6,6,6,1,1,6,6,1,6,1,1,6,1,6,6,6,6,1,6,1,1,1,1,6,6,1,1,1,1,1,1,1,1,6,1,1,1,6,1,1,1,1,1,6,1,1,6,6,6,1,1,1,1,6,6,1,1,1,1,1,1,6,6,1,6,6,1,6,1,1,1,6,1,6,6,1,6,6,1,1,1,1,6,6,6,6,6,6,6,6,1,6,1,6,1,1,6,6,6,6,1,6,6,6,6,1,1,1,1,6,6,1,1,1,6,6,1,9,1,6,6,1,1,1,1,6,6,1,1,6,1,6,6,1,1,1,1,6,6,1,1,6,1,1,6,6,6,1,6,6,6,1,1,6,1,1,6,6,1,6,6,6,1,1,1,1,1,6,1,6,1,1,1,6,6,6,6,6,1,6,6,6,6,6,6,1,1,9,6,6,1,6,1,6,9,9,6,6,6,1,6,6,6,1,6,1,6,1,1,1,6,6,6,1,1,1,6,6,1,6,6,1,6,1,6,6,1,6,1,6,1,1,6,6,1,1,1,6,6,6,6,6,1,1,1,1,1,6,1,1,6,1,6,6,6,6,6,6,6,6,6,1,1,6,1,1,1,6,6,1,1,1,1,1,1,1,6,6,6,6,1,1,1,6,1,1,1,6,1,1,1,6,6,6,1,6,6,6,1,6,6,6,6,1,6,1,1,1,1,1,1,6,6,6,6,1,1,1,1,1,6,6,1,1,1,1,1,6,6,6,6,6,6,6,6,1,6,6,6,6,6,6,9,6,1,1,1,1,6,6,1,1,6,6,6,6,1,6,1,6,1,1,1,6,6,1,6,6,1,6,1,6,6,6,6,1,1,6,1,6,1,1,6,6,1,1,1,1,1,6,1,1,1,6,6,6,6,6,6,1,6,1,6,6,6,1,1,1,1,6,6,1,1,6,1,6,1,6,6,1,1,1,6,6,6,1,1,6,6,1,1,6,6,1,6,1,6,6,1,1,6,1,6,1,1,6,6,1,1,1,1,1,1,1,9,9,9,9,9,9,9,9,9,9,9,9,9,9,9,9,9,9,9,9,6,1,1,6,6,1,1,6,1,6,1,6,6,6,6,6,1,6,1,1,1,6,6,1,1,6,6,6,6,1,1,6,1,6,1,1,1,6,6,1,1,6,6,6,6,1,1,1,6,1,1,6,6,1,6,6,6,1,1,6,1,1,6,1,6,1,1,1,6,1,6,6,1,1,6,1,6,6,1,9,1,6,1,1,1,1,6,6,6,6,6,6,1,6,1,6,6,1,1,6,6,1,1,6,1,6,1,6,6,6,6,1,1,6,6,6,6,1,6,6,1,1,1,1,1,6,6,6,6,6,6,6,1,1,1,1,6,1,1,1,6,6,1,1,6,1,6,6,6,6,6,1,6,6,1,6,6,6,6,6,6,6,1,6,1,1,6,6,6,1,1,6,6,6,6,6,6,6,6,6,1,1,6,6,6,6,6,6,6,1,1,6,6,1,1,1,6,6,1,6,1,1,6,6,6,6,6,1,6,6,1,1,1,1,6,6,6,1,6,1,6,6,9,6,6,1,1,6,1,6,1,6,6,6,1,1,6,6,1,1,6,6,6,6,1,1,6,1,1,1,1,1,6,6,6,9,6,6,6,1,1,1,6,6,1,1,1,1,1,6,6,1,6,1,1,1,6,1,6,1,1,6,6,1,6,6,1,1,6,6,6,6,6,6,6,1,6,1,1,1,1,1,1,6,6,6,1,1,1,6,6,6,6,6,6,6,6,6,6,6,6,1,6,1,6,6,1,1,1,6,6,6,1,6,6,6,6,6,1,6,1,1,6,1,1,1,1,1,6,6,1,1,1,6,6,6,1,1,1,6,6,1,6,1,1,6,1,1,6,1,6,6,6,6,1,1,6,1,1,1,6,6,1,1,6,6,6,6,1,1,6,6,6,6,1,6,1,1,6,6,1,6,6,6,6,6,1,1,1,1,6,6,1,6,1,1,6,6,6,1,6,6,6,6,6,6,6,6,1,1,6,1,6,1,9,6,6,6,6,1,6,6,6,1,6,6,1,6,1,1,6,6,1,1,1,1,7,1,6,6,6,1,1,1,6,6,6,6,6,6,6,1,6,6,6,6,6,1,6,6,6,6,6,1,6,1,1,6,6,6,6,6,1,1,1,6,6,6,6,1,6,6,6,1,1,6,6,1,1,1,1,6,6,1,1,1,6,1,1,1,1,6,6,1,1,7,1,6,6,6,6,6,1,6,1,1,1,6,1,6,1,1,6,1,1,1,1,1,1,1,6,6,1,1,1,9,9,9,9,9,9,9,9,9,9,9,9,9,9,9,9,9,9,9,9,9,9,9,9,9,9,9,9,9,9,9,9,9,9,9,9,9,9,9,9,9,9,9,9,9,9,9,9,9,9,9,9,9,9,9,9,9,9,9,9,9,9,9,9
194,21314,VARGAS,100,6,6,6,1,6,1,6,6,6,1,6,1,1,1,1,1,1,1,1,6,1,6,1,1,6,6,6,1,1,1,6,6,1,6,6,1,1,1,1,1,1,1,1,6,1,1,1,1,1,6,6,1,6,6,6,1,6,6,1,1,6,6,1,6,1,1,6,6,6,6,6,6,6,6,6,6,6,1,1,6,6,6,6,6,1,1,6,6,6,6,6,6,6,6,6,6,6,6,1,6,1,6,9,1,1,1,1,1,1,1,1,1,6,6,6,6,1,1,6,6,1,6,1,1,6,1,6,6,6,6,1,6,1,1,1,1,6,6,1,1,1,1,1,1,1,1,6,1,1,1,6,1,1,1,1,1,6,1,1,6,6,6,6,1,1,1,6,6,9,1,6,1,1,1,6,6,1,6,6,1,6,1,1,1,6,1,6,6,6,6,6,1,6,1,1,6,6,6,6,6,6,6,6,1,6,1,6,1,1,6,6,6,6,1,1,6,6,6,1,1,1,1,6,6,1,1,6,6,6,1,1,1,6,6,1,1,1,1,6,6,1,1,6,6,6,6,1,6,1,6,6,6,6,1,6,1,1,6,6,6,1,6,6,6,1,1,6,1,1,6,6,1,6,6,6,1,1,1,1,1,6,1,1,1,1,1,6,6,6,6,6,1,6,6,6,6,6,6,1,1,6,6,6,1,6,6,6,1,1,6,6,6,1,1,6,6,1,6,1,6,1,1,1,6,6,6,1,1,1,6,6,6,6,6,1,6,1,6,6,1,6,1,6,1,1,6,6,1,1,1,6,1,6,6,6,6,1,1,1,1,6,1,1,6,1,6,6,6,6,1,6,6,1,6,1,1,6,9,9,9,6,6,1,1,1,1,1,1,1,6,6,6,6,1,1,1,6,1,1,1,6,6,1,1,6,9,9,9,6,6,6,1,6,6,6,6,1,6,1,1,1,1,1,1,6,6,6,6,1,1,1,1,1,6,6,1,1,1,1,1,6,6,6,6,6,6,6,6,1,6,6,6,6,6,6,6,6,1,1,1,1,6,6,1,1,6,6,6,6,1,6,1,6,1,1,1,6,6,1,6,6,1,6,1,6,6,6,6,1,1,6,1,6,1,1,6,6,1,1,1,1,1,6,1,1,1,6,6,6,6,6,6,1,6,1,6,6,6,1,1,1,1,6,6,1,1,6,1,6,1,6,6,6,1,1,6,6,6,1,1,6,6,9,1,6,6,1,6,1,6,6,1,1,6,1,6,1,1,6,6,1,1,1,1,1,1,1,1,1,6,6,6,1,1,1,1,1,1,6,1,6,6,6,1,1,1,6,6,1,1,6,6,1,1,6,1,6,1,6,6,6,6,1,1,6,1,1,6,6,6,6,1,6,1,6,6,1,1,6,1,6,1,1,6,6,6,6,1,6,6,6,6,1,1,1,6,1,1,6,6,1,6,6,6,1,1,6,1,1,6,6,6,1,1,1,6,6,6,6,1,1,6,1,6,6,1,9,1,6,1,1,1,1,1,6,6,6,6,1,1,6,1,1,6,1,1,6,6,1,1,6,1,6,1,6,6,6,6,1,1,6,6,6,6,1,6,6,6,1,1,1,1,6,6,6,6,6,6,6,1,6,1,1,6,1,1,1,6,6,1,1,6,1,6,6,6,6,6,1,6,6,1,6,6,6,9,9,9,9,9,6,1,1,6,6,6,1,9,9,6,6,6,6,6,6,6,6,1,1,6,6,6,6,6,6,6,9,9,6,6,1,1,1,1,6,1,6,9,9,6,6,6,6,6,1,6,1,1,1,1,1,6,6,6,1,6,1,6,9,9,6,6,1,1,6,1,6,1,1,6,6,9,9,6,6,1,1,6,6,6,6,1,1,6,1,1,1,1,6,6,6,1,1,6,6,1,1,1,1,6,6,1,1,1,1,1,6,6,1,6,1,1,6,6,6,6,1,1,6,6,1,1,6,1,1,6,6,6,6,6,6,6,1,6,1,6,6,1,1,1,6,6,6,1,1,1,6,6,6,6,6,6,6,6,6,6,6,6,1,6,1,6,6,9,9,9,6,6,6,1,6,6,6,6,6,1,6,1,1,6,1,6,1,1,1,6,1,1,1,1,6,6,6,1,1,1,9,9,9,9,9,9,9,9,9,9,9,9,9,6,6,1,1,6,1,1,6,6,6,1,1,1,6,6,6,1,1,6,6,6,6,1,6,1,6,6,6,1,6,6,6,6,6,1,1,1,1,6,6,1,6,1,1,6,6,6,1,1,6,1,6,6,6,6,6,1,1,1,1,1,1,1,6,6,6,6,1,6,6,6,1,6,1,1,6,1,1,6,6,1,1,1,1,6,1,6,6,6,1,1,1,6,6,6,6,6,6,6,1,6,6,6,6,6,1,6,6,6,6,6,1,6,1,1,6,6,6,6,1,1,1,1,6,6,6,1,1,6,6,6,1,1,6,6,1,1,1,1,6,6,1,1,1,6,1,1,1,1,6,6,9,1,6,1,1,6,6,6,6,1,6,1,1,1,6,1,6,1,1,6,1,1,1,1,1,1,1,6,6,6,1,1,1,1,1,1,1,1,1,1,1,1,6,1,1,1,1,1,1,1,1,1,1,1,1,1,1,1,1,6,1,1,1,6,6,6,6,1,6,1,1,1,1,1,1,1,1,1,1,1,1,6,1,1,1,1,1,1,1,1,6,1,1,6,6,1
195,21315,PETERS,100,6,6,6,1,6,1,6,6,6,1,6,1,1,1,1,1,1,1,1,6,1,6,1,1,6,6,6,6,6,1,6,6,1,6,1,1,1,1,1,1,1,1,1,6,1,6,1,1,1,1,6,1,1,6,6,6,6,6,1,1,6,6,1,6,1,1,6,6,6,6,6,6,6,6,6,6,6,1,1,6,6,6,6,6,1,1,6,6,6,6,1,6,6,6,6,6,6,6,1,6,1,6,6,1,6,1,1,1,1,1,1,1,6,6,6,1,1,1,6,1,1,1,1,1,6,1,6,6,6,6,6,6,6,6,1,6,6,6,1,1,1,1,1,1,1,1,6,1,1,1,6,1,1,1,1,1,6,1,1,6,6,6,6,1,1,1,1,6,1,1,6,1,1,1,6,6,1,6,6,1,6,1,1,1,6,1,6,6,1,6,6,1,6,1,1,6,6,6,6,6,6,6,6,1,6,1,6,1,1,6,6,6,1,1,1,6,1,6,1,1,1,1,6,6,1,1,6,6,6,9,1,1,6,1,1,1,1,1,6,6,1,1,6,6,6,6,1,1,1,6,6,6,6,1,6,1,1,6,6,6,1,6,6,1,1,1,6,1,1,6,6,1,6,6,6,1,1,1,1,1,6,6,1,1,1,1,6,6,6,6,6,1,1,6,6,6,6,6,1,1,6,6,6,1,6,1,1,1,1,6,6,6,6,1,6,6,1,6,1,1,1,1,1,6,6,6,1,1,1,6,6,9,1,1,1,6,1,6,6,1,6,1,6,1,1,6,6,1,1,1,6,6,9,6,6,6,6,1,6,1,6,1,6,1,1,6,6,6,6,1,6,6,6,6,1,1,1,1,1,1,6,6,1,1,1,1,1,1,1,6,6,6,6,1,1,1,6,1,1,1,6,1,1,6,6,1,6,1,6,6,6,1,6,6,6,6,1,6,1,1,1,1,1,1,6,6,6,6,1,1,1,1,1,6,6,1,1,1,1,1,6,6,6,6,6,6,6,6,1,6,6,6,6,6,6,6,6,1,6,1,1,1,6,1,6,6,6,6,6,1,6,1,6,1,1,1,6,6,1,6,6,1,6,1,6,6,6,6,6,1,6,1,6,1,1,6,6,1,1,1,1,1,1,1,1,1,1,6,6,6,6,6,1,6,1,6,6,6,1,6,1,1,6,6,1,1,6,1,1,1,6,6,6,1,1,6,6,6,1,1,1,6,1,1,6,6,1,6,1,6,6,6,6,6,6,6,1,1,6,1,1,1,1,1,1,1,1,1,1,6,6,6,1,6,6,6,6,6,1,1,6,6,6,1,1,1,6,6,1,1,6,6,1,1,6,1,6,1,9,9,9,9,9,9,9,1,1,6,6,6,6,1,1,1,6,6,1,6,1,1,6,1,1,6,6,6,6,1,1,1,6,6,1,1,1,6,1,1,6,6,1,6,6,6,1,1,6,1,1,1,6,6,1,1,1,6,1,6,6,1,1,6,1,6,6,1,6,1,1,1,1,1,1,1,6,6,6,6,1,1,6,1,6,6,1,1,6,6,1,1,6,1,1,1,6,6,6,6,1,1,1,1,6,6,1,1,6,1,1,1,1,1,6,6,6,6,6,6,6,1,1,6,1,1,1,1,1,6,6,1,1,1,1,1,6,6,6,6,1,6,6,1,1,6,6,6,6,6,1,1,6,1,1,6,6,1,1,1,1,6,6,6,6,6,6,6,6,1,1,1,1,6,1,6,6,6,1,1,6,6,1,1,1,1,6,6,1,1,1,6,6,6,6,6,1,6,1,1,9,9,1,1,6,6,1,6,1,6,6,1,6,6,1,1,6,1,1,1,1,6,6,1,1,6,6,1,1,6,1,6,6,1,1,1,1,1,1,1,6,6,9,1,1,6,6,1,1,1,1,6,1,1,1,1,1,1,6,6,1,6,1,6,6,6,1,6,1,1,1,6,1,1,6,1,1,6,6,6,6,6,6,6,1,1,6,1,1,1,1,1,6,6,6,1,1,1,6,6,1,1,6,6,6,6,6,6,6,6,1,6,1,6,9,1,1,1,6,6,1,1,6,1,1,6,6,6,6,1,1,6,1,6,6,1,6,6,1,1,1,1,6,6,1,1,1,1,6,6,1,6,1,1,6,6,1,6,1,6,6,6,6,1,1,1,1,1,1,6,6,1,1,1,1,6,1,1,1,1,6,6,6,1,6,1,1,6,6,1,6,6,6,6,6,1,1,1,1,6,6,1,1,1,1,6,6,6,1,1,1,6,6,6,6,6,6,1,6,1,1,1,1,1,6,6,6,6,1,6,6,6,1,6,1,1,6,1,1,6,6,1,1,1,1,7,1,6,6,6,1,1,1,6,9,6,6,6,6,6,1,6,6,6,6,6,1,6,6,6,6,6,1,6,1,1,6,6,6,6,1,1,1,1,6,6,6,1,1,1,6,6,1,1,6,6,1,1,1,1,6,6,1,1,1,6,1,1,1,1,6,6,1,1,7,1,1,6,6,6,6,1,6,1,9,9,9,9,9,1,1,6,1,1,1,1,9,1,1,6,6,1,1,1,1,1,1,1,1,1,1,1,1,1,6,1,1,1,1,1,1,1,1,1,1,1,1,1,1,1,1,6,1,1,1,6,6,6,6,1,6,1,1,1,1,1,1,1,1,1,1,1,1,6,1,1,1,1,1,1,1,1,6,1,1,6,6,1
196,21316,ESTY,100,6,6,6,1,6,1,6,6,6,1,6,1,1,1,1,1,1,1,1,6,1,6,1,1,6,6,6,1,1,1,6,6,1,6,6,1,1,1,1,1,1,1,1,6,1,1,1,1,1,6,6,1,6,6,6,1,6,6,1,1,6,6,1,6,1,1,6,6,6,6,6,6,6,6,6,6,6,1,1,6,6,6,6,6,1,1,6,6,6,6,6,6,6,6,6,6,6,6,1,6,1,6,6,1,1,1,1,1,1,1,1,1,6,6,6,6,1,1,6,6,1,6,1,1,6,1,6,6,6,6,6,6,6,6,1,6,6,6,1,1,1,1,1,1,1,1,6,1,1,1,6,1,1,1,1,1,6,1,1,6,6,6,1,1,1,1,6,6,1,1,1,1,1,1,6,6,1,6,6,1,6,1,1,1,6,1,6,6,1,6,6,1,1,1,1,6,6,6,6,6,6,6,6,1,6,1,6,1,1,6,6,6,6,1,1,6,6,6,1,1,1,1,6,6,1,1,1,6,6,1,1,1,1,6,1,1,1,1,6,6,1,1,6,1,6,6,1,1,1,1,6,6,1,1,6,1,1,6,6,6,1,6,6,6,1,1,6,9,9,6,6,1,6,6,6,1,1,1,1,1,6,1,1,1,1,1,6,6,6,6,6,1,6,6,6,6,6,6,1,1,6,6,1,1,6,1,1,1,1,6,6,6,1,1,6,6,1,6,1,1,1,1,1,6,6,6,1,1,1,6,6,1,6,6,1,6,1,6,6,1,6,1,1,1,1,6,6,1,1,1,6,6,6,6,6,6,1,1,1,1,6,1,1,6,1,6,6,6,6,6,6,6,6,6,1,1,1,1,1,1,6,6,1,1,1,1,1,1,1,6,6,6,6,1,1,1,6,1,1,1,6,1,1,1,6,6,6,1,6,6,6,1,6,6,6,6,1,6,6,6,1,1,1,1,6,6,6,6,1,1,1,1,1,6,6,1,1,1,1,1,6,6,6,6,6,6,6,6,1,6,6,6,6,6,6,6,6,1,1,1,1,6,6,1,1,6,6,6,6,1,6,1,6,1,1,1,6,6,1,6,6,1,6,1,6,6,6,6,1,1,6,1,6,1,1,6,6,1,1,1,1,1,6,1,1,1,6,6,6,6,6,6,1,6,1,6,6,6,1,1,1,1,6,6,1,1,6,1,6,1,6,6,6,1,1,6,6,6,1,1,6,6,1,1,6,6,1,6,1,6,6,6,6,6,1,6,1,1,6,6,1,1,1,1,1,1,1,1,1,6,6,6,1,1,1,1,1,1,6,1,6,6,6,1,1,1,6,6,1,1,6,6,1,1,6,1,6,1,6,6,6,6,1,1,6,1,1,6,6,6,6,1,6,1,6,6,1,1,6,1,6,1,1,6,6,6,6,1,6,1,6,6,1,1,1,6,1,6,6,6,1,6,6,6,1,1,6,1,1,6,6,6,1,1,1,6,1,6,6,1,1,6,1,6,6,1,6,1,6,1,1,1,1,1,6,6,6,6,6,1,6,1,6,6,1,1,6,6,1,1,6,1,1,1,6,6,6,6,1,1,6,6,6,6,1,6,6,6,1,1,1,1,6,6,6,6,6,6,6,1,6,6,1,6,1,1,1,6,6,1,1,6,1,6,6,6,6,6,1,6,6,1,1,6,6,6,6,6,6,1,6,1,1,6,6,6,1,1,6,6,6,6,6,6,6,6,6,1,1,6,6,6,1,6,6,1,1,1,6,6,1,1,1,6,6,1,6,1,1,6,6,6,6,6,1,6,1,1,1,1,1,1,6,6,1,6,1,6,6,1,6,6,1,1,6,1,6,1,1,6,6,1,1,6,6,1,1,6,6,6,6,1,1,1,1,1,1,1,1,6,6,1,1,6,6,1,1,1,1,6,6,1,1,1,1,1,6,6,1,6,1,1,6,6,6,6,1,1,6,6,1,1,6,9,9,6,6,6,6,6,6,6,1,6,6,1,6,1,1,1,6,6,6,1,1,1,6,6,6,6,6,6,6,6,6,6,6,6,1,6,1,6,6,1,1,1,6,6,6,1,6,1,6,6,6,6,6,1,1,6,1,1,1,1,1,6,1,1,1,1,6,6,6,1,1,1,6,6,6,6,1,1,6,1,1,6,1,6,6,6,6,1,1,6,1,1,6,6,6,1,1,1,6,6,6,1,1,6,6,6,6,1,1,1,1,6,6,1,6,6,6,6,6,1,1,1,1,6,6,1,1,1,1,6,6,6,1,1,1,6,6,6,6,6,6,1,1,1,1,1,1,1,6,6,6,6,1,6,6,6,1,6,1,1,6,1,1,6,6,1,1,1,1,7,1,6,6,6,1,1,1,6,6,6,6,6,6,6,1,6,6,6,6,6,1,6,6,6,6,6,1,6,1,1,6,6,6,6,6,1,1,1,6,6,6,1,1,6,6,6,1,1,6,6,1,1,1,1,6,6,1,1,1,6,1,1,1,1,6,6,1,1,1,1,1,6,6,6,6,1,6,1,1,1,9,1,6,1,1,6,1,1,1,1,1,1,1,6,6,6,1,1,1,1,1,1,1,1,1,1,1,1,6,1,1,1,1,1,1,1,1,1,1,1,1,1,1,1,1,6,1,1,1,6,6,6,6,1,6,1,1,1,1,1,1,1,1,1,1,1,1,6,1,1,1,1,1,1,1,1,6,1,1,6,6,1
197,21317,YOHO,200,1,1,1,6,1,6,1,1,1,1,1,6,6,6,6,6,6,6,6,1,6,1,1,1,1,1,1,6,6,1,1,1,1,1,1,6,6,6,6,6,6,6,6,1,6,6,6,6,6,1,1,6,1,1,1,6,1,1,1,1,1,1,6,1,1,1,1,1,1,1,1,1,1,1,1,1,1,1,1,1,1,1,1,1,1,1,1,1,1,1,1,1,1,1,1,1,1,1,1,1,6,1,1,1,6,6,6,6,6,6,6,6,1,1,1,1,6,6,1,1,6,1,6,6,1,1,1,1,1,1,6,1,6,6,1,1,1,1,6,6,6,9,6,6,6,6,1,6,6,6,1,6,6,6,9,6,1,1,1,1,1,1,1,6,6,6,1,1,1,1,6,1,1,1,1,1,1,1,1,1,1,6,1,6,9,1,1,1,6,1,1,1,6,1,6,1,1,1,1,1,1,1,1,6,1,6,1,9,9,1,1,1,1,6,1,1,1,1,1,1,1,1,1,1,1,1,9,1,1,1,1,1,1,1,1,1,1,1,1,1,1,6,1,6,1,1,1,6,1,1,1,1,1,1,1,1,1,1,1,1,1,1,1,1,1,6,1,1,1,1,1,1,1,1,1,1,1,6,6,6,1,6,1,1,1,1,1,1,1,1,1,6,1,1,1,1,1,1,1,1,1,1,9,6,1,1,1,6,1,1,1,1,6,1,1,1,6,1,6,1,6,1,1,1,1,1,1,1,1,1,1,1,1,6,6,1,1,1,1,6,1,6,1,1,6,1,1,1,6,6,6,6,1,1,1,6,6,6,6,6,1,6,6,1,6,1,1,1,1,6,1,1,1,1,1,6,1,1,1,1,1,1,1,6,6,6,6,6,6,1,1,1,1,6,6,6,1,6,6,6,1,1,6,6,1,1,1,1,1,1,1,1,1,1,1,1,6,1,6,6,6,6,6,6,1,1,1,1,6,6,6,6,6,1,1,1,1,1,1,1,1,1,6,1,1,1,1,1,6,1,1,1,1,1,1,1,1,6,6,6,6,1,1,6,6,1,1,1,1,6,1,6,1,6,6,6,1,1,6,1,1,6,1,1,1,1,1,1,6,6,1,6,1,6,6,1,1,6,6,6,6,6,1,6,6,6,1,1,1,1,1,1,6,1,9,9,9,9,9,9,9,9,9,9,9,9,9,9,1,1,1,1,1,6,6,6,9,1,1,6,1,1,1,1,1,1,6,1,1,1,1,6,6,1,6,1,1,1,1,1,1,1,6,1,1,6,1,1,1,1,1,1,1,6,6,6,6,6,1,1,1,1,1,6,9,6,1,1,1,1,1,1,6,6,1,6,1,1,1,1,1,1,1,6,1,1,1,1,1,1,6,6,1,1,1,1,1,6,1,1,1,1,1,6,1,1,6,6,1,1,1,1,1,1,1,1,1,1,1,1,6,1,1,1,6,6,1,1,6,1,6,1,6,1,1,6,1,1,1,1,6,1,1,1,1,1,1,1,1,1,1,1,6,1,1,1,1,1,1,6,1,6,1,1,1,6,1,1,6,6,1,1,1,1,1,1,1,1,1,6,1,1,1,1,1,6,1,1,1,1,1,1,6,6,6,1,1,1,1,1,1,1,6,6,1,1,1,1,1,1,1,6,1,1,1,1,1,1,6,1,1,1,1,1,6,9,9,1,1,1,1,1,1,1,1,1,1,1,1,1,1,1,1,1,1,1,1,1,1,6,1,6,1,9,9,6,1,1,1,1,1,1,6,1,1,6,1,1,1,1,1,1,1,1,6,1,1,1,1,1,6,1,1,1,6,1,6,1,1,1,1,1,1,6,1,6,1,6,1,1,1,1,1,1,1,1,6,1,6,1,6,1,1,6,1,1,1,1,6,1,1,1,6,1,1,1,1,1,1,1,1,1,1,1,9,9,1,1,6,1,1,6,6,1,6,1,6,1,1,1,6,1,1,1,1,1,1,1,1,1,1,1,6,1,6,1,6,1,1,1,1,1,1,1,1,1,1,1,1,6,6,6,1,6,1,1,6,6,1,1,6,1,6,1,1,1,1,1,9,6,1,1,1,1,1,6,1,6,6,1,1,6,6,1,6,1,1,1,1,1,1,1,6,6,1,1,1,1,6,1,6,6,1,6,6,1,6,1,1,1,1,6,6,1,1,1,1,1,1,1,1,1,1,9,9,6,1,6,1,1,1,6,1,6,1,1,1,6,1,1,1,1,1,6,1,1,1,1,1,1,1,1,6,6,1,1,6,1,1,1,1,1,1,6,6,1,6,6,6,1,1,1,1,1,1,1,6,1,1,1,6,1,1,6,1,1,1,1,1,1,1,1,1,1,1,1,1,1,6,6,6,1,1,1,1,1,1,1,6,1,1,1,1,1,6,1,1,1,1,1,6,1,1,1,1,1,1,1,1,1,1,6,1,1,1,1,6,1,1,1,6,1,1,1,6,6,6,6,1,1,1,1,1,1,1,1,1,1,1,1,6,6,1,1,6,1,1,1,1,6,1,1,1,1,1,9,9,1,6,1,6,1,1,1,1,9,1,1,1,1,1,1,9,9,9,9,9,9,9,9,9,9,1,6,1,6,1,1,1,1,1,1,1,1,1,1,1,1,1,1,1,1,1,9,1,1,1,1,1,6,1,1,1,1,1,6,1,1,1,1,1,1,1,1,6,1,1,1,1,1,1,1,1,6,6,1
198,21321,FRANKEL,100,6,6,6,1,9,1,6,6,6,1,6,1,1,1,1,1,1,1,1,6,1,6,1,1,6,6,1,1,1,6,6,6,1,6,6,1,1,1,1,1,1,1,1,6,9,9,9,9,9,9,9,9,9,9,9,9,9,9,1,1,6,6,1,6,1,1,6,6,6,6,6,6,6,6,6,9,6,1,1,6,6,9,6,6,1,1,6,6,6,6,6,6,6,6,6,6,6,6,1,6,1,6,6,1,1,1,1,1,1,1,1,1,6,6,6,6,1,1,6,6,1,6,1,1,6,1,6,6,6,6,1,6,9,1,1,1,9,9,1,1,1,1,1,1,1,1,6,1,1,1,6,1,1,1,1,1,6,1,1,6,6,6,1,1,1,1,6,6,1,1,1,1,1,1,6,6,1,6,6,1,6,1,1,1,6,1,6,6,1,6,6,1,1,1,1,6,6,6,6,6,6,6,6,1,6,1,6,1,1,6,6,6,6,9,6,6,6,6,1,1,9,9,6,6,1,1,1,6,6,1,1,1,1,6,1,1,1,1,6,6,1,1,6,1,6,6,1,1,1,1,6,6,6,1,6,9,1,6,6,6,1,6,6,6,1,1,6,1,1,6,6,1,6,6,6,1,1,1,1,1,6,1,1,1,1,1,6,6,6,6,6,1,6,6,6,6,6,6,1,1,6,6,9,1,6,1,6,1,1,6,6,6,1,6,6,6,1,6,1,6,1,1,1,6,6,1,1,1,1,6,6,1,6,6,1,6,1,6,6,9,6,1,6,1,1,6,6,1,1,1,6,1,6,6,6,6,1,1,1,1,6,9,9,9,1,6,6,6,6,6,6,6,1,6,1,1,1,1,1,1,6,6,1,1,1,1,1,1,1,6,6,6,6,1,1,1,6,1,1,1,6,1,1,1,6,6,6,1,9,6,6,1,6,6,6,6,1,6,1,1,1,1,1,1,6,6,6,6,1,1,1,1,1,6,6,1,1,1,1,1,6,6,1,6,6,6,6,6,1,6,6,6,6,6,6,6,6,1,1,1,1,6,6,1,1,6,6,6,6,1,6,1,6,1,1,1,6,6,1,6,6,1,6,1,6,6,6,6,1,1,6,1,9,9,1,6,6,1,1,1,1,1,6,1,1,1,6,6,6,6,6,6,1,6,9,9,9,9,9,9,9,9,9,9,9,9,9,9,6,1,6,6,1,1,1,6,6,6,1,1,6,6,1,1,6,6,1,6,1,6,6,1,1,6,1,6,1,1,6,6,1,1,1,1,1,1,1,9,1,1,6,6,9,1,6,1,1,1,6,1,6,6,1,1,1,1,6,6,1,1,6,6,1,1,6,1,6,1,6,6,6,6,1,1,6,1,1,1,6,6,1,1,6,1,6,6,1,1,6,1,6,1,1,1,6,6,1,1,6,1,6,6,1,1,1,6,1,6,6,6,1,6,6,6,1,1,6,1,1,9,9,6,1,1,1,1,6,6,6,1,1,6,1,6,6,1,1,1,6,1,9,1,1,6,6,6,6,6,1,1,6,1,1,6,1,1,6,6,1,1,6,1,6,1,1,6,6,6,1,1,6,1,6,6,1,1,9,1,1,1,1,1,6,6,6,6,6,6,6,1,1,6,1,1,1,1,1,6,6,1,1,6,1,1,6,6,6,6,1,6,6,1,6,6,6,6,6,6,6,1,6,1,1,6,6,6,1,1,1,6,6,6,6,6,6,6,6,1,1,1,9,9,9,6,6,6,9,9,6,6,1,1,1,6,6,1,6,1,1,6,6,6,6,6,1,6,1,1,1,1,1,6,6,6,1,6,1,6,6,1,9,6,1,1,6,1,6,1,6,6,6,1,1,6,6,1,1,6,1,6,6,1,1,1,1,1,9,9,9,9,9,9,9,9,9,9,9,9,1,6,6,1,1,1,1,1,6,6,1,6,1,1,6,6,6,6,1,1,6,6,1,1,6,1,9,9,6,6,6,6,6,6,1,6,1,6,1,1,1,1,6,6,6,1,6,6,6,6,1,6,6,6,6,6,6,6,6,6,1,6,1,6,1,1,1,1,6,6,1,1,6,1,6,6,6,6,6,1,1,6,1,1,1,1,1,6,1,1,1,1,6,6,1,1,1,1,6,6,1,6,1,1,6,1,1,6,1,6,6,6,6,1,1,6,1,1,1,6,6,1,1,1,6,6,6,9,9,9,9,9,9,1,6,6,1,6,6,1,6,6,6,6,6,1,1,1,1,6,6,1,6,1,1,6,6,6,1,1,6,6,6,6,6,6,6,1,1,6,1,1,9,9,6,6,6,6,1,6,9,9,1,6,1,1,6,1,1,6,6,1,1,1,1,7,1,6,6,6,1,1,1,6,6,6,6,6,6,6,1,6,6,6,6,6,1,6,6,6,6,6,1,6,1,1,6,6,6,6,6,1,1,1,6,6,6,1,1,6,6,6,1,1,6,6,1,1,1,1,6,6,1,1,1,6,1,1,1,1,6,6,9,1,7,1,1,6,6,6,6,1,6,1,1,1,6,1,6,1,1,6,1,1,1,1,1,1,1,6,6,1,1,1,1,1,1,1,1,1,1,1,1,1,6,1,1,1,1,1,1,1,1,1,1,1,1,1,1,1,1,6,1,1,1,6,6,6,6,1,6,1,1,1,1,1,1,1,1,1,1,1,1,1,1,1,1,1,1,1,1,1,6,1,1,6,6,1
199,21323,COLLINS,200,1,1,1,6,1,6,1,1,1,1,1,6,6,6,6,6,6,6,6,1,6,1,1,1,1,1,6,6,6,1,1,1,1,1,1,6,6,6,6,6,6,6,6,1,6,6,6,6,6,1,1,6,1,1,1,6,1,1,1,1,1,1,6,1,1,1,1,1,1,1,1,1,1,1,1,1,1,1,1,1,1,1,1,1,1,1,1,1,1,1,1,1,1,1,1,1,1,1,1,1,1,1,1,1,6,6,6,6,6,6,6,6,1,1,1,1,6,6,1,1,6,1,6,6,1,1,1,1,1,1,6,1,6,9,1,1,1,1,6,6,6,6,6,6,6,6,1,6,6,6,1,6,6,6,6,6,1,1,1,1,1,1,6,6,6,6,1,1,1,1,6,1,1,1,1,1,1,1,1,1,1,6,1,6,1,1,1,1,6,1,1,1,6,1,1,1,1,1,1,1,1,1,1,6,1,6,1,1,1,1,1,1,1,6,1,1,1,9,1,1,1,1,1,1,1,1,6,1,1,1,1,1,6,1,1,1,1,1,1,1,1,6,1,6,1,1,1,1,1,6,1,1,6,1,1,1,1,1,1,1,1,1,1,1,1,6,1,1,1,1,1,1,1,1,1,1,1,6,6,6,1,6,1,1,1,1,1,1,1,1,1,6,1,1,1,1,1,1,1,1,1,1,6,6,1,1,1,1,1,1,1,1,6,1,1,1,6,1,1,1,1,1,1,1,1,6,1,1,1,1,1,6,1,6,6,1,1,1,1,6,1,6,1,9,1,1,1,1,6,6,1,6,1,1,1,6,6,6,6,6,1,6,6,1,6,1,1,1,1,6,1,1,1,1,1,6,1,1,1,1,1,1,1,6,6,6,6,6,6,1,1,1,1,6,6,6,1,6,6,6,1,1,6,6,1,1,1,1,1,1,1,1,1,1,6,1,6,1,6,6,6,6,6,1,9,1,1,1,6,6,6,1,6,1,1,1,1,1,1,1,1,1,6,1,1,1,1,1,6,6,6,1,1,1,1,1,1,6,6,6,6,1,1,6,6,1,1,1,1,6,1,6,1,6,6,6,1,1,6,1,1,6,9,1,1,1,1,1,6,6,1,6,6,6,6,1,1,6,6,6,6,6,1,1,6,6,1,1,1,1,1,1,6,1,6,1,1,1,6,6,6,6,1,1,6,6,1,1,1,1,1,1,6,6,6,1,1,1,1,6,1,1,9,1,1,1,6,1,1,1,1,6,6,1,6,1,1,1,1,1,1,1,6,1,1,6,1,1,1,6,1,1,1,6,6,6,6,6,1,1,1,1,6,6,6,6,1,1,1,1,1,1,6,6,1,6,1,1,1,1,1,1,1,6,1,1,1,9,1,1,6,6,1,1,1,1,1,6,1,1,1,1,1,6,1,1,6,6,1,1,1,1,1,1,1,1,1,1,1,1,9,9,9,9,9,9,9,9,6,1,6,1,6,1,1,6,1,1,1,1,6,1,1,1,1,1,6,1,1,1,1,1,6,1,1,1,1,1,1,6,1,6,1,1,1,1,1,1,1,6,1,1,1,1,1,1,1,1,1,6,1,1,1,1,1,1,1,1,1,1,1,1,6,6,6,1,1,1,1,1,1,6,6,1,1,1,1,1,1,1,1,1,1,1,1,1,1,1,6,1,1,1,1,1,6,1,1,1,1,1,1,1,1,1,1,1,1,1,1,1,1,1,1,1,1,1,1,1,1,1,1,1,1,1,1,1,1,1,1,1,1,1,6,1,1,6,1,1,1,1,1,1,1,1,6,1,1,1,1,1,6,1,1,1,6,1,6,1,1,1,1,1,1,6,1,6,1,6,1,1,1,1,1,1,1,1,6,1,1,1,1,1,1,1,9,9,1,1,1,1,1,1,6,1,1,1,1,1,1,1,1,1,1,1,1,1,1,1,6,1,1,6,6,1,6,1,6,1,1,1,6,1,1,1,1,1,1,1,1,1,1,1,6,1,6,1,1,1,1,1,1,1,1,1,1,1,1,1,1,6,6,1,1,1,1,1,6,6,1,1,6,1,1,1,1,1,1,1,1,6,1,1,1,1,1,6,6,6,6,1,1,6,6,1,6,1,1,1,1,9,1,1,9,6,1,1,1,1,1,1,6,6,1,6,6,1,6,1,6,1,1,9,6,1,1,1,1,1,1,1,1,1,1,1,1,9,9,9,9,9,9,9,9,9,9,9,9,6,1,1,1,1,1,9,9,1,1,1,1,1,1,1,6,1,1,1,6,1,6,1,1,1,1,1,1,6,6,6,6,1,1,1,1,1,1,1,6,1,1,1,6,1,1,6,1,1,1,1,1,1,1,1,1,1,1,1,1,6,6,6,6,6,1,1,1,1,1,1,6,1,1,1,1,1,6,1,1,1,1,1,6,1,1,1,1,1,1,1,1,1,1,6,1,1,1,1,6,1,1,1,6,1,1,1,6,6,6,6,1,1,1,1,1,1,1,1,1,1,1,1,1,1,1,1,1,1,1,1,1,6,1,1,1,1,9,1,1,1,1,1,1,1,1,1,1,1,1,1,1,1,1,1,1,1,1,9,1,1,1,1,1,1,1,1,1,1,1,1,1,1,1,1,1,1,1,1,1,1,1,1,1,1,1,1,1,1,1,1,1,1,1,9,9,9,9,9,9,9,9,1,1,1,1,1,1,1,1,1,1,1,1,1,1,1,1,1
200,21324,GABBARD,100,6,6,6,1,6,1,6,6,6,6,6,1,1,1,1,1,1,1,1,6,1,6,1,1,6,6,1,1,1,6,6,6,1,6,1,1,1,1,1,1,1,1,1,9,1,1,1,1,1,6,6,1,6,6,6,1,6,6,1,1,6,6,9,9,1,1,6,6,6,6,6,6,6,6,6,6,6,1,1,6,6,6,6,6,1,1,6,6,6,6,6,6,6,6,6,6,6,6,1,6,1,6,6,1,1,1,1,1,1,1,1,1,6,6,9,1,1,1,6,6,1,1,1,1,6,1,6,6,6,6,6,6,6,6,1,6,6,6,1,1,1,1,1,1,1,1,6,1,1,1,6,1,1,1,1,1,6,1,1,6,6,6,1,1,1,1,1,1,1,1,1,1,1,1,6,6,1,6,6,1,6,1,1,1,6,1,6,6,1,6,6,1,1,1,1,6,6,6,6,6,6,6,6,1,6,1,6,1,1,6,6,6,6,1,6,6,6,6,1,1,1,1,6,6,1,1,9,6,6,1,1,1,1,6,1,1,1,1,6,6,1,1,6,1,6,6,1,1,1,1,6,6,1,1,6,1,1,6,6,6,1,6,6,6,1,1,6,1,1,6,6,1,6,6,6,1,1,1,1,1,6,1,1,1,1,1,6,6,6,6,6,1,6,6,6,6,6,6,1,1,6,6,1,1,6,1,6,9,9,9,9,9,9,9,9,9,9,9,9,9,9,1,1,6,6,1,1,1,1,6,6,1,6,6,1,6,1,6,6,1,6,1,6,1,1,6,6,1,1,1,6,6,6,6,6,6,1,1,1,1,6,1,1,1,1,6,6,6,6,6,6,6,6,6,1,1,6,1,1,1,6,6,1,1,1,1,1,1,1,6,6,6,6,1,1,1,6,1,1,1,6,1,1,6,1,6,6,1,6,6,6,1,6,6,6,6,6,6,1,1,1,1,1,1,6,6,6,6,1,1,1,1,1,6,6,6,1,1,1,1,6,6,1,6,6,6,6,6,1,6,6,6,6,6,6,6,6,1,1,1,1,1,6,1,1,6,6,6,6,1,6,1,6,1,1,1,6,6,1,6,6,1,6,1,6,6,6,6,1,1,6,1,6,1,1,6,6,1,1,1,1,1,1,1,1,1,6,6,6,6,6,6,1,6,1,6,6,6,1,1,1,1,6,6,1,1,6,1,9,9,6,6,1,1,1,6,6,6,1,1,1,6,1,1,6,6,1,6,1,6,6,1,1,6,1,6,1,1,6,6,1,1,1,1,1,1,1,1,1,1,6,6,1,1,1,1,1,1,6,1,6,6,1,1,1,1,6,6,1,1,6,6,1,1,6,1,6,1,6,6,6,6,1,1,6,1,1,1,6,6,1,1,6,6,6,6,1,1,6,1,6,6,1,1,6,6,1,1,6,6,6,6,1,1,1,6,1,6,6,6,1,6,6,6,1,1,6,1,1,6,1,6,1,1,1,1,1,6,6,1,1,6,1,6,6,1,1,1,6,1,1,1,1,1,6,6,6,6,6,1,6,1,6,6,1,1,6,6,1,1,6,1,6,1,1,6,6,6,1,1,6,1,6,6,1,1,6,1,9,1,1,1,9,9,9,9,9,9,9,9,9,1,1,6,1,1,1,6,6,1,1,6,1,1,6,6,6,6,1,6,6,1,1,6,6,6,6,6,1,1,6,1,1,6,6,1,1,1,1,6,6,6,6,6,6,6,6,1,1,1,6,1,6,6,6,6,1,1,6,6,1,1,1,6,6,1,6,1,1,6,6,6,6,6,1,6,6,1,9,9,1,6,6,9,1,6,9,9,6,1,6,6,1,1,6,1,6,1,6,6,6,1,1,6,6,1,1,6,1,6,6,1,1,1,1,1,1,1,1,6,6,6,1,6,6,6,1,1,1,6,6,1,1,1,1,1,6,6,1,6,1,1,6,6,1,6,1,9,6,6,1,1,6,1,1,6,6,6,6,6,6,6,1,6,1,6,1,1,1,1,9,9,9,9,9,9,6,6,1,6,6,6,6,6,6,6,1,1,1,6,1,6,9,9,9,9,9,9,9,1,1,1,6,6,6,1,1,1,1,6,1,1,1,1,1,6,6,1,1,1,6,6,1,1,1,1,6,6,1,6,1,1,6,1,1,6,1,6,6,6,6,1,1,6,1,1,1,6,6,1,1,1,6,6,6,1,1,9,6,6,6,1,6,1,1,6,6,1,6,6,6,6,6,1,1,1,1,6,6,1,6,1,1,6,6,6,1,1,1,1,6,6,6,6,6,1,1,1,1,1,1,1,6,6,6,6,1,6,6,6,1,6,6,1,6,1,1,6,6,1,1,1,1,7,1,6,6,6,1,1,1,6,6,6,6,6,6,6,1,6,6,6,6,6,1,6,6,6,6,6,1,6,1,1,6,6,6,6,1,1,1,1,6,6,6,6,1,6,6,6,1,1,6,6,1,1,1,1,6,6,1,1,1,6,1,1,1,1,6,6,1,1,7,1,6,6,6,6,6,9,9,9,1,1,6,1,9,1,9,6,1,1,9,9,1,1,1,6,6,1,1,1,9,9,9,9,9,9,9,9,9,9,6,1,1,1,1,1,1,1,1,1,1,1,1,1,1,1,1,6,1,1,1,6,6,6,6,1,6,1,1,1,1,1,1,1,1,1,1,1,1,6,1,1,1,1,1,1,1,1,1,1,1,6,6,1
201,21326,SCHNEIDER,100,6,6,6,1,6,1,6,6,6,1,6,1,1,1,1,1,1,1,1,6,1,6,1,1,6,6,1,6,6,1,6,6,1,6,1,1,1,1,1,1,1,1,1,6,1,1,1,1,1,6,6,1,6,6,6,6,6,6,1,1,6,6,1,6,1,1,6,6,6,6,6,6,6,6,6,6,6,1,1,6,6,6,6,6,1,1,6,6,6,6,6,6,6,6,6,6,6,6,1,6,1,6,6,1,1,1,1,1,1,1,1,1,6,6,6,1,1,1,6,6,1,1,1,1,6,1,6,6,6,6,1,6,6,6,1,6,6,6,1,1,1,1,1,1,1,1,6,1,1,1,6,1,1,1,1,1,6,1,1,6,6,6,1,1,1,1,6,6,1,1,1,1,1,1,6,6,1,6,6,1,6,1,1,1,6,1,6,6,1,6,6,1,1,1,1,6,6,6,6,6,6,6,6,1,6,1,6,1,1,6,6,6,1,1,1,6,1,6,1,1,1,1,6,1,1,1,1,6,6,1,1,1,1,1,1,1,1,1,6,6,1,1,6,1,6,1,1,1,1,1,6,6,1,1,6,1,1,6,6,6,1,6,6,6,1,1,6,1,1,6,6,1,6,6,6,1,1,1,1,1,6,1,1,1,1,1,6,6,6,6,6,1,6,6,6,6,6,6,1,1,6,6,1,1,6,1,1,1,1,6,6,6,6,1,6,1,1,6,1,1,1,1,1,6,6,1,1,1,1,6,6,1,6,6,1,6,1,6,6,1,6,1,6,1,1,6,6,1,1,1,6,6,6,6,6,6,6,1,1,1,1,1,1,6,6,6,6,6,6,6,6,6,6,6,1,1,1,1,1,1,6,6,1,1,1,1,1,1,1,6,6,6,6,1,1,1,6,1,1,1,6,1,1,6,6,1,6,1,6,6,6,1,6,6,6,6,1,6,6,6,1,1,1,1,6,6,6,6,1,1,1,1,1,6,6,1,1,1,1,1,6,6,1,6,6,6,6,6,1,6,6,6,6,6,6,6,6,1,1,1,1,6,6,1,1,6,6,6,6,1,6,1,6,1,1,1,6,6,1,6,6,1,6,1,6,6,6,6,1,1,6,1,6,1,1,6,6,1,1,1,1,6,6,1,1,1,6,6,6,6,6,6,1,6,1,6,6,6,1,1,6,1,6,6,1,1,6,1,1,1,6,6,1,1,1,6,6,6,1,1,1,6,1,1,6,6,1,6,1,6,6,6,6,6,6,6,1,1,6,6,1,1,1,1,1,1,1,1,1,1,6,6,1,1,1,1,1,1,6,1,6,6,1,1,1,1,6,6,1,1,6,6,1,1,6,1,6,1,6,1,6,6,1,1,1,1,1,1,6,6,1,1,6,1,6,6,1,1,6,1,6,1,1,1,6,1,1,1,1,1,6,6,1,1,1,6,1,1,6,6,1,6,6,6,1,1,6,1,1,1,1,6,1,1,1,1,1,6,6,1,1,6,1,6,6,1,1,1,1,1,1,1,1,1,6,1,6,1,1,1,1,1,1,6,1,1,6,6,1,1,6,1,1,1,1,6,6,6,1,1,6,1,6,6,1,1,1,1,1,1,1,1,6,6,6,1,6,6,6,1,1,6,1,1,1,9,9,9,9,9,1,1,1,1,6,6,6,6,1,1,6,1,1,6,6,1,6,6,1,1,1,1,1,6,1,1,1,1,1,6,6,6,1,6,6,1,1,1,1,1,1,1,1,6,1,1,1,1,6,6,1,1,1,1,1,1,6,1,1,6,6,1,6,1,1,1,1,1,1,1,1,1,6,6,1,6,1,6,6,1,6,1,1,1,1,1,1,1,1,6,1,1,1,6,6,1,1,1,1,6,6,1,1,1,1,1,1,1,1,6,6,1,1,6,6,1,1,1,1,6,1,1,1,1,1,1,6,6,1,6,1,1,6,6,1,6,1,1,6,6,1,1,6,1,1,6,6,6,6,6,1,6,1,6,6,1,1,1,1,1,6,6,6,1,1,1,6,6,1,1,6,6,6,6,6,6,9,9,9,9,9,9,9,1,1,1,6,1,1,1,6,1,1,6,1,6,6,1,1,6,1,6,6,1,1,6,1,1,1,1,6,6,1,1,1,1,6,6,1,6,1,1,6,1,1,6,1,6,6,6,6,1,1,6,1,1,1,6,1,1,1,1,1,1,1,1,1,1,6,6,1,1,1,6,1,6,6,1,6,6,6,6,6,1,1,1,1,6,6,1,6,1,1,6,6,1,1,1,6,6,6,6,6,6,6,1,1,6,1,1,1,1,6,6,6,6,1,6,6,1,1,6,1,1,6,1,1,6,6,1,1,1,1,7,1,6,6,6,1,1,1,6,6,6,6,6,6,6,1,6,6,6,6,6,1,6,6,6,6,6,1,6,1,1,6,1,6,6,1,1,1,1,6,1,6,1,1,1,6,6,1,1,6,6,1,1,1,1,6,6,1,1,1,6,1,1,1,1,6,6,1,1,6,1,1,6,6,6,1,1,6,1,1,1,6,1,6,1,1,6,1,1,1,1,1,1,1,6,6,1,1,1,1,1,1,1,1,1,1,1,1,1,6,1,1,1,1,1,1,1,1,1,1,1,1,1,1,1,1,1,1,1,1,6,6,6,6,1,6,1,1,1,1,1,1,1,1,1,1,1,1,1,1,1,1,1,1,1,1,1,6,1,1,6,6,1
202,21328,DAVIS,200,1,1,1,6,1,6,1,1,1,1,1,6,6,6,6,6,6,6,6,1,6,1,1,1,1,1,6,6,6,1,1,1,1,1,1,6,6,6,6,6,6,6,6,1,6,6,6,6,6,1,1,6,1,1,1,6,1,1,1,1,1,1,6,1,1,1,1,1,1,1,1,1,1,1,1,1,1,1,1,1,1,1,1,1,1,1,1,1,1,1,1,9,1,1,6,1,1,1,1,1,1,1,1,9,9,9,9,6,6,6,6,6,1,1,1,1,6,6,1,1,6,1,6,6,1,1,1,1,1,1,6,1,6,9,1,1,1,1,6,6,6,6,6,6,6,6,1,6,6,6,1,6,6,6,6,6,1,1,1,1,9,9,1,6,6,6,1,1,1,1,6,1,1,1,1,1,1,1,1,1,1,6,1,6,1,1,1,1,6,1,1,1,1,1,1,1,1,1,1,1,1,1,1,6,1,6,1,1,1,1,1,1,1,6,1,1,1,1,1,1,1,1,1,1,1,1,6,1,1,1,6,1,6,1,1,1,1,1,1,1,9,6,1,6,1,1,1,1,1,6,1,1,6,1,1,1,1,1,1,1,1,1,1,1,1,6,1,1,1,1,1,1,1,1,1,1,1,6,6,6,1,6,1,1,1,9,1,1,1,1,1,6,1,1,1,1,1,1,1,1,1,1,6,6,1,1,1,1,1,1,1,1,6,1,1,1,6,1,1,1,1,1,1,1,1,6,1,1,1,1,1,6,1,1,6,1,1,1,1,6,1,6,1,1,1,1,1,1,9,9,9,9,9,9,9,9,9,9,9,9,9,9,9,9,9,9,9,9,9,9,1,1,1,1,1,6,1,1,1,1,1,1,1,6,6,6,6,6,6,1,1,1,1,6,6,6,1,6,6,6,1,1,9,6,1,1,1,1,1,1,1,1,1,1,6,6,6,6,6,6,6,6,6,6,1,1,9,6,1,1,6,1,6,1,1,1,1,1,1,1,1,1,6,6,6,6,6,6,6,6,6,6,6,1,6,1,1,6,6,6,6,1,6,6,6,6,1,6,1,6,1,6,6,1,6,6,1,1,1,6,6,6,1,1,1,1,1,1,6,6,6,1,9,6,6,6,1,9,6,1,1,1,1,1,6,6,1,6,6,1,1,6,6,1,6,1,1,1,6,6,6,6,1,1,6,6,1,1,1,1,1,1,6,6,6,1,1,1,1,6,1,1,1,1,1,1,6,1,1,1,1,6,6,6,6,1,1,1,1,1,1,1,6,1,1,6,1,1,1,6,1,1,1,6,6,6,6,6,1,1,1,1,6,6,6,6,1,1,1,1,1,1,6,6,1,6,1,1,1,1,1,1,1,6,1,1,1,6,1,1,6,6,1,1,1,1,1,6,1,1,1,1,1,6,1,1,6,6,1,1,1,1,1,1,1,1,1,1,1,1,6,1,1,1,6,6,1,1,6,1,9,1,6,1,1,6,1,1,1,1,6,1,1,1,1,1,6,1,1,1,1,1,6,1,1,1,1,1,1,6,1,6,1,1,1,1,1,1,1,6,1,1,1,1,1,1,1,1,1,6,1,1,1,1,1,1,1,1,1,1,1,1,6,6,6,1,1,1,6,1,6,1,6,1,1,1,1,1,1,1,1,1,1,1,1,1,1,1,6,1,1,1,1,1,6,1,1,1,1,1,1,1,1,1,1,1,1,1,1,1,1,1,1,1,1,1,1,1,1,6,1,1,1,1,1,1,1,1,1,1,1,1,6,1,1,6,1,1,1,1,1,1,1,1,6,1,1,1,1,1,6,1,1,1,6,1,6,1,1,1,1,1,1,6,1,6,1,6,1,1,1,1,1,1,1,1,6,1,1,1,1,1,1,1,1,1,1,1,1,1,1,1,6,1,1,1,1,1,1,1,1,1,1,1,1,1,1,1,6,1,1,6,6,6,6,1,6,1,6,1,6,1,1,1,9,1,1,1,1,1,1,1,6,1,6,1,1,1,1,1,1,1,1,1,1,1,1,1,1,6,6,6,1,6,1,1,6,6,1,1,6,1,1,1,1,1,1,1,1,6,1,1,1,1,1,6,6,1,6,1,1,6,6,1,6,1,1,1,1,1,9,1,1,6,1,1,1,1,1,1,6,6,1,6,6,1,6,6,6,1,1,6,6,1,1,1,1,1,1,1,1,1,1,1,1,1,1,1,1,1,1,6,1,6,1,1,1,6,1,1,1,1,1,6,1,1,1,1,1,1,1,1,6,1,1,1,6,1,6,1,1,1,1,6,6,6,6,6,6,1,1,1,1,1,1,1,6,1,1,1,6,1,1,6,1,1,1,1,1,1,1,1,1,1,1,1,1,6,6,6,6,6,1,1,1,1,1,1,6,1,1,1,6,1,6,1,1,1,6,1,6,1,1,1,1,1,1,1,1,1,1,6,1,1,9,9,6,1,1,1,6,1,1,1,6,6,6,6,1,9,1,1,1,1,1,1,1,1,1,1,1,1,1,1,1,1,1,1,1,6,1,1,1,1,1,1,1,1,1,1,1,1,1,1,1,1,1,1,1,1,1,1,1,1,1,1,1,1,1,1,1,1,1,1,1,1,1,1,1,1,1,1,1,1,1,1,1,1,1,1,1,1,1,9,1,1,1,1,1,1,1,1,1,1,1,1,1,1,1,1,1,1,1,1,1,1,1,1,1,1,1,1,1,1,1,1
203,21329,BUSTOS,100,6,6,6,1,6,1,6,6,6,6,6,1,1,1,1,1,1,1,1,6,1,6,1,1,6,6,1,1,1,1,6,6,1,6,1,1,1,1,1,1,1,1,1,6,1,1,1,1,1,6,6,1,6,6,6,6,6,6,9,9,6,6,1,6,1,9,6,6,6,6,6,6,6,6,6,6,6,1,1,6,6,6,6,6,1,1,6,6,6,6,6,6,6,6,6,6,6,6,1,6,1,6,6,1,1,1,1,1,1,1,1,1,6,6,6,1,1,1,6,6,1,1,1,1,6,1,6,6,6,6,1,6,1,1,1,1,6,6,1,1,1,1,1,1,1,1,6,1,1,1,6,1,1,1,1,1,6,1,1,6,6,6,1,1,1,1,6,6,1,1,1,1,1,1,6,6,1,6,6,1,6,1,1,1,6,1,6,6,9,6,6,1,1,1,1,6,6,6,6,6,6,6,6,1,6,1,6,1,1,6,6,6,6,1,1,6,6,6,1,1,1,1,6,6,1,1,1,6,6,1,1,1,1,6,1,1,1,1,6,6,1,1,6,1,6,6,1,1,1,1,6,6,1,1,6,1,1,6,6,6,1,6,6,1,1,1,6,1,1,6,6,1,6,6,6,1,1,1,1,1,1,1,1,1,1,1,6,6,6,6,6,1,1,6,6,6,6,6,1,1,6,6,1,1,6,1,1,1,1,6,6,6,1,1,6,6,1,6,1,1,1,1,1,6,6,1,1,1,1,6,6,1,6,6,1,6,1,6,6,1,6,1,6,1,1,6,6,1,1,1,6,6,6,6,6,6,1,1,1,1,6,1,1,6,1,6,6,6,6,1,6,6,6,6,1,1,1,1,1,1,6,6,1,1,1,1,1,1,1,6,6,6,6,1,1,1,6,1,1,1,6,1,1,1,6,1,6,1,6,6,6,1,6,6,6,6,1,6,1,1,1,1,1,1,6,6,6,6,1,1,1,1,1,6,6,1,1,1,1,1,6,6,1,6,6,6,6,6,1,6,6,6,6,6,6,6,6,1,6,1,1,6,6,1,1,6,6,6,6,1,6,1,6,1,1,1,6,6,1,6,6,1,6,1,6,6,6,6,1,1,6,1,6,1,1,6,6,1,1,1,1,1,6,1,1,1,6,6,6,6,6,6,1,6,1,6,6,6,1,1,1,1,6,6,1,1,6,1,6,1,6,6,1,1,1,6,6,6,1,1,1,1,1,1,6,6,1,6,1,6,6,6,6,6,6,6,1,1,6,6,1,1,1,1,1,1,1,1,1,1,6,6,1,1,1,1,1,1,6,1,6,6,6,1,1,1,6,6,1,1,6,6,1,1,6,1,6,1,6,6,6,6,1,1,6,1,1,1,6,6,1,9,6,1,6,6,1,1,1,1,6,1,1,1,6,6,1,1,6,1,6,6,1,1,1,6,1,1,6,6,1,6,6,6,1,1,6,1,1,6,1,6,1,1,1,1,1,6,6,1,1,6,1,6,6,1,1,1,1,1,1,1,1,1,6,6,6,6,6,1,1,1,6,6,1,1,6,6,1,1,6,1,6,1,1,6,6,6,1,1,6,1,6,6,1,1,1,1,1,1,1,1,6,6,6,6,6,6,6,1,1,6,1,1,1,1,1,6,6,1,1,6,1,1,6,6,6,6,1,6,6,1,1,6,6,6,6,6,6,1,1,1,1,6,6,1,1,1,1,6,6,6,1,6,6,6,1,1,1,1,1,1,1,6,6,1,1,1,6,6,1,1,1,1,6,1,6,1,1,6,6,6,6,6,1,6,1,1,1,1,1,1,6,6,1,6,1,6,6,1,6,6,1,1,6,1,6,1,1,6,6,1,1,6,6,1,1,6,1,6,6,1,1,1,1,1,1,1,1,6,6,1,1,6,6,9,1,1,1,6,6,1,1,1,1,1,6,6,1,6,1,1,6,6,1,6,1,1,6,6,1,1,6,1,1,6,6,6,6,6,6,6,1,6,6,1,1,9,9,9,6,6,6,1,1,1,6,6,1,6,6,6,6,6,6,6,6,6,1,1,1,6,1,1,1,1,6,6,1,1,6,6,6,6,6,6,6,1,1,6,1,1,1,1,1,6,1,1,1,1,6,6,1,1,1,1,6,6,1,6,1,1,6,1,1,6,1,6,6,6,6,1,1,6,1,1,1,6,6,1,1,1,6,6,1,1,1,1,6,6,6,1,6,6,1,6,6,1,6,6,6,6,6,1,1,1,1,6,6,1,1,1,1,6,6,6,1,1,6,6,6,6,6,6,6,1,6,6,1,1,1,1,6,6,6,6,1,6,6,6,1,6,1,1,6,1,1,6,6,1,1,1,1,7,1,6,6,6,1,1,1,6,6,6,6,6,6,6,1,6,6,6,6,6,1,6,6,6,6,6,1,6,1,1,6,6,6,6,1,1,1,1,1,1,6,1,1,1,6,6,1,1,6,6,1,1,1,1,6,1,1,1,1,6,1,1,1,1,6,6,1,1,1,1,1,6,6,6,6,1,6,1,1,1,6,1,6,1,1,6,1,1,1,1,1,1,1,6,6,1,1,1,1,1,1,1,1,1,1,1,1,1,6,1,1,1,1,1,1,1,1,1,1,1,1,1,1,1,1,1,1,1,1,6,6,6,6,1,6,1,1,1,1,1,1,1,1,1,1,1,1,6,1,1,1,1,1,1,1,1,6,1,1,6,6,1
204,21330,WALORSKI,200,1,1,1,6,1,6,1,1,1,1,1,6,6,6,6,6,6,6,6,1,6,1,1,1,1,1,1,6,6,1,1,1,1,1,1,6,6,6,6,6,6,6,6,1,6,6,6,6,6,1,1,6,1,1,1,6,1,1,1,1,1,1,6,1,1,1,1,1,1,1,1,1,1,1,1,1,1,1,1,1,1,1,1,1,1,1,1,1,1,1,1,1,1,1,1,1,1,1,1,1,1,1,1,1,6,6,6,6,6,6,6,6,1,1,1,1,6,6,1,1,6,1,6,6,1,1,1,1,1,1,6,1,6,6,1,1,1,1,6,6,6,6,6,6,6,6,1,6,6,6,1,6,6,6,6,6,1,1,1,1,9,9,1,6,6,6,1,1,1,1,1,1,1,1,1,1,1,1,1,1,1,6,1,6,1,1,1,1,1,1,1,1,1,1,1,1,1,1,1,1,1,1,1,6,1,6,1,1,1,1,1,1,1,6,1,1,1,1,1,1,1,1,1,1,1,1,9,9,9,9,1,1,1,1,1,1,1,1,1,1,1,6,1,6,1,1,1,1,1,6,1,1,1,1,1,1,1,1,1,1,1,1,1,1,1,6,1,1,1,1,1,1,1,1,1,1,1,6,6,6,1,6,1,1,1,1,1,1,1,1,1,6,1,1,1,1,1,1,1,1,1,1,1,6,1,1,1,1,1,1,1,1,6,1,1,1,6,1,1,1,1,1,1,1,1,1,1,1,1,1,1,1,1,6,6,1,1,1,1,6,1,6,1,1,1,1,1,1,6,6,1,6,1,1,1,6,6,6,6,6,1,6,6,6,6,1,1,1,1,6,1,1,1,1,1,6,1,1,1,1,1,1,1,6,6,6,6,6,6,1,1,1,1,6,6,6,1,6,6,6,1,1,6,6,1,1,1,1,1,1,1,1,1,1,6,6,6,1,6,6,6,6,6,1,1,1,1,1,6,6,6,6,6,1,1,1,1,1,1,1,1,1,1,1,6,1,1,1,6,6,1,1,1,1,1,1,1,6,6,6,6,1,1,6,6,1,1,6,1,6,1,6,1,6,6,6,1,1,6,1,1,6,1,1,1,1,1,1,6,6,1,6,6,6,6,1,1,1,6,6,6,6,1,6,6,6,1,6,1,1,1,1,6,1,6,1,1,1,6,6,6,6,1,1,6,6,1,1,1,1,1,1,1,6,6,1,9,9,9,6,1,1,1,1,1,1,6,1,1,1,1,6,6,1,6,1,1,1,1,1,1,1,6,1,6,6,1,1,1,1,1,1,1,6,6,6,6,6,1,1,1,1,1,6,6,6,1,1,1,1,1,1,6,6,1,6,1,1,1,1,1,1,1,6,1,1,1,1,1,1,1,6,1,1,1,1,1,6,1,1,1,1,1,1,1,1,1,6,1,1,1,1,1,1,1,1,1,1,1,1,6,1,1,1,6,6,1,1,6,1,1,1,6,1,1,1,1,1,1,1,6,1,1,1,1,1,1,1,1,1,1,1,6,1,1,1,1,1,1,6,1,6,1,1,1,1,1,1,1,6,1,1,1,1,1,1,1,1,1,6,1,1,1,1,1,1,1,1,1,1,1,1,6,6,6,1,1,1,1,1,1,6,6,1,1,1,1,1,1,1,1,1,1,1,1,1,1,1,6,1,1,1,1,1,6,1,1,1,1,1,1,1,1,1,1,1,1,1,1,1,1,1,1,1,1,1,1,1,1,1,1,1,1,1,1,1,1,1,1,1,1,1,6,1,1,6,1,1,1,1,1,1,1,1,6,1,1,1,1,1,6,1,1,1,6,1,6,1,1,1,1,1,1,6,1,6,1,6,1,1,1,1,1,1,1,1,6,1,1,1,1,1,1,1,1,1,1,1,1,1,1,1,6,1,1,1,1,1,1,1,1,1,1,1,1,1,1,1,6,1,1,6,6,1,6,1,6,1,1,1,6,1,1,1,1,1,1,1,1,1,1,1,6,1,6,1,1,1,1,1,1,1,1,1,1,1,1,1,1,1,6,6,1,6,1,1,6,6,1,1,6,1,1,1,1,1,1,1,1,6,1,1,1,1,1,6,6,6,6,1,1,6,6,1,6,1,1,1,1,1,1,1,1,6,1,1,1,1,1,6,6,6,1,6,6,1,6,1,6,1,6,6,6,1,1,1,1,1,1,1,1,1,1,1,1,1,1,1,1,1,1,6,1,6,1,1,1,6,1,1,1,1,1,6,1,1,1,1,1,1,1,1,6,1,1,1,6,1,1,6,1,1,1,6,6,1,6,1,6,1,1,1,1,1,1,1,6,1,1,1,6,1,1,6,1,1,1,1,1,1,1,1,1,1,1,1,1,1,6,6,6,6,1,1,1,1,1,1,6,1,1,1,1,1,6,1,1,1,1,1,6,1,1,1,1,1,1,1,1,1,1,6,1,1,1,1,6,1,1,1,6,1,1,1,6,6,6,6,1,1,1,1,1,1,1,1,1,1,1,1,1,1,1,1,1,1,1,1,1,6,1,1,1,1,1,1,1,1,1,1,1,1,1,1,1,1,1,1,1,1,1,1,1,1,1,1,1,1,1,1,1,1,1,1,1,1,1,1,1,1,1,1,1,1,1,1,1,1,1,1,1,1,1,1,1,1,1,1,1,1,1,1,1,1,1,1,1,1,1,1,1,1,1,1,1,1,1,1,1,1,1,1,1,1,1,1
205,21331,BROOKS,200,1,1,1,6,1,6,1,1,1,1,1,6,6,6,6,6,6,6,6,1,6,1,1,1,1,1,1,6,6,1,1,1,1,1,1,6,6,6,6,6,6,6,6,1,6,6,6,6,6,1,1,6,1,1,1,6,1,1,1,1,1,1,6,1,1,1,1,1,1,1,1,1,1,1,1,1,1,1,1,1,1,1,1,1,1,1,1,1,1,1,1,1,1,1,1,1,1,1,1,1,1,1,1,1,6,6,6,6,6,6,6,6,1,1,1,1,6,6,1,1,6,1,6,6,1,1,1,1,1,1,6,1,6,6,1,1,1,1,6,6,6,6,6,6,6,6,1,6,6,6,1,6,6,6,6,6,1,1,1,1,1,1,1,6,6,6,1,1,1,1,1,1,1,1,1,1,1,1,1,1,1,6,1,6,1,1,1,1,1,1,1,1,1,1,1,1,1,1,1,1,1,1,1,6,1,6,1,1,1,1,1,1,1,6,1,1,1,1,1,1,1,1,1,1,1,1,1,1,1,1,1,1,1,1,1,1,1,1,1,1,1,6,1,1,1,1,1,1,1,1,1,1,1,1,1,1,1,1,1,1,1,1,1,1,1,6,1,1,1,1,1,1,9,1,1,1,1,6,6,6,1,6,1,1,1,1,1,1,1,1,1,6,1,1,1,1,1,1,1,1,1,1,1,6,1,1,1,1,1,1,1,1,6,1,1,1,6,1,1,1,1,1,1,1,1,1,1,1,1,1,1,1,1,6,6,1,1,1,1,6,1,6,1,1,1,1,1,1,6,6,1,6,1,1,6,6,6,6,6,6,1,6,6,6,6,1,1,1,1,6,1,1,1,1,1,6,1,1,1,1,1,1,1,6,6,6,6,6,6,1,1,1,1,6,6,6,1,6,6,6,1,1,6,6,1,1,1,1,1,1,1,1,1,1,6,6,6,1,6,6,6,6,6,1,1,1,1,1,6,6,6,6,6,1,1,1,1,1,1,1,1,1,1,9,6,1,1,6,6,6,6,1,6,1,6,1,1,6,6,6,6,1,1,6,6,1,1,6,6,6,1,6,6,6,6,9,1,1,1,1,6,6,1,1,1,1,1,1,6,1,6,1,6,6,6,1,1,6,6,6,1,1,1,1,1,6,1,6,1,6,1,1,6,1,6,1,1,1,6,6,6,6,1,1,6,6,1,1,1,1,1,1,1,6,6,1,9,9,9,6,1,1,1,1,1,1,6,1,1,1,1,6,6,6,6,1,1,1,1,1,1,1,6,1,1,6,1,1,1,1,1,1,1,6,6,6,6,6,1,1,1,1,1,6,6,6,1,1,1,1,1,1,6,6,1,6,1,1,1,1,1,1,1,6,1,1,1,1,1,1,1,6,1,1,1,1,1,6,1,1,1,1,1,1,1,1,1,6,1,1,1,1,1,1,1,1,1,1,1,1,6,1,1,1,6,6,1,1,6,1,1,1,6,1,1,1,1,1,1,1,6,1,1,1,1,1,1,1,1,1,1,1,6,1,1,1,1,1,1,6,1,6,1,1,1,1,1,1,1,6,1,1,1,1,1,1,1,1,1,6,1,1,1,1,1,1,1,1,1,1,1,1,6,6,6,1,1,9,9,1,1,6,6,1,1,1,1,1,1,1,1,1,1,1,1,1,1,1,6,1,1,1,1,1,6,1,1,1,1,1,1,1,1,1,1,1,1,1,1,1,1,1,1,1,1,1,1,1,1,1,1,1,1,1,1,1,1,1,1,1,1,1,6,1,1,6,1,1,1,1,1,1,1,1,6,1,1,1,1,1,6,1,1,1,6,1,6,1,1,1,1,1,1,6,1,6,1,6,1,1,1,1,1,1,1,1,6,1,1,1,1,1,1,1,1,1,1,1,1,1,1,1,6,1,1,1,1,1,1,1,1,1,1,1,1,1,1,1,6,1,1,6,6,1,6,1,6,1,6,1,6,1,1,9,9,1,1,1,1,1,1,1,6,1,6,1,1,9,9,1,1,1,1,9,1,1,1,1,1,1,6,6,1,6,1,1,6,6,1,1,6,1,1,1,1,1,1,1,1,6,1,1,1,1,1,6,6,6,6,1,1,6,6,1,6,1,1,1,1,1,1,1,1,6,1,1,1,1,1,1,6,6,6,6,6,6,6,1,6,1,6,6,6,1,1,1,1,1,1,1,1,1,1,1,1,1,1,1,1,1,1,6,1,6,1,1,1,6,1,1,1,1,1,6,1,1,1,1,1,1,1,1,6,1,1,1,6,1,1,6,1,1,1,6,6,6,6,6,6,1,1,1,1,1,1,1,6,1,1,1,6,1,1,6,1,1,1,1,1,1,1,1,1,1,1,1,1,6,6,6,6,6,1,1,1,1,1,1,6,1,1,1,1,1,6,1,1,1,1,1,6,1,1,1,1,1,1,1,1,1,1,6,1,1,1,1,6,1,1,1,6,1,1,1,6,6,6,6,1,1,1,1,1,1,1,1,1,1,1,1,1,1,1,1,1,1,1,1,1,6,1,1,1,1,9,1,1,1,1,1,1,1,1,1,1,1,1,1,1,1,1,1,1,1,1,9,1,1,1,1,1,1,1,1,1,1,1,1,1,1,1,1,1,1,1,1,1,1,1,1,1,1,1,1,1,1,1,1,1,1,1,1,1,1,1,1,1,1,1,1,1,1,1,1,1,1,1,1,1,1,1,1,1,1,1,1
206,21332,MESSER,200,1,1,1,6,1,6,1,1,1,1,1,9,6,6,6,6,6,6,6,1,6,1,1,9,1,1,1,6,6,1,1,1,1,1,1,6,6,6,6,6,6,6,6,1,6,6,6,6,6,1,1,6,1,1,1,6,1,1,1,9,1,1,6,1,1,9,1,1,1,1,1,9,1,1,1,1,1,1,9,1,1,1,1,1,1,9,1,1,1,1,1,1,1,1,1,1,1,1,1,9,9,1,1,6,6,6,6,6,6,6,6,6,1,1,1,1,6,6,1,1,6,1,6,6,1,1,1,1,1,1,6,1,6,6,1,6,1,1,6,6,6,6,6,6,6,6,1,6,6,6,1,6,6,6,6,6,1,1,1,1,1,1,1,6,6,6,1,1,1,1,1,1,1,1,1,1,1,1,1,1,1,6,1,6,1,1,1,1,1,1,1,1,1,1,1,1,1,1,1,1,1,1,1,6,1,6,1,1,1,1,1,1,1,6,1,1,1,1,1,1,1,1,1,1,1,1,9,1,1,1,1,1,1,1,1,1,1,1,1,1,1,6,1,1,1,1,1,6,1,9,1,1,1,1,1,1,1,1,1,1,1,1,1,1,1,6,6,1,1,1,1,1,1,1,1,1,1,6,6,6,1,6,1,1,1,1,1,1,1,1,1,6,1,1,1,1,1,1,1,1,1,1,1,6,1,1,1,1,1,1,1,1,6,1,9,9,6,1,6,1,1,1,1,1,1,1,1,1,1,1,1,1,1,6,6,1,1,1,1,6,1,6,1,1,1,1,1,1,6,6,1,6,1,1,6,6,6,6,6,6,1,6,6,1,6,1,1,1,1,1,1,1,1,1,1,6,1,1,1,1,1,1,1,6,6,6,6,6,6,1,1,1,1,6,6,6,1,6,6,6,1,1,6,6,1,1,1,1,1,1,1,1,1,1,1,1,6,1,6,6,6,6,6,6,1,1,1,1,6,6,6,6,6,1,1,1,1,9,9,1,1,1,1,1,6,1,1,1,6,1,1,1,1,1,6,1,1,6,6,6,6,1,1,6,6,1,1,1,1,6,1,6,1,6,6,6,1,1,6,1,1,6,1,9,1,1,1,1,6,6,1,1,1,6,6,1,1,1,6,6,1,1,1,6,6,6,1,1,1,1,1,1,6,1,6,1,1,1,6,6,6,6,1,1,1,6,6,1,1,1,9,1,1,6,6,1,9,9,9,6,1,1,1,1,1,1,6,1,1,1,1,6,6,1,6,1,1,1,1,1,1,1,6,1,6,6,1,1,1,1,1,1,1,6,6,6,6,6,1,1,1,1,1,6,6,6,1,1,1,1,1,1,6,6,1,6,1,1,1,1,1,1,1,6,1,9,9,9,1,1,1,6,1,1,1,1,9,6,1,1,1,1,1,1,1,1,1,6,1,1,1,1,1,1,1,1,9,9,1,1,6,1,1,1,6,6,1,1,6,1,1,1,6,1,1,6,1,1,1,1,6,1,1,1,1,1,1,1,1,1,9,9,6,1,1,1,1,1,1,6,1,6,1,1,1,1,1,1,1,6,1,1,9,9,9,1,1,1,1,6,1,1,1,1,1,1,1,6,1,1,1,1,9,9,9,1,1,1,1,1,1,6,6,1,1,1,1,1,1,1,1,1,1,1,1,1,1,1,6,1,1,1,1,1,6,1,1,1,1,1,1,1,1,1,1,1,1,1,9,1,1,1,1,1,1,1,1,1,1,6,1,1,1,1,1,1,9,9,1,1,1,1,6,1,1,6,1,1,1,1,1,1,1,1,6,1,1,1,1,1,6,1,1,1,6,1,9,9,1,1,1,1,1,6,1,6,1,6,1,1,1,9,9,1,1,1,6,1,6,1,1,1,1,1,1,1,1,1,1,1,1,1,6,1,1,1,1,1,1,1,1,1,1,1,9,9,1,1,6,1,1,6,6,1,6,1,6,1,1,1,6,1,1,9,9,9,9,9,9,9,9,9,9,9,6,1,1,9,9,9,1,1,1,1,1,1,1,1,1,1,1,1,1,6,1,1,6,6,1,1,9,1,1,1,9,9,1,1,1,6,1,1,1,1,1,6,6,6,6,1,1,6,6,1,6,1,1,1,1,1,1,1,1,6,1,1,1,1,1,1,6,6,1,6,6,1,6,1,1,1,1,6,6,1,1,1,9,1,1,1,1,1,1,1,1,1,1,9,1,1,1,6,1,6,1,1,1,6,1,1,1,1,1,6,1,1,1,1,1,1,1,1,9,9,9,9,6,1,1,1,1,1,1,6,6,6,6,6,6,1,1,1,9,9,1,1,6,1,1,1,6,1,1,6,1,1,1,1,1,1,1,1,1,1,1,1,1,1,6,6,6,1,1,1,1,1,1,1,6,1,1,1,1,1,6,1,1,1,1,1,6,1,1,1,9,9,9,9,1,6,1,6,1,1,1,1,6,1,9,9,6,1,1,1,6,6,6,6,1,1,1,1,1,1,1,1,1,1,1,1,1,1,1,1,1,1,1,1,1,6,1,1,1,1,9,9,1,9,9,9,9,9,1,1,1,1,1,1,1,1,1,1,9,9,9,9,9,9,9,9,9,9,1,1,9,9,9,9,9,9,9,9,9,9,9,9,9,9,9,9,9,9,9,9,9,9,9,9,1,1,9,1,1,1,1,1,1,1,1,1,1,1,1,1,1,1,1,1,1,1,1,1,1,1,1,9
207,21333,BARR,200,1,1,1,6,1,6,1,1,1,1,1,6,6,6,6,6,6,6,6,1,6,1,1,1,1,1,1,6,6,1,1,1,1,1,1,6,6,6,6,6,6,6,6,1,6,6,6,6,6,1,1,6,1,1,1,6,1,1,1,1,1,1,6,1,1,1,1,1,1,1,1,1,1,1,1,1,1,1,1,1,1,1,1,1,1,1,1,1,1,1,1,1,1,1,1,1,1,1,1,1,1,1,1,6,6,6,6,6,6,6,6,6,1,1,1,1,6,6,1,1,6,1,6,6,1,1,1,1,1,1,6,1,6,6,1,1,1,1,6,6,6,6,6,6,6,6,1,6,6,6,1,6,6,6,6,6,1,1,1,1,1,1,1,6,6,6,1,1,1,1,1,9,9,9,1,1,1,1,1,1,1,6,1,6,1,1,1,1,1,1,1,1,6,1,1,1,1,1,1,1,1,1,1,6,1,6,1,1,1,1,1,1,1,6,1,1,1,1,1,1,1,1,1,1,1,1,6,1,1,1,1,1,6,1,1,1,1,1,1,1,1,6,1,1,1,1,1,1,1,1,1,1,1,1,1,1,1,1,1,1,1,1,1,1,1,6,1,1,1,1,1,1,1,1,1,1,1,6,6,6,1,6,1,1,1,1,1,1,1,1,1,6,1,1,1,1,1,1,1,1,1,1,1,6,1,1,1,1,1,1,1,1,6,1,1,1,6,1,6,1,1,1,1,1,1,6,1,1,1,1,1,1,1,1,6,1,1,1,1,6,1,6,1,1,1,9,9,9,9,9,9,6,1,1,1,6,6,6,6,6,1,6,6,1,6,1,1,1,1,6,1,1,1,1,1,6,1,1,1,1,1,1,1,6,6,6,6,6,6,1,1,1,1,6,6,6,1,6,6,6,1,1,6,6,1,1,1,1,1,1,1,1,1,1,1,1,6,1,6,6,6,6,6,6,1,1,6,1,6,6,6,6,6,1,1,1,1,1,1,1,1,1,1,1,6,6,1,1,6,1,1,1,1,1,1,1,1,6,6,6,6,1,1,6,6,1,1,6,1,6,1,6,1,6,6,6,1,1,6,1,1,6,1,1,1,1,1,1,6,6,1,6,1,6,6,1,1,6,6,6,6,6,1,6,1,6,1,1,1,1,1,6,6,1,6,1,1,1,6,6,6,6,1,1,6,6,1,1,1,1,1,1,6,6,6,1,1,1,1,6,1,1,1,1,1,1,6,1,1,1,1,6,6,1,6,1,1,1,1,1,1,1,6,1,6,6,1,1,1,6,1,1,1,6,6,6,6,6,1,1,1,1,1,6,6,6,1,1,1,9,1,1,6,6,1,6,1,1,9,9,9,9,1,6,1,1,1,1,1,1,1,6,1,1,1,1,1,6,1,1,1,1,1,1,1,1,6,6,1,1,1,1,1,1,1,1,1,1,1,1,6,1,1,1,6,6,1,1,6,1,1,1,6,1,1,6,1,1,1,1,6,1,1,1,1,1,1,1,1,1,1,1,6,1,1,1,1,1,1,6,1,6,1,1,1,1,1,1,1,6,1,1,1,1,1,1,1,1,1,6,1,1,1,1,1,1,1,1,1,1,1,1,6,6,6,1,1,9,1,1,1,6,6,1,1,1,1,1,1,1,1,1,1,1,1,1,1,1,6,1,1,1,1,1,6,1,1,1,1,1,1,1,1,1,1,1,1,1,1,1,1,1,1,1,1,1,1,1,1,1,1,1,1,1,1,1,1,1,9,1,1,1,6,1,1,6,1,1,1,1,1,1,1,1,6,1,1,1,1,1,6,1,9,9,9,9,6,1,1,1,1,1,1,6,1,6,1,6,1,1,1,1,1,1,1,1,6,1,1,1,1,1,1,1,1,1,1,1,6,1,1,1,6,1,1,1,1,1,1,1,1,1,1,1,1,1,1,1,6,1,1,6,6,1,6,1,6,1,6,1,6,1,1,1,1,1,1,1,1,1,1,1,6,1,6,1,1,1,1,1,1,1,1,1,1,1,1,1,1,1,6,1,1,6,1,1,6,6,1,1,6,1,6,1,1,1,1,1,1,6,1,1,1,1,1,6,6,6,6,1,1,6,6,1,6,1,1,1,1,1,1,1,1,6,1,1,1,1,6,1,6,6,1,6,6,6,6,6,1,1,1,6,6,1,1,1,1,1,1,1,1,1,1,1,1,1,1,1,1,1,1,6,1,6,1,1,1,6,1,1,1,1,1,6,1,1,1,1,1,1,1,1,6,1,1,1,6,1,6,6,1,1,1,6,6,6,6,6,6,1,1,1,1,1,1,1,6,1,1,1,6,1,1,6,1,1,1,1,1,1,1,1,1,1,1,1,1,1,6,6,6,1,1,1,1,1,1,1,6,1,1,1,1,1,6,1,1,1,1,1,6,1,1,1,1,1,1,1,1,1,1,6,1,1,1,1,6,1,1,1,6,1,1,1,6,6,6,6,1,1,1,1,1,1,1,1,1,1,1,1,1,1,1,1,1,1,1,1,1,6,1,1,1,1,1,1,1,1,1,1,1,1,1,1,1,1,1,1,1,6,1,1,1,1,1,1,1,1,1,1,1,1,1,1,1,1,1,1,1,1,1,1,1,1,1,1,1,1,1,1,1,1,1,9,1,1,1,1,1,1,1,9,1,1,1,1,1,1,1,1,1,1,1,1,1,1,1,1,1,1,1,1,1,1,1,6
208,21334,DELANEY,100,6,6,6,1,6,1,6,6,6,1,6,1,1,1,1,1,1,1,1,6,1,6,1,1,6,6,6,1,1,1,6,6,1,6,1,1,1,1,1,1,1,1,1,6,1,1,1,1,1,6,6,1,6,6,6,6,6,1,1,1,6,6,1,6,1,1,6,6,6,6,6,6,6,6,6,6,6,1,1,6,6,6,6,6,9,9,6,6,6,6,6,6,6,6,6,6,6,6,1,6,1,6,6,1,1,1,1,1,1,1,1,1,6,6,6,1,1,1,6,9,1,1,1,1,6,1,6,6,6,6,1,1,1,1,1,1,6,6,1,1,1,1,1,1,1,1,6,1,1,1,6,1,1,1,1,1,6,1,1,6,6,6,6,1,1,1,6,6,1,1,9,1,1,1,6,6,1,6,6,1,6,1,1,1,6,1,6,6,6,6,6,1,6,1,1,6,6,6,6,6,6,6,6,1,6,1,6,1,1,6,6,6,1,1,1,6,6,6,1,1,1,1,6,6,1,1,6,6,6,1,1,1,1,6,1,1,1,1,6,6,1,1,6,6,6,6,1,1,1,9,6,6,6,1,6,1,1,6,6,6,1,6,6,6,1,1,1,1,1,6,6,1,6,6,6,1,1,1,1,1,6,1,1,1,1,1,9,9,6,6,6,1,1,6,6,6,6,6,1,1,6,6,6,1,6,1,1,1,1,6,6,6,1,1,6,6,1,6,1,6,1,1,1,6,6,6,1,1,1,6,6,9,6,6,1,6,1,6,6,1,6,1,6,1,1,6,6,1,1,1,6,1,6,6,6,6,1,1,1,1,1,1,1,1,1,6,6,6,6,6,6,6,6,6,1,1,1,1,1,1,6,6,1,1,1,1,1,1,1,6,6,6,6,1,1,1,6,1,1,1,6,1,1,1,6,6,6,1,6,6,6,1,6,6,6,6,1,6,1,1,1,1,1,1,6,6,6,6,1,1,1,1,1,6,6,1,1,1,1,1,6,6,6,6,6,6,6,6,1,6,6,6,6,6,6,6,6,1,1,1,1,6,6,1,1,6,6,6,6,1,6,1,6,1,1,1,6,6,1,6,6,1,6,1,6,6,6,6,1,1,6,1,6,1,1,6,6,1,1,1,1,1,1,1,1,1,6,6,6,6,6,6,1,6,1,6,6,6,1,1,6,1,6,6,1,1,6,1,6,9,6,6,1,1,1,6,6,6,1,1,1,6,1,1,6,6,1,6,1,6,6,6,6,6,6,6,1,1,6,6,1,1,1,1,1,1,1,1,1,6,6,6,1,1,1,1,1,1,6,1,6,6,6,1,1,1,6,6,1,1,6,6,1,1,6,1,6,1,6,6,6,6,6,1,6,9,9,9,6,6,6,1,6,1,6,6,1,1,6,1,6,9,9,9,6,6,6,1,6,1,6,6,1,1,1,6,9,9,6,6,1,6,6,6,9,9,9,9,1,1,6,6,1,1,1,6,1,6,6,1,1,6,1,6,6,1,6,1,6,1,1,1,1,1,6,6,6,6,1,1,1,1,6,6,1,1,6,6,1,1,6,1,1,1,6,6,6,6,1,1,1,6,6,6,1,6,1,1,1,1,1,1,6,6,6,6,6,6,6,1,6,6,1,1,1,1,1,6,6,1,1,6,1,6,6,6,6,6,1,6,6,1,1,6,6,6,6,6,6,1,1,1,1,6,6,6,1,1,6,6,6,6,6,6,6,6,6,1,1,6,1,6,1,6,6,6,1,1,6,6,1,1,1,1,6,1,6,1,1,6,6,6,6,6,1,1,1,1,1,1,1,1,6,6,1,6,1,6,1,1,6,6,1,1,6,1,6,1,1,6,6,1,1,6,6,1,1,6,6,6,6,1,1,1,1,1,1,1,6,6,6,1,1,6,6,1,1,1,1,9,9,1,1,1,1,1,6,6,1,6,1,1,6,6,6,6,1,1,6,6,1,1,6,1,9,6,6,6,6,6,6,6,1,6,6,1,6,1,1,9,6,6,6,1,1,1,6,6,6,1,6,6,6,6,6,6,6,6,1,6,1,6,9,1,1,1,6,6,6,1,6,1,1,6,6,6,6,1,1,9,9,1,1,1,1,6,1,1,1,1,6,6,6,1,1,1,6,6,6,6,1,1,6,1,1,6,1,6,6,6,6,1,1,6,1,1,6,6,6,1,1,1,6,6,1,1,1,6,6,6,6,1,1,1,1,6,6,1,6,6,6,6,6,9,9,9,9,9,9,9,6,1,1,6,6,6,1,1,1,6,6,6,6,6,6,1,6,6,1,1,1,1,6,6,6,6,1,6,6,6,1,6,1,1,6,1,1,6,6,1,1,1,1,7,1,6,6,6,1,1,1,6,6,6,6,6,6,6,1,6,6,6,6,6,1,6,6,6,6,6,1,6,1,1,6,6,6,6,1,1,1,1,6,1,6,1,1,1,6,6,1,1,6,6,1,1,1,1,6,6,1,1,1,6,1,1,1,1,6,6,1,1,7,1,1,6,6,6,1,1,6,1,1,1,6,1,6,1,1,6,1,1,1,1,1,1,1,6,6,6,1,1,1,1,1,1,1,1,1,9,9,9,6,1,1,1,1,1,1,1,1,1,1,1,1,1,1,1,1,1,1,1,1,6,6,6,6,1,6,9,1,1,1,1,1,1,1,1,1,1,1,6,1,1,1,1,1,1,1,1,6,1,1,6,6,1
209,21335,KENNEDY,100,6,6,6,1,6,1,6,6,6,1,6,1,1,1,1,1,1,1,1,6,1,6,1,1,6,6,1,1,1,1,6,6,1,6,6,1,1,1,1,1,1,1,1,6,1,1,1,1,1,6,6,1,6,6,6,1,6,6,1,1,6,6,1,6,1,1,6,6,6,6,6,6,6,6,6,6,6,1,1,6,6,6,6,6,1,1,6,6,6,6,6,6,6,6,6,6,6,6,1,6,1,6,6,1,1,1,1,1,1,1,1,1,6,6,6,6,1,1,6,6,1,6,1,1,6,1,6,6,6,6,1,6,1,1,6,1,6,6,1,1,1,1,1,1,1,1,6,1,1,1,6,1,1,1,1,1,6,1,1,6,6,6,1,1,1,1,6,6,1,1,1,1,1,1,6,6,1,6,6,1,6,1,1,1,6,1,6,6,6,6,6,1,6,1,1,6,6,6,6,6,6,6,6,1,6,1,6,1,1,6,6,6,6,1,1,6,6,6,1,1,1,1,6,6,1,1,1,6,6,1,1,1,1,6,1,1,1,1,6,6,1,1,6,1,6,6,1,1,1,1,6,6,6,1,6,1,1,6,6,6,1,6,6,6,1,1,6,1,1,6,6,1,6,6,6,1,1,1,1,1,6,1,1,1,1,1,6,6,6,6,6,1,6,6,6,6,6,6,1,1,6,6,6,1,6,1,6,9,9,6,6,6,1,6,6,6,1,6,1,6,1,1,1,6,6,1,1,1,1,6,6,1,6,6,1,6,1,6,6,1,6,1,6,1,1,6,6,1,1,1,6,1,6,6,6,6,1,1,1,1,6,1,1,1,1,6,6,6,6,6,6,6,6,6,1,1,6,1,1,1,6,6,1,1,1,1,1,1,1,6,6,6,6,1,1,1,6,1,1,1,6,1,1,1,6,6,6,1,6,6,6,1,6,6,6,6,1,6,1,1,1,1,1,1,6,6,6,6,1,1,1,1,1,6,6,1,1,1,1,1,6,6,6,6,6,6,6,6,1,6,6,6,6,6,6,6,6,1,1,1,1,6,6,1,1,6,6,6,6,1,6,1,6,1,1,1,6,6,1,6,6,1,6,1,6,6,6,6,1,1,6,1,6,1,1,6,6,1,1,1,1,1,6,1,1,1,6,6,6,6,6,6,1,6,1,6,6,6,1,1,1,1,6,6,1,1,6,1,6,1,6,6,6,1,1,6,6,6,1,1,6,6,1,1,6,6,1,6,1,6,6,1,1,6,1,6,1,1,6,6,1,1,1,1,1,1,1,1,1,1,6,6,1,1,1,1,1,1,6,1,6,6,1,1,1,1,6,6,1,1,6,6,1,1,6,1,6,1,6,6,6,6,6,1,6,1,1,1,6,6,1,1,6,1,6,6,1,1,6,1,6,1,1,1,6,6,1,1,6,6,6,6,1,1,1,6,9,9,9,9,9,9,9,9,9,9,9,9,9,9,9,9,9,9,9,9,9,9,9,9,9,9,9,9,9,9,9,9,9,9,9,9,9,9,9,9,9,9,9,9,9,9,9,9,9,9,9,9,9,9,9,9,9,9,9,9,9,9,9,9,9,9,9,9,9,9,9,9,9,1,1,1,6,6,6,6,6,6,6,1,1,1,1,6,1,1,1,6,6,1,1,6,1,1,6,6,6,6,1,6,6,1,1,6,6,6,6,6,6,1,6,9,9,9,9,9,9,1,1,6,6,6,1,6,6,6,6,1,1,1,6,1,6,6,6,6,1,1,6,6,1,1,1,6,6,1,6,9,9,6,6,6,6,6,1,6,6,1,1,1,1,6,6,6,1,6,1,6,9,9,9,9,1,1,6,1,6,1,6,6,6,1,1,6,6,1,1,6,1,6,6,1,1,6,1,1,1,1,1,6,6,1,1,6,6,6,9,9,1,6,6,1,1,1,1,1,6,6,1,6,1,1,6,6,1,6,1,1,6,6,1,1,6,1,1,6,6,6,6,6,6,6,1,6,6,1,1,1,1,1,6,6,6,1,1,1,6,6,1,6,6,6,6,6,6,6,6,6,1,6,1,6,1,1,1,1,6,6,1,1,6,6,6,6,6,6,6,1,1,6,1,1,1,1,1,6,6,1,1,1,6,6,1,1,1,1,6,6,1,6,1,1,6,6,1,6,1,6,6,9,9,9,9,9,1,1,1,6,6,1,1,1,6,6,6,1,1,1,6,6,6,1,6,1,6,6,6,1,6,6,6,6,6,1,1,1,1,6,6,1,6,1,1,6,6,6,1,1,1,6,6,6,6,6,6,1,1,1,1,6,1,1,6,6,6,6,1,6,6,6,1,6,1,1,6,1,1,6,6,1,1,1,1,7,1,6,6,6,1,1,1,6,6,6,6,6,6,6,1,6,6,6,6,6,1,6,6,6,6,6,1,6,1,1,6,6,6,6,6,1,1,1,6,6,6,6,9,9,6,6,1,1,6,6,1,1,1,1,6,9,1,1,1,6,1,1,1,1,6,6,1,1,7,1,6,6,6,6,6,1,6,1,1,1,6,1,6,1,1,6,9,1,1,1,1,1,1,6,6,1,1,1,9,9,9,9,9,9,9,9,9,9,6,1,1,1,1,1,1,1,1,1,1,1,1,1,1,1,1,6,1,1,1,6,6,6,6,1,6,1,1,1,1,1,1,1,1,1,1,1,1,6,1,1,1,1,1,1,1,1,6,1,1,6,6,1
210,21337,WAGNER,200,1,1,1,6,1,6,1,1,1,1,1,6,6,6,6,6,6,6,6,1,6,1,9,9,1,1,1,6,6,1,1,1,1,1,1,6,6,6,6,6,6,6,6,1,6,6,6,6,6,1,1,6,1,1,1,6,1,1,1,1,1,1,6,1,1,1,1,1,1,1,1,1,1,1,1,1,1,1,1,1,1,1,1,1,1,1,1,1,1,1,1,1,1,1,1,1,1,1,1,1,1,1,1,9,9,9,9,6,6,6,6,6,1,1,1,1,6,6,1,1,6,1,6,6,1,1,1,1,1,1,6,1,6,9,1,9,1,1,6,6,6,6,6,6,6,6,1,6,6,6,1,6,6,6,6,6,1,1,1,9,1,1,1,6,6,6,1,1,1,1,9,1,1,1,1,1,1,1,1,1,1,6,1,6,1,1,1,1,1,1,1,1,1,1,1,1,1,1,1,1,1,1,1,6,1,6,1,9,1,1,1,1,1,6,1,1,1,1,1,1,1,1,1,1,1,1,1,1,1,1,1,1,1,1,1,1,1,1,1,1,1,6,1,1,1,1,1,6,1,1,1,1,1,1,1,1,1,1,1,1,1,1,1,1,1,9,9,1,1,1,1,1,1,1,1,1,1,6,6,6,1,6,1,1,1,1,1,1,1,1,1,6,1,1,1,1,1,1,1,1,1,1,9,6,1,1,1,9,9,1,1,1,6,1,1,1,6,1,1,1,1,1,1,1,1,1,1,1,1,1,1,1,1,1,6,1,1,1,1,6,1,6,1,1,1,1,1,1,6,6,1,6,1,1,1,6,6,6,6,6,1,6,6,1,6,1,1,1,1,6,1,1,1,1,1,6,1,1,1,1,1,1,1,6,6,6,6,6,6,1,1,1,1,6,6,6,1,6,6,6,1,1,9,9,9,1,1,1,1,1,1,1,1,1,1,1,6,1,6,6,6,6,6,1,1,1,1,1,6,6,6,6,6,1,1,1,1,1,1,1,1,1,1,1,6,1,1,1,6,1,1,1,1,1,6,9,9,9,9,9,9,9,9,9,9,1,1,6,1,6,6,6,1,6,6,6,1,1,6,1,1,6,1,1,1,1,1,1,6,6,1,6,6,6,6,1,1,6,6,6,6,6,1,6,6,6,1,1,1,1,1,1,6,1,6,1,1,1,6,6,6,6,1,1,6,6,1,1,1,1,1,1,1,6,6,1,1,1,1,9,9,9,1,1,1,1,6,1,1,1,1,6,6,6,6,1,1,1,1,1,1,1,6,1,1,6,1,1,1,1,1,1,1,6,6,6,6,6,1,1,1,1,1,6,6,6,1,1,1,1,1,1,6,6,1,6,1,1,1,1,1,1,1,6,1,1,1,1,1,1,1,6,1,1,1,1,1,6,1,1,1,1,1,1,1,1,1,6,1,1,1,1,1,1,1,1,1,1,9,9,6,1,1,1,6,6,1,1,6,1,9,1,6,1,9,1,1,1,1,1,6,1,1,1,1,1,1,1,1,1,9,1,6,1,1,1,1,1,1,6,1,6,1,9,9,9,1,1,1,6,1,1,1,1,1,1,1,1,1,6,1,1,1,1,1,1,1,1,1,1,1,1,9,6,9,1,1,1,1,1,1,6,6,1,1,1,1,1,1,1,1,1,1,1,1,1,1,1,6,1,1,1,1,1,6,1,1,1,1,1,1,1,1,1,1,1,1,1,1,1,1,1,1,1,1,1,1,1,1,1,1,1,1,1,1,1,1,1,1,1,1,1,6,1,1,6,1,1,1,1,1,1,1,1,6,1,1,1,1,1,6,1,1,1,6,1,6,1,1,1,1,1,1,6,1,6,1,6,1,1,1,1,1,1,1,1,6,1,1,1,1,1,1,1,1,1,1,1,1,1,1,1,6,1,1,1,1,1,1,1,1,1,1,1,1,1,1,1,6,1,1,6,6,1,6,1,6,1,1,1,6,1,1,1,1,1,1,1,1,1,1,1,6,1,6,1,1,1,1,1,1,1,1,1,1,1,1,1,1,1,6,6,1,1,1,1,6,6,1,1,6,1,1,1,1,1,1,1,1,6,1,1,1,1,1,6,6,6,6,1,1,6,6,1,6,1,1,1,1,1,1,1,1,6,1,1,1,1,1,1,6,6,1,6,6,1,6,1,1,1,1,6,6,1,1,1,1,1,1,1,1,1,1,1,1,1,1,1,1,1,1,6,1,6,1,1,1,6,1,1,1,1,1,6,1,1,1,1,1,1,1,1,6,1,1,1,6,1,1,1,1,1,1,1,1,6,6,6,6,1,1,1,1,1,1,1,6,1,1,1,6,1,1,6,1,1,1,1,1,1,1,1,1,1,1,1,1,1,6,6,9,9,1,1,1,1,1,1,6,1,1,1,1,1,6,1,1,1,1,1,6,1,1,1,1,1,1,1,1,1,1,6,1,1,1,1,6,1,1,1,6,1,1,1,6,6,6,6,1,1,1,1,1,1,1,1,1,1,1,1,1,1,1,6,1,1,1,1,1,6,1,1,1,1,1,1,1,1,1,1,1,1,1,1,1,1,1,1,1,1,1,9,1,1,1,1,1,1,1,1,1,1,1,1,1,1,1,1,1,1,1,1,1,1,1,1,1,1,1,1,1,1,1,1,1,1,1,1,1,1,1,1,1,1,1,1,1,1,1,1,1,1,1,1,1,1,1,1,1,1,1,1,1,1,1,1
211,21340,KUSTER,100,6,6,6,1,6,1,6,6,6,6,6,1,1,1,1,1,1,1,1,6,1,6,1,1,6,6,6,1,1,1,6,6,1,6,1,1,1,1,1,1,1,1,1,6,1,1,1,1,1,6,6,1,6,6,6,6,6,1,1,1,6,6,1,6,1,1,6,6,6,6,6,6,6,6,6,6,6,1,1,6,6,6,6,6,1,1,6,6,6,6,6,6,6,6,6,6,6,6,1,6,1,6,6,1,1,1,1,1,1,1,1,1,6,6,6,1,1,1,6,6,1,1,1,1,6,1,6,6,6,6,1,6,1,1,1,1,6,6,1,1,1,1,1,1,1,1,6,1,1,1,6,9,9,9,9,9,6,1,1,6,6,6,6,1,1,1,6,6,1,1,1,1,1,1,6,6,1,6,6,1,6,1,1,1,6,1,6,6,1,6,6,1,1,1,1,6,6,6,6,6,6,6,6,1,6,1,6,1,1,6,6,6,6,1,1,6,6,6,1,1,1,1,6,1,1,1,1,6,6,1,1,1,1,6,1,1,1,1,6,6,1,1,6,1,6,6,1,1,1,1,6,6,1,1,6,1,1,6,6,6,1,6,6,6,1,1,6,1,1,6,6,1,6,6,6,1,1,1,1,1,1,1,1,1,1,1,6,6,6,6,6,1,1,6,6,6,6,6,1,1,6,6,1,1,6,1,6,1,1,6,6,6,1,1,6,6,1,6,1,1,1,1,1,6,6,1,1,1,1,6,6,1,6,6,1,6,1,6,6,1,6,1,1,1,1,6,6,1,1,1,6,6,6,6,6,6,1,1,1,1,6,1,1,6,1,6,6,6,6,6,6,6,1,6,1,1,1,1,1,1,6,6,1,1,1,1,1,1,1,6,6,6,6,1,1,1,6,1,1,1,6,1,1,1,6,1,6,1,6,6,6,1,9,6,6,6,1,6,1,1,1,1,1,1,6,6,6,6,1,1,1,1,1,6,6,1,1,1,1,1,6,6,1,6,6,6,6,6,1,6,6,6,6,6,6,6,6,1,1,1,1,6,6,1,1,6,6,6,6,1,6,1,6,1,1,1,6,6,1,6,6,1,6,1,6,6,6,6,1,1,6,1,6,1,1,6,6,1,1,1,1,1,1,1,1,1,6,6,6,6,6,6,1,6,1,6,6,6,1,1,1,1,6,6,1,1,6,1,1,1,6,6,1,1,1,6,6,6,1,1,1,6,1,1,6,6,1,6,1,6,6,6,6,6,6,6,1,1,6,6,1,1,1,1,1,1,1,1,1,1,6,6,1,1,1,1,1,1,6,1,6,6,1,1,1,9,6,6,1,1,6,6,1,1,6,1,1,1,6,6,6,6,1,1,6,1,1,1,6,6,1,1,6,1,6,6,1,1,6,1,6,1,1,1,6,6,1,1,6,1,6,6,1,1,1,6,1,6,6,6,1,6,6,6,1,1,6,1,1,6,1,6,1,1,1,1,1,6,6,1,1,6,1,6,6,1,1,1,6,1,1,1,1,1,6,6,6,6,6,1,6,1,6,6,1,1,6,6,1,1,6,1,6,1,1,6,6,6,1,1,6,1,6,6,1,1,6,1,1,1,1,1,6,6,6,6,6,6,6,1,1,6,1,1,1,1,1,6,6,1,1,6,1,1,6,6,6,6,1,6,6,1,1,6,6,6,6,6,6,1,1,1,1,6,6,1,1,1,1,6,6,6,6,6,6,6,6,1,1,1,6,1,1,6,6,1,1,1,6,6,1,1,1,1,6,1,6,1,1,6,6,6,6,6,1,6,1,1,1,1,1,1,6,6,1,6,1,6,6,1,6,6,1,1,6,1,6,1,1,6,6,1,1,6,6,1,1,6,9,6,6,1,1,1,1,1,1,1,1,6,6,1,1,6,6,1,1,1,1,6,6,1,1,1,9,9,9,9,9,9,9,9,9,9,9,9,9,9,9,9,9,9,9,9,9,9,9,9,9,9,9,9,9,9,9,9,9,1,1,1,6,6,6,1,1,1,6,6,1,1,6,6,6,6,6,6,6,6,1,6,1,6,6,1,1,1,6,6,6,1,1,1,1,6,6,6,6,1,1,6,1,1,1,1,1,6,1,1,1,1,6,6,1,1,1,1,6,6,1,6,1,1,6,1,1,6,1,6,6,6,6,1,1,1,1,1,1,6,6,1,1,1,6,6,1,1,1,1,6,6,6,1,1,1,6,6,6,1,6,6,6,6,6,1,1,1,1,6,6,1,1,1,1,6,6,6,1,1,6,6,6,6,6,1,1,1,1,1,1,1,1,1,6,6,6,6,1,6,6,6,1,6,1,1,6,1,1,6,6,1,1,1,1,7,1,6,6,6,1,1,1,6,6,6,6,6,6,6,1,6,6,6,6,6,1,6,6,6,6,6,1,6,1,1,6,6,6,6,1,1,1,1,1,1,6,1,1,1,6,6,1,1,6,6,1,1,1,1,6,1,1,1,1,6,1,1,1,1,6,6,1,1,1,1,1,6,6,6,1,1,6,1,1,1,6,1,6,1,1,6,1,1,1,1,1,1,1,6,6,1,1,1,1,1,1,1,1,1,1,1,1,1,6,1,1,1,1,1,1,1,1,1,1,1,1,1,1,1,1,6,1,1,1,6,6,6,6,1,6,1,1,1,1,1,1,1,1,1,1,1,1,6,1,1,1,1,1,1,1,1,6,1,1,6,6,1
212,21341,LUJA,100,6,6,6,1,6,1,6,6,6,1,6,1,1,1,1,1,1,1,1,6,1,6,1,1,6,6,1,1,1,1,6,6,1,6,6,1,1,1,1,1,1,1,1,6,1,1,1,1,1,6,6,1,6,6,6,1,6,6,1,1,6,6,1,6,1,1,6,6,6,6,6,6,6,6,6,6,6,1,1,6,6,6,6,6,1,1,6,6,6,6,6,6,6,6,6,6,6,6,1,6,1,6,6,1,1,1,1,1,1,1,1,1,6,6,6,6,1,1,6,6,1,6,1,1,6,1,6,6,6,6,6,6,6,6,1,6,6,6,1,1,1,1,1,1,1,1,6,1,1,1,6,1,1,1,1,1,6,1,1,6,6,6,1,1,1,1,6,6,1,1,1,1,1,1,6,6,1,6,6,1,6,1,1,1,6,1,6,6,1,6,6,1,1,1,1,6,6,6,6,6,6,6,6,1,6,1,6,1,1,6,6,6,6,1,6,6,6,6,1,1,1,1,6,6,1,1,1,6,6,1,1,1,1,6,6,1,1,1,6,6,1,1,6,1,6,6,1,1,1,1,6,6,1,1,6,1,1,6,6,6,1,6,6,6,1,1,6,1,1,6,6,1,6,6,6,1,1,1,1,1,6,1,1,1,1,1,6,6,6,6,6,1,6,6,6,6,6,6,1,1,6,6,1,1,6,1,1,1,1,6,6,6,1,1,6,6,1,6,1,6,1,1,1,6,6,1,1,1,1,6,6,1,6,6,1,6,1,6,6,1,6,1,6,1,1,6,6,1,1,1,6,6,6,6,6,6,1,1,1,6,1,6,6,6,1,6,6,6,6,6,6,6,6,6,1,1,1,1,1,1,6,6,1,1,1,1,1,1,1,6,6,6,6,1,1,1,6,1,1,1,6,1,1,1,6,1,6,1,6,6,6,1,6,6,6,6,1,6,1,1,1,6,1,1,6,6,6,6,1,1,1,1,1,6,9,9,9,1,1,1,6,6,1,6,6,6,6,6,1,6,6,6,6,6,6,6,6,1,1,1,1,6,6,1,1,6,6,6,6,6,6,1,6,1,1,1,6,6,1,6,6,1,6,1,6,6,6,6,1,1,6,1,6,1,1,6,6,1,1,1,1,1,6,1,1,1,6,6,6,6,6,6,1,6,1,6,6,6,1,1,1,1,6,6,1,1,6,1,6,1,6,6,1,1,1,6,6,6,1,1,6,6,1,1,6,6,1,6,1,6,6,6,1,6,1,6,1,1,6,6,1,1,1,1,1,1,1,1,1,1,6,6,1,1,1,1,1,1,6,1,6,6,1,1,1,1,6,6,1,1,6,6,1,1,6,1,6,1,6,6,6,6,1,1,6,1,1,1,6,6,1,1,6,1,6,6,1,1,6,1,6,1,1,1,6,6,1,1,6,1,6,6,1,1,1,6,1,6,6,6,1,6,6,6,1,1,6,1,1,6,1,6,1,1,1,1,1,6,6,1,1,6,1,6,6,1,1,1,6,1,1,1,1,1,6,6,6,6,6,1,6,1,6,6,1,1,6,6,1,1,6,1,6,1,1,6,6,6,1,1,6,1,6,6,1,1,6,6,1,1,1,1,6,6,6,6,6,6,1,1,1,1,1,1,1,1,1,6,6,1,1,6,1,1,6,6,6,6,1,6,6,1,1,6,6,6,6,6,9,1,6,1,1,6,6,1,1,1,1,6,6,6,6,6,6,6,6,1,1,1,6,1,6,6,6,6,1,1,6,6,1,1,1,6,6,1,6,1,1,6,6,6,6,6,1,6,1,1,1,1,1,1,6,6,1,6,1,6,1,1,6,6,1,1,6,1,6,1,1,6,6,1,1,6,6,1,1,1,1,6,6,1,1,6,1,1,9,9,9,6,6,1,1,6,6,1,9,9,1,6,6,1,1,1,1,1,6,6,1,6,1,1,6,6,6,6,1,1,6,6,1,1,6,9,9,9,9,6,6,6,6,6,1,6,1,6,1,9,9,9,9,6,6,1,1,1,6,6,1,6,6,6,6,6,6,6,6,6,1,6,1,6,1,9,9,9,6,6,1,1,6,1,6,6,6,6,6,1,1,6,1,6,6,1,6,6,1,9,9,9,9,9,9,1,1,1,6,6,1,6,1,1,6,1,1,6,1,6,6,6,6,1,1,6,1,1,1,6,6,1,1,1,6,6,6,1,1,1,6,6,6,1,1,1,1,6,6,1,6,6,6,6,6,1,1,9,9,9,9,9,1,1,1,6,6,6,1,1,6,6,6,6,6,1,1,1,1,6,1,1,1,1,6,6,6,6,1,6,6,6,1,6,1,1,6,9,9,9,9,1,1,1,1,7,1,6,6,6,1,1,1,6,6,6,6,6,6,6,1,6,6,6,6,6,1,6,6,6,6,7,1,6,1,1,6,6,6,6,6,1,1,1,6,1,6,1,1,6,6,6,1,1,6,6,1,6,1,1,1,1,1,1,1,6,1,1,9,9,9,9,9,9,9,9,9,9,9,9,9,9,9,9,1,1,6,1,6,1,1,6,1,1,9,9,1,1,1,9,9,9,9,9,9,9,9,9,9,9,9,9,9,9,9,9,9,9,9,9,9,9,9,9,9,9,9,9,9,9,9,9,9,9,9,9,9,9,9,9,9,9,9,9,9,9,9,9,9,9,9,9,9,9,9,9,9,9,9,9,9,9,9,9,9,9,9,9
213,21342,MENG,100,6,6,6,1,6,1,6,6,6,1,6,1,1,1,1,1,1,1,1,6,1,6,9,9,6,6,1,1,1,1,6,6,1,6,6,1,1,1,1,1,1,1,1,6,1,1,1,1,1,6,6,1,6,6,6,1,6,6,1,1,6,6,1,6,9,9,6,6,6,6,6,6,6,6,6,6,6,1,1,6,6,6,6,6,1,1,6,6,6,6,6,6,6,6,6,6,6,6,9,9,9,6,6,1,1,1,1,1,1,1,1,1,6,6,6,6,1,1,6,6,1,6,1,1,6,1,6,6,6,6,1,6,1,1,1,1,6,6,1,1,1,1,1,1,1,1,6,1,1,1,6,1,1,1,1,1,6,1,1,6,6,6,1,1,1,1,6,6,1,1,1,1,1,1,6,6,1,6,6,1,6,1,1,1,6,1,6,6,1,6,6,1,1,1,1,6,6,6,6,6,6,6,6,1,6,1,6,1,1,6,6,6,6,1,6,6,6,6,1,1,1,1,6,6,1,1,1,6,6,1,1,1,1,6,1,9,9,9,9,9,9,9,9,9,6,6,1,1,1,1,6,6,1,1,6,1,1,6,6,6,1,6,6,1,1,1,6,1,1,6,6,1,6,6,6,1,1,1,1,1,6,1,1,1,1,1,6,6,6,6,6,1,6,6,6,6,6,6,9,9,6,6,1,1,6,1,6,1,1,6,6,6,1,6,6,6,1,6,1,6,6,9,9,6,6,1,1,1,1,6,6,1,6,6,1,6,1,6,6,1,6,1,6,1,1,6,6,1,1,1,6,6,6,6,6,6,1,1,1,1,6,1,1,6,1,6,6,6,6,6,6,6,6,6,1,1,6,1,1,1,6,6,1,1,1,1,1,1,1,6,6,6,6,1,1,1,6,1,1,1,6,6,1,1,6,6,6,1,6,6,6,1,6,6,6,6,1,6,1,1,1,1,1,1,6,6,6,6,1,1,1,1,1,6,6,1,1,9,9,1,6,6,1,6,6,6,6,6,1,6,6,6,6,6,6,6,6,1,1,1,1,6,6,1,1,6,6,6,6,1,6,1,6,1,1,1,6,6,1,6,6,1,6,1,6,6,6,6,1,1,6,1,6,1,1,6,6,1,1,1,1,1,6,1,1,1,6,6,6,6,6,6,1,6,1,6,6,6,1,1,1,1,6,6,1,1,6,1,6,1,6,6,1,1,1,6,6,6,1,1,6,6,9,9,6,6,1,6,1,6,6,1,1,6,1,6,1,1,6,6,1,1,1,1,1,1,1,1,1,1,6,6,1,1,1,1,1,1,6,1,6,6,9,1,1,1,6,6,1,9,6,6,1,1,6,1,6,1,6,6,6,6,1,1,6,1,1,1,6,6,1,1,6,1,6,6,1,1,6,1,6,9,1,1,6,6,1,1,6,1,6,6,1,1,1,6,1,6,6,6,1,6,6,6,1,1,6,1,1,6,1,6,1,1,1,1,1,6,6,1,1,6,1,6,6,1,1,1,6,1,1,1,1,6,6,6,6,6,1,1,6,1,1,6,1,1,6,6,1,1,6,1,6,1,1,6,6,6,1,1,6,1,6,6,1,1,6,6,1,1,1,1,1,1,1,6,6,6,6,1,1,1,1,6,1,1,1,6,6,1,1,6,1,1,6,6,6,6,1,6,6,1,1,6,6,7,6,6,6,1,6,1,1,6,6,6,1,9,9,6,6,6,6,6,6,6,6,1,1,1,6,1,6,6,6,6,1,1,6,6,1,1,1,6,6,1,6,1,1,6,6,6,6,6,1,6,1,1,1,1,1,6,6,6,1,6,1,6,6,1,6,6,1,1,6,1,6,1,6,6,6,1,1,6,6,1,1,6,1,6,6,1,1,1,1,1,1,1,1,6,6,1,1,6,6,1,9,9,1,6,6,1,1,1,9,9,6,6,1,6,1,1,6,6,6,6,1,1,6,6,1,1,6,1,1,6,6,6,6,6,6,6,1,6,1,6,1,1,1,1,6,6,6,1,1,6,6,6,1,6,6,6,6,6,6,6,6,6,1,6,1,6,1,1,1,1,6,6,1,1,6,1,6,6,6,6,6,1,1,6,1,1,1,1,1,6,1,1,1,1,6,6,1,1,1,1,6,6,1,6,1,1,6,1,1,6,1,6,6,6,6,1,1,6,1,1,1,6,6,1,1,1,6,6,6,1,1,1,6,6,6,1,6,1,6,6,6,1,6,6,6,6,6,9,9,1,1,6,6,1,1,1,1,6,6,6,1,1,6,6,6,6,6,6,6,1,1,6,1,1,1,1,6,6,6,6,1,6,6,6,1,6,1,1,6,1,1,6,6,1,1,1,1,7,1,6,6,6,1,1,1,6,6,6,6,6,6,6,1,6,6,6,6,6,1,6,6,6,6,6,1,6,1,1,6,6,6,6,6,1,1,1,6,1,6,1,1,6,6,6,1,1,6,6,1,1,1,1,6,6,9,9,9,6,1,1,1,1,6,6,1,1,6,1,6,6,6,6,6,1,6,1,1,1,6,1,6,1,1,6,1,1,1,1,1,1,1,6,6,1,1,1,1,1,1,1,1,1,1,1,1,1,6,1,1,1,1,1,1,1,1,1,1,1,1,1,1,1,1,6,1,1,1,6,6,6,6,1,6,1,1,1,1,1,1,1,1,1,1,1,1,6,1,1,1,1,1,1,1,1,6,1,1,6,6,1
214,21343,JEFFRIES,100,6,6,6,1,6,1,6,6,6,1,6,1,1,1,1,1,1,1,1,6,1,6,1,1,6,6,1,1,1,1,6,6,1,6,6,1,1,1,1,1,1,1,1,6,1,1,1,1,1,6,6,1,6,6,6,1,6,6,1,1,6,6,1,6,1,1,6,6,6,6,6,6,6,6,6,6,6,9,9,6,6,6,6,6,1,1,6,6,6,6,6,6,6,6,6,6,6,6,1,6,1,6,6,1,1,1,1,1,1,1,1,1,6,6,6,6,1,1,6,6,1,6,1,1,6,1,6,9,9,9,9,9,9,1,1,1,6,6,1,1,1,1,1,1,1,1,6,1,1,1,6,1,1,1,1,1,6,1,1,6,6,6,6,1,1,1,6,6,9,9,9,1,1,1,6,6,1,6,6,1,6,1,1,1,6,1,9,9,9,6,6,1,6,1,1,6,6,6,6,6,6,6,6,1,6,1,6,1,1,6,6,6,6,1,6,6,6,6,1,1,1,1,6,6,9,1,6,6,6,1,1,1,6,6,1,1,1,1,6,6,1,1,6,6,6,6,1,1,1,1,6,6,6,1,6,1,1,6,6,6,1,6,6,6,1,1,6,1,1,6,6,1,6,6,6,1,1,1,1,1,6,1,1,1,1,1,6,6,6,6,6,1,6,6,6,6,6,6,1,1,6,6,1,1,6,6,6,1,1,6,6,6,1,6,6,6,1,6,1,6,6,1,1,6,6,1,1,1,1,6,6,1,6,6,1,6,1,6,6,1,6,1,6,1,1,6,6,1,1,1,6,6,6,6,6,1,1,1,1,1,6,1,1,6,1,6,6,6,6,1,6,6,6,6,1,1,6,1,1,1,6,6,1,1,1,1,1,1,1,6,6,6,6,1,1,1,6,1,1,1,6,6,1,1,6,6,6,1,6,6,6,1,6,6,9,9,9,9,9,9,9,9,9,9,6,6,6,6,1,1,1,1,1,6,6,1,1,1,1,1,6,6,6,6,6,6,6,6,1,6,6,6,6,6,6,6,6,1,1,1,1,1,6,1,1,6,6,6,6,1,6,1,6,1,1,1,6,6,1,6,6,1,6,1,6,6,6,6,1,1,6,1,6,1,1,6,6,1,1,1,1,1,1,1,1,1,6,6,6,6,6,6,1,6,1,6,6,6,1,1,1,1,6,6,1,1,6,1,6,1,6,6,6,1,1,6,6,6,1,1,6,6,1,1,6,6,1,6,1,6,6,1,1,6,1,6,1,1,6,6,1,1,1,1,1,1,1,1,1,1,6,6,1,1,1,1,1,1,6,1,6,6,6,9,9,9,9,6,1,1,6,6,1,1,6,1,6,1,6,6,6,6,6,1,6,1,1,6,6,6,1,1,6,1,6,6,1,1,6,1,6,1,1,6,6,6,6,1,6,6,6,6,1,1,1,6,1,1,6,6,1,6,6,6,1,1,6,1,1,6,1,6,1,1,1,1,1,6,6,1,1,6,1,6,6,1,1,1,6,1,1,1,1,6,6,6,6,6,6,1,6,1,6,6,1,1,6,6,1,1,6,1,9,1,1,6,6,6,1,1,6,6,6,6,1,6,6,6,1,1,1,1,1,6,6,6,6,6,6,1,6,1,1,6,1,1,1,6,6,1,1,6,1,1,6,6,6,6,1,6,6,1,6,6,6,9,9,9,9,1,6,1,1,6,6,6,1,1,1,6,6,6,6,6,6,6,6,1,1,6,6,1,6,6,6,6,1,1,6,6,1,1,1,6,6,1,6,1,1,6,6,6,6,6,1,6,6,1,1,1,1,6,6,6,1,6,1,6,6,1,6,6,1,1,6,1,6,1,6,6,6,1,1,6,6,1,1,6,6,6,6,1,1,1,1,1,1,1,6,6,6,6,1,6,6,1,1,1,1,6,6,1,1,1,1,1,6,6,1,6,1,1,6,6,6,6,1,1,6,6,1,1,6,9,1,6,6,6,6,6,6,6,1,6,6,6,6,1,1,1,6,6,6,1,1,6,6,6,6,6,6,6,6,6,6,6,6,6,6,6,1,6,1,1,1,1,6,6,6,1,6,1,6,6,6,1,1,1,1,6,1,6,6,1,6,6,6,1,1,1,6,6,1,1,1,1,6,6,6,6,1,1,6,1,1,6,1,6,6,6,6,1,1,6,1,1,6,6,6,1,1,6,6,6,6,1,1,1,6,6,6,1,6,1,1,9,9,9,9,9,9,9,9,1,1,1,1,6,6,1,6,1,1,6,6,6,1,1,1,6,6,6,6,6,6,1,1,1,1,1,1,1,6,6,6,6,1,6,6,6,1,6,6,1,6,1,1,6,6,1,1,1,1,7,1,6,6,6,1,1,1,6,6,6,6,6,6,6,1,6,6,6,6,6,1,6,6,6,6,6,1,6,1,1,9,6,6,6,6,1,1,1,6,6,6,6,1,6,6,6,1,1,6,6,1,1,1,1,6,6,1,1,1,6,1,1,1,1,6,6,1,1,7,1,6,6,6,6,6,1,6,1,1,1,6,1,6,1,1,6,1,1,1,1,1,1,1,6,6,6,1,1,1,1,1,1,1,1,1,1,1,1,6,1,1,1,1,1,1,1,1,1,1,1,1,1,1,1,1,6,1,1,1,6,6,6,6,1,6,1,1,1,1,1,1,1,1,1,1,1,1,6,1,1,1,1,1,1,1,1,6,1,1,6,6,1
215,21344,MALONEY,100,6,6,6,1,6,1,6,6,6,1,6,1,1,1,1,1,1,1,1,6,1,6,1,1,6,6,6,1,1,1,6,6,1,6,6,1,1,1,1,1,1,1,1,6,1,1,1,1,1,6,6,1,6,6,6,1,6,1,1,1,6,6,1,6,1,1,6,6,6,6,6,6,6,6,6,6,6,1,1,6,6,6,6,6,1,1,6,6,6,6,6,6,6,6,6,6,6,6,1,6,1,6,6,1,1,9,1,1,1,1,1,1,6,6,6,6,1,1,6,6,1,6,1,1,6,1,6,6,6,6,6,6,6,6,1,6,6,6,1,1,1,1,1,1,1,1,6,1,1,1,9,1,1,1,1,1,6,1,1,6,6,6,6,1,1,1,6,6,1,1,6,1,1,1,6,6,1,6,6,1,6,1,1,1,6,1,6,6,6,6,6,1,6,1,1,6,6,6,6,6,6,6,6,1,6,1,6,1,1,6,6,6,6,1,1,6,6,6,1,1,1,1,6,6,1,1,6,6,6,1,1,1,9,6,1,1,1,1,6,6,1,1,6,6,6,6,1,1,1,6,6,6,6,1,6,1,1,6,6,6,1,6,6,1,1,1,1,1,1,6,6,1,6,6,6,1,1,1,1,1,1,1,1,1,1,1,6,6,6,6,6,1,1,6,6,6,6,6,1,1,6,6,6,1,6,1,1,1,1,6,6,6,1,1,6,6,1,1,1,6,6,1,1,6,6,6,1,1,1,6,6,6,6,6,1,6,1,6,6,1,6,1,6,1,1,6,6,1,1,1,6,6,6,6,6,6,1,6,6,1,6,1,6,6,1,6,6,6,6,1,6,1,6,6,1,1,1,9,9,9,6,6,1,1,1,1,1,1,1,6,6,6,6,1,1,1,6,1,1,1,6,1,1,6,6,1,6,1,6,6,6,1,6,6,6,6,1,6,1,1,1,6,1,6,6,6,6,6,1,1,6,1,1,6,6,1,1,1,1,1,6,6,6,6,6,6,6,6,1,6,6,6,6,6,6,6,6,1,6,1,1,6,6,1,1,6,6,6,6,1,6,1,6,1,1,1,6,6,1,6,6,1,6,1,6,6,6,6,1,1,6,1,6,1,1,6,6,1,1,1,1,1,6,1,1,1,6,6,6,6,6,6,1,6,1,6,6,6,1,1,1,1,6,6,1,1,6,1,1,1,6,6,6,1,1,6,6,6,1,1,1,6,1,1,6,6,1,6,1,6,6,6,6,6,6,6,1,1,6,6,1,1,1,1,1,1,1,1,1,6,6,6,1,1,1,1,1,1,6,1,6,6,6,1,1,1,6,6,1,1,6,6,1,1,6,1,6,1,6,6,6,6,1,1,6,9,9,9,6,6,6,1,6,1,6,6,1,1,6,1,6,9,1,6,6,6,6,1,6,1,6,6,1,1,1,6,1,6,6,6,1,6,6,6,1,1,6,1,1,6,6,6,1,1,1,6,1,6,6,1,1,6,1,6,6,1,6,1,6,1,1,1,1,1,6,6,6,6,1,1,1,1,1,6,1,1,6,6,1,1,6,1,1,1,6,6,6,6,1,1,6,6,6,6,1,6,6,6,1,1,1,1,6,6,6,6,6,6,6,1,6,6,1,1,1,1,1,6,6,1,1,1,1,6,6,6,6,6,1,6,6,1,1,6,6,6,6,6,6,1,6,1,1,6,6,1,1,1,6,6,6,6,6,6,6,6,6,1,1,6,1,6,6,6,6,6,1,1,6,6,1,1,1,1,6,1,6,1,1,6,6,6,6,6,1,6,1,1,1,1,1,1,6,6,1,6,1,6,1,1,6,6,1,1,1,1,1,1,1,6,6,1,1,6,6,1,1,1,6,6,6,1,1,6,1,1,1,1,6,6,6,1,1,6,6,1,9,9,1,6,6,1,1,1,1,1,6,6,1,6,1,1,6,6,6,6,6,1,6,6,1,1,6,1,1,6,6,6,6,6,6,6,1,6,6,1,6,1,1,1,6,6,6,1,1,1,6,6,6,6,6,6,6,6,6,6,6,6,1,6,1,6,9,1,1,1,6,6,6,1,1,1,1,6,6,6,6,1,1,6,1,1,1,1,1,6,1,1,1,1,6,6,6,1,1,1,6,6,6,6,1,1,6,6,6,6,1,6,6,6,6,1,1,6,1,1,6,6,6,1,1,1,6,6,1,1,1,6,6,6,6,1,1,1,1,6,6,1,6,6,6,6,6,1,1,1,1,6,6,1,6,1,1,6,6,6,1,1,1,6,6,6,6,6,6,1,6,1,1,9,1,1,6,6,6,6,1,6,6,6,1,6,1,1,6,1,1,6,6,1,1,1,1,7,1,6,6,6,1,1,1,6,6,6,6,6,6,6,1,6,6,6,6,6,1,6,6,6,6,6,1,6,9,9,6,6,6,6,1,1,1,9,9,9,6,1,9,9,9,9,9,9,9,9,9,9,9,9,9,9,9,9,9,9,9,9,1,1,6,6,1,1,6,1,1,6,6,6,1,1,6,1,1,9,6,1,6,9,9,9,9,9,1,1,1,1,1,6,6,6,1,1,1,1,1,1,1,1,1,1,1,1,6,1,1,1,1,1,1,1,1,1,1,1,1,1,1,1,1,1,1,1,1,6,6,6,6,1,6,1,1,1,1,1,1,1,1,1,1,1,1,6,1,1,1,1,1,1,1,1,6,1,1,6,6,1
216,21345,COLLINS,200,1,1,1,6,1,9,9,9,9,9,9,9,9,9,9,9,9,9,9,9,9,9,1,1,1,1,1,6,6,1,1,1,1,1,1,6,6,6,6,6,6,6,6,1,6,6,6,6,6,1,1,6,1,1,1,6,1,1,1,1,1,1,6,1,1,1,1,1,1,1,1,1,1,1,1,1,1,1,1,1,1,1,1,1,1,1,1,1,1,1,1,1,1,1,1,1,1,1,1,1,9,1,1,1,6,6,6,6,9,6,6,6,1,1,1,1,6,6,1,1,6,1,6,6,1,1,1,1,1,1,6,1,6,6,1,1,1,1,6,6,6,6,6,6,6,6,1,6,6,6,1,6,6,6,6,6,1,9,9,9,9,9,9,9,9,9,9,9,1,1,1,1,1,1,1,1,1,1,1,1,1,6,1,6,1,1,1,1,1,1,1,1,1,1,1,1,1,1,1,1,1,1,1,6,1,6,1,1,1,1,1,1,1,6,1,1,1,1,1,1,1,1,1,1,1,1,1,1,1,1,1,1,1,1,1,1,1,1,1,1,1,6,1,1,1,1,1,1,1,1,1,1,1,1,1,1,1,1,1,1,1,1,1,1,1,6,1,9,9,1,1,1,1,1,1,1,1,6,6,6,1,6,1,1,1,1,1,1,1,1,1,6,1,1,1,1,1,1,1,1,1,1,1,6,1,1,1,1,1,1,1,1,6,1,1,1,6,1,1,1,1,1,1,1,1,1,1,1,1,1,9,1,1,6,6,1,1,1,1,6,1,6,1,1,1,1,1,1,6,6,1,6,1,1,1,6,6,6,6,6,1,6,6,6,6,1,1,1,1,6,6,1,1,1,1,6,1,1,1,1,1,1,1,6,6,6,6,6,6,1,1,1,1,6,6,6,1,6,6,6,1,1,6,6,1,1,1,1,1,1,1,1,1,1,6,6,6,1,6,6,6,6,6,6,1,1,6,6,6,6,6,6,6,1,9,9,9,1,1,1,1,1,1,1,6,1,6,6,6,6,6,1,6,1,6,1,1,6,6,6,6,1,1,6,6,1,1,6,6,6,1,6,1,6,6,6,1,1,1,6,1,6,1,1,1,1,1,1,6,6,6,6,6,6,6,1,1,6,6,6,6,6,1,6,6,6,6,6,6,1,1,6,6,1,6,1,1,1,6,6,6,6,6,1,6,6,1,1,1,1,1,1,1,6,6,1,1,1,1,6,1,1,1,1,1,1,6,1,1,1,1,6,6,6,6,1,1,1,1,1,1,1,6,1,1,6,1,1,1,1,1,1,1,6,6,6,6,6,1,1,1,1,1,6,6,6,1,1,1,1,1,9,6,6,1,6,1,1,1,1,1,1,1,6,1,1,1,1,1,1,1,6,1,1,1,1,1,6,1,1,1,1,1,1,1,1,1,6,1,1,1,1,1,1,1,1,1,1,1,1,6,1,1,1,6,6,1,1,6,1,1,1,6,1,1,1,1,1,1,1,6,1,1,1,1,1,1,1,1,1,1,1,6,1,1,1,1,1,1,6,1,6,1,9,9,9,1,1,1,6,1,1,1,1,1,1,1,1,1,6,1,1,1,1,1,1,1,1,1,1,1,1,6,6,6,1,1,1,1,1,1,6,6,1,1,1,1,1,1,1,1,1,1,1,1,1,1,1,6,1,1,1,1,1,6,1,1,1,1,1,1,1,1,1,1,1,1,1,1,1,1,1,1,1,1,1,1,1,1,1,1,1,1,1,1,1,1,1,1,1,1,1,6,1,1,6,1,1,1,1,1,1,1,1,6,1,1,1,1,1,6,1,1,1,6,1,6,1,1,1,1,1,1,6,1,6,1,6,1,1,1,1,1,1,1,1,6,1,1,1,1,1,1,1,1,1,1,1,1,1,1,1,6,1,1,1,1,1,1,1,1,1,1,1,1,1,1,1,6,1,1,6,6,1,6,1,6,1,1,1,6,1,1,1,1,1,1,1,1,1,1,1,6,1,6,1,1,1,1,1,1,1,1,1,1,1,1,1,1,1,6,6,1,6,1,1,6,6,1,1,6,1,1,1,1,1,1,1,1,6,1,1,1,1,1,6,6,6,6,1,1,1,1,1,6,1,1,1,1,1,1,1,1,6,1,1,1,1,1,1,6,6,6,6,6,6,6,6,6,1,1,1,6,1,1,1,1,1,1,1,1,1,1,1,1,1,1,1,9,1,1,6,1,6,1,1,1,6,1,1,1,1,1,6,1,1,1,1,1,1,1,1,6,1,1,1,6,1,6,1,1,1,1,6,6,6,6,6,6,1,1,1,1,1,1,1,6,1,1,1,6,1,1,6,1,1,1,1,1,1,1,1,1,1,1,1,1,6,6,6,6,6,1,1,1,1,1,1,6,1,1,1,6,1,6,1,1,1,1,1,6,1,1,1,1,1,1,1,1,1,1,6,1,1,1,1,6,1,1,1,6,1,1,1,6,6,6,6,1,1,1,1,1,1,1,1,1,1,1,1,1,1,1,1,1,1,1,1,1,6,1,1,1,1,1,1,1,1,1,1,1,1,1,1,1,1,1,1,1,1,1,1,1,1,1,1,1,1,1,1,1,1,1,1,1,1,1,1,1,1,1,1,1,1,1,1,1,1,1,1,1,1,1,1,1,1,1,1,1,1,1,1,1,1,1,9,1,1,1,1,1,1,1,1,1,1,1,1,1,1,1,1,1,1,1,1
217,21346,HUDSON,200,1,1,1,6,1,6,1,1,1,1,1,6,6,6,6,6,6,6,6,1,6,1,1,1,1,1,6,6,6,1,1,1,1,1,1,6,6,6,6,6,6,6,6,1,6,6,6,6,6,1,1,6,1,1,1,6,1,1,1,1,1,1,6,1,1,1,1,1,1,1,1,1,9,9,1,1,1,1,1,1,1,1,1,1,1,1,1,1,1,1,1,1,1,1,1,1,1,1,1,1,1,9,9,9,9,9,9,9,9,9,9,9,9,9,9,9,9,9,9,9,9,9,9,9,9,1,1,1,1,1,6,1,6,6,1,1,1,1,6,6,6,6,6,6,6,6,1,6,6,6,1,6,6,6,6,6,1,1,1,1,1,1,6,6,6,6,1,1,1,1,6,1,1,1,1,1,1,1,1,9,1,6,1,6,9,1,1,1,6,1,1,1,6,1,1,1,1,1,1,1,1,1,1,6,1,6,1,1,1,1,1,1,1,6,1,1,1,1,1,1,1,9,1,1,1,1,6,1,1,1,9,1,6,9,9,1,1,1,1,1,1,6,1,6,1,1,1,6,1,6,1,1,6,1,1,1,1,1,1,1,1,1,1,1,1,6,1,1,1,1,1,1,1,1,1,1,1,6,6,6,1,6,1,1,1,1,1,1,1,1,1,6,1,1,1,1,1,1,1,1,1,1,6,6,1,1,1,1,1,1,1,1,6,1,1,1,6,1,1,1,1,1,9,1,1,6,1,1,1,1,1,6,1,1,6,1,1,1,1,6,1,6,1,1,1,1,1,1,6,9,1,6,1,1,1,6,6,6,6,6,1,6,6,1,6,1,9,1,1,6,1,1,1,1,1,6,1,1,1,1,1,1,1,6,6,6,6,6,6,1,1,1,1,6,9,6,1,6,6,6,1,1,6,6,1,1,1,1,1,1,1,1,1,1,1,1,6,1,6,6,6,6,6,6,1,1,1,6,6,6,6,6,6,1,1,1,1,1,1,1,1,1,6,1,1,1,1,1,6,1,1,1,1,1,1,1,1,6,6,6,6,1,1,6,6,1,1,1,1,6,1,6,1,6,6,6,1,1,6,1,1,6,1,1,1,1,1,1,6,9,1,1,1,6,6,1,1,1,6,6,6,6,1,6,6,6,1,1,1,1,1,1,6,1,6,1,1,1,6,6,6,6,1,1,6,6,1,1,1,1,1,1,6,6,6,1,1,1,9,6,1,1,1,1,1,1,6,1,1,1,1,6,6,1,6,1,1,1,1,1,1,1,6,1,6,6,1,1,1,6,1,1,1,6,6,6,6,6,1,1,1,1,6,9,9,6,1,1,1,1,1,1,6,6,1,6,1,1,1,1,1,1,1,6,1,1,1,6,9,9,9,9,9,9,1,1,1,6,1,1,1,1,1,6,1,1,6,6,1,1,1,1,1,1,9,1,1,1,1,1,6,1,1,1,6,6,1,1,6,1,6,1,6,1,1,6,1,1,1,1,6,1,1,1,1,1,6,1,1,1,1,1,6,1,1,1,1,1,1,6,1,6,1,9,9,9,9,9,9,6,1,1,1,1,6,1,1,1,1,6,1,6,1,1,1,6,1,6,1,1,1,1,6,6,6,1,1,1,1,1,6,6,6,1,1,1,1,1,1,1,1,1,1,6,1,1,1,1,6,1,1,1,1,1,6,1,1,1,1,1,1,1,1,1,1,1,1,1,6,1,1,1,1,1,1,1,1,1,1,6,9,9,1,9,1,6,1,1,1,1,1,1,6,1,1,6,1,1,1,1,1,1,1,1,6,1,6,1,1,1,6,1,1,1,6,1,9,9,1,1,1,1,1,6,1,6,1,6,1,1,1,1,1,1,1,1,6,1,6,1,1,1,1,1,1,1,1,1,6,1,9,1,6,1,1,1,1,1,1,1,1,1,1,1,1,1,1,1,6,1,1,6,6,1,6,1,6,1,1,1,6,1,1,1,1,1,1,1,1,1,1,1,6,1,6,1,6,1,1,1,1,1,1,1,1,1,1,1,6,6,6,6,1,6,1,1,6,6,1,1,6,1,6,1,1,1,1,1,6,6,1,1,1,1,1,6,6,6,6,1,1,6,6,1,6,9,1,1,1,1,1,1,6,6,1,1,1,1,6,1,6,6,1,6,6,1,6,1,1,1,1,6,6,1,1,1,6,1,1,1,1,1,1,1,1,1,1,6,1,1,1,6,1,6,1,1,1,6,1,1,1,1,1,6,1,1,1,1,1,1,1,1,6,6,1,1,6,1,6,1,1,1,1,6,6,1,6,6,6,1,1,1,1,1,1,1,6,1,1,1,6,1,1,6,1,1,1,1,1,1,1,1,1,1,1,1,1,1,6,6,6,1,1,1,1,1,1,1,6,1,1,1,1,1,6,1,1,1,1,1,6,1,1,1,1,1,1,1,1,6,1,6,1,1,9,1,6,1,1,1,6,1,1,1,6,6,6,6,1,1,1,1,1,1,1,1,1,1,1,1,1,1,1,1,1,1,1,1,1,6,1,1,1,1,1,1,1,1,1,1,6,1,9,9,1,1,1,1,1,6,1,1,9,1,1,1,1,1,1,1,1,6,1,1,6,1,1,1,1,1,1,1,1,1,1,1,1,1,1,1,1,1,1,1,1,1,1,1,1,1,1,1,1,1,1,1,1,1,1,9,9,9,9,9,9,9,9,9,9,9,9,9,9,9,9,1
218,21347,PITTENGER,200,1,1,1,6,1,6,1,1,1,1,1,6,6,6,6,6,6,6,6,1,6,1,1,1,1,1,6,6,6,1,1,1,1,1,1,6,6,6,6,6,6,6,6,1,6,6,6,6,6,1,1,6,1,1,1,6,1,1,1,1,1,1,6,1,1,1,1,1,1,1,1,1,1,1,1,1,1,1,1,1,1,1,1,1,9,1,1,1,1,1,1,1,1,1,1,1,1,1,1,1,1,1,1,6,6,6,6,6,6,6,6,6,1,1,1,1,6,6,1,9,6,1,6,6,1,1,1,9,1,1,6,1,9,6,1,1,1,1,6,6,6,6,6,6,6,6,1,6,6,6,1,6,6,6,6,6,1,1,1,1,1,1,6,6,6,6,1,1,1,1,6,1,1,1,1,1,1,1,1,1,1,6,1,6,1,1,1,1,9,1,1,1,6,1,1,9,9,9,9,9,9,1,1,6,1,6,1,1,1,1,1,1,1,6,1,1,1,1,1,1,1,1,1,1,1,1,6,1,1,1,1,1,6,1,1,1,1,1,1,1,1,6,1,6,1,1,1,9,1,1,1,1,6,1,1,1,1,1,1,1,1,9,9,1,1,6,1,1,1,1,1,1,1,1,1,1,1,6,6,6,1,6,1,1,1,1,1,1,1,1,1,6,1,1,1,1,1,1,1,1,1,1,6,6,1,1,1,1,1,1,1,1,6,1,1,1,6,1,1,1,1,1,1,1,1,6,1,1,1,1,1,6,1,6,6,1,9,1,1,6,1,6,1,1,1,1,1,1,6,6,1,6,1,1,1,6,6,6,6,6,1,6,6,1,6,1,1,1,1,6,1,1,1,1,1,6,1,1,1,1,1,1,1,6,6,6,6,6,6,1,1,1,1,6,6,6,1,6,6,6,1,1,6,6,1,1,1,1,1,1,1,1,1,1,1,1,6,1,6,6,6,6,6,6,1,1,6,1,6,6,6,6,6,1,1,1,1,1,1,1,1,1,6,9,1,1,1,1,6,1,1,1,1,1,1,1,1,6,6,6,6,1,1,6,6,1,1,1,1,6,1,6,1,6,6,6,1,1,1,1,1,6,1,1,1,1,1,1,6,6,1,6,6,6,6,1,1,6,6,6,6,6,6,6,6,6,1,1,1,6,1,1,6,1,6,1,1,1,6,6,6,6,1,1,6,6,1,1,1,1,1,1,6,6,6,1,1,1,1,6,1,1,1,1,1,1,6,1,1,1,1,6,6,1,6,1,1,1,1,1,1,1,6,1,6,6,1,1,9,6,1,1,1,6,6,6,6,6,1,1,1,1,6,6,6,6,1,1,1,1,1,1,6,6,1,6,1,1,1,1,1,1,1,6,1,1,1,6,1,1,6,6,1,1,1,1,1,6,1,1,1,1,1,6,1,1,6,6,1,1,1,1,1,1,1,1,9,9,1,1,6,1,1,1,6,6,1,1,6,1,9,1,6,1,1,6,1,1,1,1,6,1,1,1,1,1,6,1,1,1,1,1,6,1,1,1,1,1,1,6,1,6,1,1,1,1,1,1,1,6,1,1,1,1,6,1,1,1,1,6,1,6,1,1,1,6,1,1,1,1,1,1,6,6,6,1,1,1,1,1,6,6,6,1,1,1,1,1,1,1,1,1,1,6,1,1,1,1,6,1,1,1,1,1,6,1,1,1,1,1,1,1,1,1,1,1,1,1,6,1,1,1,1,1,1,1,1,1,1,6,1,6,1,1,1,1,1,1,1,1,1,1,6,1,1,6,1,1,1,1,1,1,1,1,6,1,1,1,1,1,6,1,1,1,6,1,6,1,1,1,1,1,1,6,1,6,1,6,1,1,1,1,1,1,1,1,6,1,6,1,1,1,1,1,1,1,1,1,1,1,1,1,6,1,1,1,6,1,1,1,1,1,1,1,1,1,1,1,6,1,1,6,6,1,6,1,6,1,1,1,6,1,1,9,9,9,9,9,9,9,9,9,9,9,9,9,9,1,1,1,1,1,1,1,1,1,1,1,6,6,6,1,1,6,1,1,1,6,1,1,6,1,9,1,1,1,1,1,9,6,1,1,1,1,1,6,6,6,6,1,1,6,6,1,6,1,1,1,1,1,1,9,9,6,1,1,1,1,6,1,6,6,1,6,6,6,6,6,1,1,1,6,6,1,1,1,6,1,1,1,1,1,1,1,1,9,9,9,1,1,1,6,1,6,1,1,1,6,1,1,1,1,1,6,1,1,1,1,1,1,1,1,6,1,1,1,6,1,6,6,1,1,1,6,6,1,6,1,6,1,1,1,1,1,1,1,6,1,1,1,6,1,1,6,1,1,1,1,1,1,1,1,1,1,1,1,1,1,6,6,6,1,1,1,1,1,1,1,6,1,1,1,1,1,6,1,1,1,1,1,6,1,9,9,1,1,1,1,1,1,1,6,1,1,1,1,6,1,1,1,6,1,1,1,6,6,6,6,1,1,9,9,9,9,9,9,1,1,1,1,1,1,1,1,1,1,1,1,1,6,1,1,1,9,1,1,1,1,1,1,1,1,9,9,9,9,9,1,1,1,1,1,9,9,9,1,1,1,1,1,1,1,9,9,9,9,9,9,9,1,1,1,1,1,1,1,1,1,1,1,1,1,1,1,1,1,1,1,1,1,9,9,9,9,9,9,9,9,9,9,9,9,9,9,9,9,9,9,9,9,9,9,9,9,9,9
219,21348,MEADOWS,200,1,1,1,6,1,6,1,1,1,1,1,6,6,6,6,6,6,6,6,1,6,1,1,1,1,1,1,6,6,1,1,1,1,1,6,6,6,6,6,6,6,6,6,1,6,6,6,6,6,1,1,6,1,1,1,6,1,1,1,1,1,1,6,1,1,1,1,1,1,1,1,1,1,1,1,1,1,1,1,1,1,1,1,1,1,1,1,1,1,1,1,1,1,1,1,1,1,1,1,1,6,1,1,1,6,6,6,6,6,6,6,6,1,1,1,1,6,6,1,1,6,1,6,6,1,1,1,1,1,1,6,1,6,6,1,1,9,9,6,6,6,6,6,6,6,6,1,6,6,6,1,6,6,6,6,6,1,1,1,1,1,1,1,6,6,6,1,1,1,1,1,1,1,1,1,1,1,1,1,1,1,6,1,6,1,1,9,1,1,1,1,1,1,1,6,1,1,1,1,1,1,1,1,6,1,6,1,1,1,1,1,1,1,6,1,1,1,1,1,1,1,1,1,1,1,1,1,1,1,1,1,1,1,1,1,1,1,1,1,1,1,6,1,1,1,1,1,6,1,1,1,1,1,1,1,1,1,1,1,1,1,1,1,1,1,6,6,1,1,1,1,1,1,1,1,1,1,6,6,6,1,6,1,1,1,1,1,1,1,1,1,6,1,1,9,1,1,1,1,1,1,1,1,6,1,1,1,1,1,1,1,1,6,1,1,1,6,1,1,1,1,1,1,1,1,1,1,1,1,1,1,1,1,1,6,1,1,1,1,6,9,6,1,1,1,1,1,1,6,6,1,6,1,1,1,6,6,6,6,6,1,6,6,1,6,1,1,1,1,6,1,1,1,1,1,6,1,1,1,1,1,1,1,6,6,6,6,6,6,1,1,1,1,6,6,6,1,6,6,6,1,1,6,6,1,1,1,1,9,9,9,9,1,1,1,1,6,1,6,6,6,6,6,6,1,1,1,1,6,6,6,6,6,1,1,1,1,1,1,1,1,1,1,1,1,1,1,1,6,1,1,1,1,1,6,1,9,9,9,9,9,9,9,9,9,1,1,1,1,6,6,6,1,6,6,6,1,1,6,1,1,6,1,1,1,1,1,1,6,6,1,6,1,6,6,1,1,6,6,6,6,6,6,6,1,6,6,1,1,1,1,1,6,1,6,1,1,1,6,6,6,6,1,1,6,6,1,1,1,1,9,9,9,6,6,1,1,1,1,6,1,1,1,9,1,1,6,1,1,1,1,6,6,1,6,1,1,1,1,1,1,1,6,1,6,6,1,1,1,1,1,1,1,6,6,6,6,6,1,1,1,1,1,6,6,6,1,1,1,1,1,1,6,6,1,6,1,1,1,1,1,1,1,6,1,1,1,1,1,1,1,6,1,1,1,1,1,6,1,1,1,1,1,1,1,1,1,6,1,1,1,1,1,1,1,1,1,1,1,1,6,1,1,1,6,6,1,1,6,1,1,1,6,1,1,1,1,1,1,1,6,1,1,1,1,1,1,1,1,1,1,1,6,1,1,1,1,1,1,6,1,6,1,1,1,1,1,1,1,6,1,1,1,1,1,1,1,1,1,6,1,1,1,1,1,1,1,6,1,1,1,1,6,6,6,1,1,1,1,1,1,1,6,6,1,1,1,1,1,1,1,1,1,1,1,1,1,1,6,1,1,1,1,1,6,1,1,1,1,1,1,1,1,1,1,1,1,1,1,1,1,1,1,1,1,1,1,1,1,1,1,1,1,1,6,6,1,1,1,1,1,1,6,1,1,6,1,1,1,1,1,1,1,1,6,1,6,1,1,1,6,1,1,1,6,1,6,1,1,1,1,1,1,6,1,6,1,6,1,1,1,1,1,1,9,1,6,1,9,1,6,1,1,6,1,1,1,1,1,1,1,1,6,1,1,1,1,1,1,1,1,1,1,1,1,1,1,1,6,1,1,6,6,1,6,1,6,1,6,1,6,1,1,1,1,1,1,1,1,1,1,1,6,1,6,1,1,1,1,1,1,1,1,1,1,1,1,1,1,9,9,9,9,9,9,1,6,1,1,1,6,6,1,1,1,1,1,1,1,6,1,1,1,1,1,6,6,6,6,1,1,6,6,1,6,1,1,1,1,1,1,1,1,6,1,1,1,1,1,1,6,6,1,6,6,1,6,1,1,1,1,6,6,1,1,1,1,1,1,1,1,1,1,1,1,1,1,1,1,1,1,6,1,6,1,1,1,6,1,1,1,1,1,6,1,1,1,1,1,1,1,1,6,6,1,9,6,1,6,1,1,1,1,1,1,6,6,6,6,1,1,1,1,1,1,1,6,1,1,1,6,1,1,6,1,1,1,1,1,1,1,1,1,1,1,9,1,1,6,6,6,1,1,1,1,1,1,1,6,1,1,1,1,1,6,1,1,1,6,1,6,1,1,1,1,1,1,1,1,1,1,6,1,1,1,1,6,1,1,1,6,1,1,1,6,6,6,6,1,1,1,1,1,1,1,1,1,1,1,6,1,6,1,1,6,1,1,1,1,6,1,1,1,1,6,1,1,1,1,1,1,1,1,1,1,1,1,1,6,1,6,1,1,1,1,1,1,1,1,1,1,1,1,6,1,1,1,1,1,1,1,1,1,1,1,1,1,1,1,1,1,1,1,1,1,1,1,1,1,1,1,1,1,1,1,1,1,1,1,1,1,1,1,1,6,1,1,1,1,1,1,1,1,1,1,9
220,21349,HOLDING,200,1,1,1,6,1,6,1,1,1,1,1,6,6,6,6,6,6,6,6,1,6,1,1,1,1,1,6,6,6,1,1,1,1,1,1,6,6,6,6,6,6,6,6,1,6,6,6,6,6,1,1,6,1,1,1,6,1,1,1,1,1,1,6,1,1,1,1,1,1,1,1,1,1,1,1,1,1,1,1,1,1,1,1,1,1,1,1,1,1,1,1,1,1,1,1,1,1,1,1,1,1,1,1,1,6,6,6,6,6,6,6,6,1,1,1,1,6,6,1,1,6,1,6,6,1,1,1,1,1,1,6,1,6,6,1,6,1,1,6,6,6,6,6,6,6,6,1,6,6,6,1,6,6,6,6,6,1,1,1,1,1,1,6,6,6,6,1,1,1,1,6,1,1,1,1,1,1,1,1,1,1,6,1,6,1,1,1,1,6,1,1,1,6,9,9,1,1,1,1,1,1,1,1,6,1,6,1,1,1,1,1,1,1,6,1,1,1,1,1,1,9,9,1,1,1,1,9,1,1,1,1,1,6,1,1,1,1,1,1,1,1,6,1,6,1,1,1,6,1,9,1,1,6,1,1,1,1,1,1,1,1,1,9,1,1,6,1,1,1,1,1,1,1,1,1,1,1,6,6,6,1,6,1,1,1,1,1,1,1,1,1,6,1,1,1,1,1,1,1,1,1,1,6,6,1,1,1,1,1,1,1,1,6,1,1,1,6,1,1,1,1,1,1,1,1,6,1,1,1,1,1,6,1,1,6,1,1,1,1,6,1,6,1,1,1,1,1,1,6,6,1,6,1,1,1,6,6,6,6,6,1,6,6,6,6,1,1,1,1,6,1,1,1,1,1,6,1,1,1,1,1,1,1,6,6,6,6,6,6,1,1,1,1,6,6,6,1,6,6,6,1,1,6,6,1,1,1,1,1,1,1,1,1,1,6,6,6,1,6,6,6,6,6,6,1,1,1,1,6,6,6,6,6,1,1,1,1,1,1,1,1,1,6,1,6,1,6,1,6,1,1,1,1,1,1,1,1,6,6,6,6,1,1,6,6,1,1,1,1,6,1,6,1,6,6,6,1,1,6,1,1,6,1,1,1,1,1,1,6,6,1,6,1,6,6,1,1,6,6,6,6,6,6,6,6,6,1,1,1,1,1,1,6,1,6,1,1,1,6,6,6,6,1,1,6,6,1,1,1,1,1,1,6,6,6,1,1,1,1,6,1,1,1,1,1,1,6,1,1,1,1,6,6,1,6,1,1,1,1,1,1,1,6,1,6,6,1,1,1,6,1,1,1,6,6,6,6,6,1,1,1,1,6,6,6,6,1,1,1,1,1,1,6,6,1,6,1,1,1,1,1,1,1,6,1,1,1,6,1,1,6,6,1,1,1,1,1,6,1,1,1,1,1,6,1,9,6,6,1,1,1,1,1,1,1,1,1,1,1,1,6,1,1,1,6,6,1,1,6,1,6,1,6,1,1,6,1,1,1,1,6,1,1,1,1,1,6,1,1,1,1,1,6,1,1,1,1,1,1,6,1,6,1,1,1,1,1,1,1,6,1,1,1,1,6,1,1,1,1,6,1,6,1,1,1,6,1,6,1,1,1,1,6,6,6,1,1,1,1,1,6,6,6,1,1,1,1,1,1,1,1,1,1,6,1,1,1,1,6,1,1,1,1,1,6,1,1,1,1,1,1,1,1,1,1,1,1,1,6,1,1,1,1,1,1,1,1,1,1,6,1,6,1,1,1,6,1,1,1,1,1,1,6,1,1,6,1,1,1,1,1,1,1,1,6,1,1,1,1,1,6,1,1,1,6,1,6,1,1,1,1,1,1,6,1,6,1,6,1,1,1,1,1,1,1,1,6,1,6,1,1,1,1,6,1,1,1,1,9,1,1,1,6,1,1,1,1,1,1,1,1,1,1,1,1,1,1,1,6,1,1,6,6,1,6,1,6,1,1,1,6,1,1,1,1,1,1,1,1,1,1,1,6,1,6,1,6,1,1,1,1,1,1,1,1,1,1,1,6,1,6,1,1,1,1,1,6,6,1,1,6,1,6,1,1,1,1,1,6,6,1,1,1,1,1,6,6,6,6,1,1,6,6,1,6,1,1,1,1,1,1,1,6,6,1,1,1,1,6,1,6,6,1,6,6,1,6,1,1,1,1,6,6,1,1,1,6,1,1,1,1,1,1,1,1,1,1,9,1,1,1,6,1,6,1,1,1,6,1,1,1,1,1,6,1,1,1,9,1,1,1,1,6,6,1,1,6,1,6,1,1,1,1,6,6,6,6,6,6,1,1,1,1,1,1,1,6,1,1,1,6,1,1,6,1,9,9,1,1,1,1,1,1,1,1,1,1,6,6,6,6,1,1,1,1,1,1,1,6,1,1,1,1,1,6,1,1,1,1,1,6,1,1,1,1,1,1,1,1,6,1,6,1,1,1,1,6,1,1,1,6,1,1,1,6,6,6,6,1,1,9,9,9,9,9,9,1,1,1,1,1,1,1,1,1,1,1,1,1,6,1,1,1,1,1,9,9,1,1,1,1,1,1,1,1,1,1,1,1,6,6,1,1,1,1,1,1,1,1,1,1,1,1,1,6,1,1,1,1,1,1,1,1,1,1,1,1,1,1,1,1,1,1,1,1,1,1,1,1,1,9,9,9,9,9,9,9,9,9,1,1,1,1,1,1,1,1,1,1,1,1,1,1,1,1,1
221,21350,CRAMER,200,1,1,1,6,1,6,1,1,1,1,1,6,6,6,6,6,6,6,6,1,6,1,1,1,1,1,1,6,6,1,1,1,1,1,1,6,6,6,6,6,6,6,6,1,6,9,6,6,6,1,1,6,1,1,1,6,1,1,1,1,1,1,6,1,1,1,1,1,1,1,1,1,1,1,1,1,1,1,1,1,1,1,1,1,1,1,1,1,1,1,1,1,1,1,1,1,1,9,1,1,1,1,1,1,6,6,6,6,6,6,6,6,1,1,1,1,6,6,1,1,6,1,6,6,1,1,1,1,1,1,6,1,6,6,1,1,1,1,6,6,6,6,6,6,6,6,1,6,6,6,1,6,6,6,6,6,1,1,1,1,1,1,1,6,6,6,1,1,1,1,1,1,1,1,1,1,1,1,1,1,1,6,1,6,1,1,1,1,1,1,1,1,1,1,1,1,1,1,1,1,1,1,1,6,1,6,1,1,1,1,1,1,1,6,1,1,1,1,1,1,1,1,1,1,1,1,9,1,1,1,1,1,1,1,1,1,1,1,1,1,1,6,1,1,1,1,1,1,1,1,1,1,1,1,1,1,1,1,1,1,1,1,1,1,1,6,1,1,1,1,1,1,1,1,1,1,1,6,6,6,1,6,1,1,1,1,1,1,1,1,1,6,1,1,1,1,1,1,1,1,1,1,1,6,1,1,1,1,1,1,1,1,9,1,1,1,6,1,1,1,1,1,1,1,1,1,1,1,1,1,1,1,1,6,6,1,1,1,1,6,1,6,1,1,1,1,1,1,6,6,1,6,1,1,6,6,6,6,6,6,1,6,6,6,6,1,1,1,1,1,1,1,1,1,1,6,1,1,1,1,1,1,1,6,6,6,6,6,6,1,1,1,1,6,6,6,1,6,6,6,1,1,6,6,1,1,1,1,9,1,1,1,1,1,1,1,6,1,6,6,6,6,6,6,1,1,1,1,6,6,6,6,6,1,1,1,1,1,1,9,9,9,9,1,6,6,6,6,6,6,6,1,6,1,1,1,1,6,6,6,6,1,1,6,6,1,1,6,6,6,1,6,1,6,6,6,1,1,1,1,1,6,1,1,1,1,1,1,6,6,1,6,6,6,6,1,1,6,6,6,6,6,6,6,6,6,1,6,6,1,1,1,6,1,6,1,1,1,6,6,6,6,6,1,6,6,1,1,1,1,1,1,1,6,6,1,1,1,1,6,1,9,1,1,1,1,6,1,1,1,1,6,6,6,6,1,1,1,1,1,1,1,6,1,1,6,1,1,1,1,1,1,1,6,6,6,6,6,1,1,1,1,1,6,6,6,1,1,1,1,1,1,6,6,1,6,1,1,1,1,1,1,1,6,1,1,1,1,1,1,1,6,1,1,1,1,1,6,1,1,1,1,1,1,1,1,1,6,1,1,1,1,1,1,1,1,1,1,1,1,6,1,1,1,6,6,1,1,6,1,9,1,6,1,1,1,1,1,1,1,6,1,1,1,1,1,9,1,1,1,1,1,6,1,1,1,1,1,1,6,1,6,1,1,1,1,1,1,1,6,1,1,1,1,1,1,1,1,1,6,1,1,1,1,1,1,1,1,1,1,1,1,6,6,6,1,1,1,1,1,1,6,6,1,1,1,1,1,1,1,1,1,1,1,1,1,1,1,6,1,1,1,1,1,6,1,1,1,1,1,1,1,1,1,1,1,1,1,1,1,1,1,1,1,1,1,1,1,1,1,1,1,1,1,1,1,1,1,1,1,1,1,6,1,1,6,1,9,9,9,9,9,9,9,9,9,9,9,9,9,9,9,9,9,9,9,9,9,1,1,1,1,1,6,1,6,1,6,1,1,1,1,1,1,1,1,9,9,9,9,9,9,9,9,9,9,1,1,1,1,1,9,6,1,1,1,9,9,1,1,1,1,1,1,1,1,1,1,6,1,1,6,6,1,6,1,6,1,6,1,6,1,1,1,1,1,1,1,1,1,1,1,6,1,6,1,1,1,1,1,1,1,1,1,1,1,1,1,1,6,6,6,1,6,1,1,6,1,1,1,6,1,1,1,1,1,1,1,6,6,1,1,1,1,1,6,6,6,6,1,1,1,1,1,6,1,1,1,1,1,1,1,1,6,1,1,1,1,1,1,6,6,6,6,6,1,6,1,1,1,1,6,6,1,1,1,1,1,1,1,1,1,1,1,1,1,1,1,1,1,1,6,1,6,1,1,1,6,1,1,1,1,1,6,1,1,1,1,1,1,1,1,6,1,1,1,9,9,9,9,1,1,1,6,6,6,6,1,6,1,1,1,1,1,1,1,6,1,1,1,6,1,1,6,1,1,1,1,1,1,1,1,1,1,1,1,1,1,6,6,6,6,1,1,1,1,1,1,6,1,1,1,1,1,6,1,1,1,1,1,6,1,1,1,1,1,1,1,1,9,9,9,9,9,1,1,6,1,1,1,6,1,1,1,6,6,6,6,1,9,1,1,1,1,1,1,1,1,1,1,1,1,1,1,1,1,1,1,1,6,1,1,1,9,1,1,1,1,1,1,1,1,1,1,1,1,9,1,1,9,1,9,9,9,9,9,9,9,9,9,9,9,1,1,1,9,9,9,9,9,9,9,9,9,9,9,9,9,9,9,9,9,9,9,1,1,1,1,1,9,1,1,1,1,1,1,1,1,1,1,1,1,1,1,1,1,9,1,1,1,1,1,1,1,1,1
222,21351,WENSTRUP,200,1,1,1,6,1,6,1,1,1,1,1,6,6,6,6,6,6,6,6,1,6,1,1,1,1,1,6,6,6,1,1,1,1,1,1,6,6,6,6,6,6,6,6,1,6,6,6,6,6,1,1,6,1,1,1,6,1,1,1,1,1,1,6,1,1,1,1,1,1,1,1,1,1,1,1,1,1,1,1,1,1,1,1,1,1,1,1,1,1,1,1,1,1,1,1,1,1,1,1,1,1,1,1,1,6,6,6,6,6,6,6,6,1,1,1,1,6,6,1,1,6,1,6,6,1,1,1,1,1,1,6,1,6,6,1,1,1,1,6,6,6,6,6,6,6,6,1,6,6,6,1,6,6,6,6,6,1,1,1,1,1,1,6,6,6,6,1,1,1,1,1,1,1,1,1,1,1,1,1,1,1,6,1,6,1,1,1,1,6,1,1,1,1,1,1,1,1,1,1,1,1,1,1,6,1,6,1,1,1,1,1,1,1,6,1,1,1,1,1,1,1,1,1,1,1,1,1,1,1,1,1,1,1,1,1,1,1,1,1,1,1,6,1,1,1,1,1,6,1,6,1,1,1,1,1,1,1,1,1,1,1,1,1,1,1,6,1,1,1,1,1,1,1,1,1,1,1,6,6,6,1,6,1,1,1,1,1,1,1,1,1,6,1,1,1,1,1,1,1,1,1,1,1,6,1,1,1,1,1,1,1,1,6,1,9,9,6,1,1,1,1,1,1,1,1,1,1,1,1,1,1,1,1,1,6,1,1,1,1,6,1,6,1,1,1,1,1,1,6,6,1,6,1,1,1,6,6,6,6,6,1,6,6,1,6,1,1,1,1,6,1,1,1,1,1,6,1,1,1,1,1,1,1,6,6,6,6,6,6,1,1,1,1,6,6,6,1,6,6,6,1,1,6,6,1,1,1,1,1,1,1,1,1,1,1,1,6,1,6,6,6,6,6,6,1,1,1,1,6,1,6,6,6,1,1,1,1,1,1,1,1,1,1,1,6,1,1,1,6,1,1,1,6,1,1,1,1,6,6,6,6,1,1,6,6,1,1,6,1,6,1,6,1,6,6,6,1,1,6,1,1,6,1,1,1,1,1,1,6,6,1,6,1,6,6,1,1,6,6,6,6,6,1,1,6,6,1,1,1,1,1,1,6,1,6,1,1,1,6,6,6,6,1,1,6,6,1,1,1,1,1,1,1,6,6,1,1,1,1,6,1,1,1,1,1,1,6,1,1,1,1,6,6,1,6,1,1,1,1,1,1,1,6,1,6,6,1,1,1,1,1,1,1,6,6,6,6,6,1,1,1,1,6,6,6,6,1,1,1,1,1,1,6,6,1,6,1,1,1,1,1,1,1,6,1,1,1,1,1,1,1,6,1,1,1,1,1,6,1,1,1,1,1,6,1,1,1,6,1,1,1,1,1,1,1,1,1,1,1,1,6,1,1,1,6,6,1,1,6,1,1,1,6,1,1,1,1,1,1,1,6,1,1,1,1,1,6,1,1,1,1,1,6,1,1,1,1,1,1,6,1,6,1,1,1,1,1,1,1,6,1,1,1,1,1,1,1,1,1,6,1,6,1,1,1,1,1,1,1,1,1,1,6,6,6,1,1,1,1,1,1,6,6,1,1,1,1,1,1,1,1,1,1,6,1,1,1,1,6,1,1,1,1,1,6,1,1,1,1,1,1,1,1,1,1,1,1,1,1,1,1,1,1,1,1,1,1,1,1,1,1,1,1,1,1,1,1,1,1,1,1,1,6,1,1,6,1,1,1,1,1,1,1,1,6,1,1,1,1,1,6,1,1,1,6,1,6,1,1,1,1,1,1,6,1,6,1,6,1,1,1,1,1,1,1,1,6,1,1,1,1,1,1,1,1,1,1,1,1,1,1,1,6,1,1,1,1,1,1,1,1,1,1,1,1,1,1,1,6,1,1,6,6,1,6,1,1,1,1,1,6,1,1,1,1,1,1,1,1,1,1,1,6,1,6,1,6,1,1,1,1,1,1,1,1,1,1,1,1,1,6,6,1,6,1,1,6,6,1,1,6,1,6,1,1,1,1,1,1,6,1,1,1,1,1,6,6,6,6,1,1,6,6,6,6,1,1,1,1,1,1,1,6,6,1,1,1,1,1,1,6,6,1,6,6,6,6,1,6,1,1,6,6,1,1,1,9,1,1,1,1,1,1,1,1,1,1,1,1,1,1,6,1,6,1,1,1,6,1,1,1,1,1,6,1,1,1,1,1,1,1,1,6,1,1,1,6,1,1,1,1,1,1,1,1,1,6,6,6,1,1,1,1,1,1,1,6,1,1,1,6,1,1,6,1,1,1,1,1,1,1,1,1,1,1,1,1,1,6,6,6,1,1,1,1,1,1,1,6,1,1,1,1,1,6,1,1,1,1,1,6,1,1,1,1,1,1,1,1,6,1,6,1,1,1,1,6,1,1,1,6,1,1,1,6,6,6,6,1,1,1,1,1,1,1,1,1,1,1,1,1,1,1,1,6,1,1,1,1,6,1,1,1,1,1,1,1,1,1,1,6,1,1,1,1,1,1,1,1,6,1,1,1,1,1,1,1,1,1,1,1,1,1,1,1,1,1,1,1,1,1,1,1,1,1,1,1,1,1,1,1,1,1,1,1,1,1,1,1,1,1,1,1,1,1,1,1,1,1,9,9,9,9,9,9,9,9,9,9,9,9,9,9,9,9,1
223,21352,BEATTY,100,6,6,6,1,6,1,6,6,6,1,6,1,1,1,1,1,1,1,1,6,1,6,1,1,6,6,1,1,1,1,6,6,1,6,6,1,1,1,1,1,1,1,1,6,1,1,1,1,1,6,6,1,6,6,6,1,6,6,9,1,6,6,1,6,1,1,6,6,6,6,6,6,6,6,6,6,6,1,1,9,9,6,6,6,1,1,9,9,9,9,9,6,6,6,6,6,6,6,1,6,1,6,6,1,1,1,1,1,1,1,1,1,6,6,6,6,1,1,6,6,1,6,1,1,6,1,6,6,6,6,1,6,1,1,1,1,6,6,1,1,1,1,1,1,1,1,6,1,1,1,6,1,1,1,1,1,6,1,1,6,6,6,6,1,1,1,6,6,1,1,1,1,1,1,6,6,1,6,6,1,6,1,1,1,6,1,6,6,6,6,6,1,6,1,1,6,6,6,6,6,6,6,6,1,6,1,6,1,1,6,6,6,6,1,6,9,9,9,9,1,1,1,6,6,1,6,6,6,6,1,1,1,1,6,1,1,1,1,6,6,1,1,6,1,6,6,1,1,1,1,6,6,6,1,6,1,1,6,6,6,1,6,6,6,1,1,6,1,1,6,6,1,6,6,6,1,1,1,1,1,6,1,1,1,1,1,6,6,6,6,6,1,1,6,6,6,6,6,1,1,6,6,1,1,6,1,6,1,1,6,6,6,1,6,6,6,1,6,1,6,1,1,1,6,6,6,1,1,1,6,6,6,6,6,1,6,1,6,6,9,6,1,6,1,1,6,6,1,1,1,6,1,6,6,6,6,1,1,1,1,6,1,1,6,1,6,6,6,6,1,6,6,6,6,1,1,1,1,1,1,6,6,1,1,9,9,1,1,1,6,6,6,6,1,1,1,6,1,1,1,6,1,1,1,6,6,6,1,6,6,6,1,6,6,6,6,1,6,6,1,6,1,1,1,6,6,6,6,1,1,1,1,1,6,6,1,1,1,1,1,6,6,6,6,6,6,6,6,1,6,6,6,6,6,6,6,6,1,1,1,1,6,6,1,1,6,6,6,6,1,6,1,6,1,1,1,6,6,1,6,6,1,6,1,6,6,6,6,1,1,6,1,6,1,1,6,6,1,1,1,1,1,1,1,1,1,6,6,6,6,6,6,1,6,1,6,6,6,1,1,1,1,6,6,1,1,6,1,6,1,6,6,6,1,1,6,6,6,1,1,6,6,1,1,6,6,1,6,1,6,6,1,1,6,1,6,9,9,6,6,1,1,1,1,1,1,1,1,1,1,6,6,1,1,1,1,1,1,6,1,6,6,1,1,1,1,6,6,1,1,6,6,1,1,6,1,6,1,6,6,6,6,1,1,6,1,1,1,6,6,1,1,6,1,6,6,1,1,6,1,6,1,1,1,6,6,1,1,6,1,6,6,1,1,1,6,1,1,6,6,1,6,6,6,1,1,6,1,1,6,6,9,9,1,1,1,6,6,6,1,1,6,1,6,6,1,1,1,6,1,1,1,1,1,6,6,6,6,6,1,1,1,6,6,1,1,6,6,1,1,6,1,1,1,1,6,6,6,1,1,6,9,6,6,1,6,6,6,1,1,1,1,6,9,6,6,6,6,6,1,1,1,1,6,1,1,1,6,6,1,1,6,1,1,6,6,6,6,1,6,6,1,6,6,6,6,6,6,6,1,6,1,1,6,6,6,1,1,6,6,6,6,6,6,6,6,6,1,1,1,1,1,1,6,6,1,1,1,6,6,1,1,1,6,6,1,6,1,1,6,6,6,6,6,1,6,1,1,1,1,1,6,6,6,1,6,1,6,6,1,6,6,1,1,6,1,6,1,6,6,6,9,1,6,6,1,1,6,1,6,6,1,1,1,1,1,1,1,6,6,6,1,1,1,6,1,1,1,1,6,6,1,1,1,1,1,6,6,1,6,1,1,6,6,1,6,1,1,6,6,1,1,6,1,1,6,6,6,6,6,6,6,1,6,6,1,1,1,1,1,6,6,6,1,1,1,6,6,1,6,6,6,6,6,6,6,6,6,6,6,1,6,9,1,1,1,6,6,6,1,6,1,6,6,6,6,6,1,1,6,1,1,1,1,1,6,6,9,9,9,9,9,9,9,9,9,9,9,9,9,9,9,9,9,9,9,9,9,9,9,9,9,9,9,9,9,9,9,9,9,9,9,9,9,9,9,9,9,6,6,6,1,6,1,1,6,6,1,6,6,6,6,6,1,1,1,1,6,6,1,1,1,1,6,6,6,1,1,1,6,6,6,6,6,6,1,1,6,1,1,1,1,6,6,6,6,1,6,6,6,1,6,1,1,6,1,1,6,6,1,1,1,1,7,1,6,6,6,1,1,1,6,6,6,6,6,6,6,1,6,6,6,6,6,1,6,6,6,6,6,1,6,1,1,6,6,6,6,6,1,1,1,6,6,6,1,1,6,6,6,1,1,6,6,1,1,1,1,6,6,1,1,1,9,1,1,1,1,6,6,1,1,7,1,6,6,6,6,6,1,6,1,1,1,6,1,6,1,1,6,1,1,1,1,1,1,1,6,6,9,1,1,1,1,1,1,1,1,1,1,1,1,6,1,1,1,1,1,1,1,1,1,1,1,1,1,1,1,1,6,1,1,1,6,6,6,6,1,6,1,1,1,1,1,1,1,1,1,1,1,1,6,1,1,1,1,1,1,1,1,6,1,1,6,6,9
224,21353,JOYCE,200,1,1,1,6,1,6,1,1,1,1,1,6,6,6,6,6,6,6,6,1,6,1,1,1,1,1,6,6,6,1,1,1,1,1,1,6,6,6,6,6,6,6,6,1,6,6,6,6,6,1,1,6,1,1,1,6,1,1,1,1,9,1,6,1,1,1,1,1,1,1,1,1,1,1,1,1,1,1,1,1,1,1,1,1,1,1,1,1,1,1,1,1,1,1,1,1,1,1,1,1,1,1,1,1,6,6,6,6,6,6,6,6,1,1,1,1,6,6,1,1,6,1,6,6,1,1,1,1,1,1,6,1,6,6,1,1,1,1,9,6,6,6,6,6,9,6,1,6,6,6,1,6,6,6,6,6,1,1,1,1,1,1,6,6,6,6,1,1,1,1,9,1,1,1,1,1,1,1,1,1,1,6,1,6,1,1,1,1,6,1,1,1,6,1,1,1,1,1,1,1,1,1,1,6,1,6,1,1,1,1,1,1,1,6,1,1,1,1,1,1,1,9,1,1,1,1,6,1,1,1,1,1,6,1,1,1,1,1,1,1,1,6,6,6,1,1,1,1,1,6,1,1,1,1,6,1,1,1,1,1,1,1,1,1,1,6,1,1,1,1,1,1,1,1,1,1,1,1,1,6,1,6,1,1,1,1,1,1,1,1,1,6,1,1,1,1,1,1,1,1,1,1,6,6,1,1,1,1,1,1,1,1,6,1,1,1,6,1,1,1,1,1,1,1,1,6,1,1,1,1,1,6,1,1,6,1,1,1,1,6,1,6,1,1,1,1,1,1,6,6,1,6,1,1,1,6,6,6,6,6,1,6,6,6,6,6,6,1,6,6,6,1,6,1,1,6,1,1,9,1,1,1,1,6,6,6,6,9,6,1,1,1,1,6,6,6,1,6,6,6,1,1,6,6,1,1,1,1,1,1,1,1,1,1,6,6,6,6,6,6,6,6,6,6,1,1,6,6,6,6,6,6,6,1,1,1,1,1,1,1,1,1,6,6,6,6,6,6,6,6,6,6,6,1,6,1,1,6,6,6,6,1,6,6,6,6,1,6,1,6,1,6,6,6,6,6,1,6,1,6,6,6,1,1,1,1,1,1,6,6,6,1,6,6,6,1,1,6,6,6,6,6,6,6,6,6,6,6,6,1,1,6,6,1,6,1,1,1,6,6,6,6,6,1,1,6,1,1,1,1,1,1,6,6,6,1,1,1,1,6,1,1,1,1,1,1,6,1,1,1,1,6,6,1,6,1,1,1,1,1,1,1,6,1,1,6,1,1,1,6,1,1,1,9,9,9,6,6,1,1,1,1,6,6,6,6,1,1,1,1,1,1,6,6,1,6,1,1,1,1,1,1,1,6,1,1,1,6,1,1,6,6,1,1,1,1,1,6,1,1,1,1,1,6,1,1,6,6,1,1,1,1,1,1,1,1,1,1,1,1,6,1,1,1,6,6,1,1,6,1,9,1,6,1,1,6,1,1,1,1,6,1,1,1,1,1,6,1,1,1,1,1,6,1,1,1,1,1,1,6,1,6,1,1,1,1,1,1,1,6,1,1,1,1,6,1,1,1,1,6,1,1,1,1,1,1,1,1,9,1,1,1,6,6,6,1,1,1,6,1,1,6,6,1,1,1,1,1,1,1,1,1,1,1,1,1,1,1,6,1,1,1,1,1,9,1,1,1,1,1,1,1,1,1,1,1,1,1,1,1,1,1,1,1,1,1,1,1,1,1,1,6,1,1,1,1,1,1,1,1,9,1,6,1,1,6,1,1,1,1,1,1,1,1,6,1,1,1,1,1,6,1,1,1,6,1,6,1,1,1,1,1,1,6,1,6,1,6,1,1,9,1,1,1,1,1,6,1,6,1,1,1,1,1,1,1,1,1,6,1,1,1,6,1,1,1,1,1,1,1,1,1,1,1,1,1,1,1,6,1,1,1,6,6,6,1,6,1,6,6,6,1,7,1,1,1,1,1,1,1,1,1,6,1,6,1,6,1,1,1,1,1,1,1,1,1,1,1,6,1,6,6,1,6,1,1,6,6,1,1,6,1,6,1,1,1,1,1,1,6,1,1,1,1,1,6,6,6,6,1,1,6,6,1,9,6,1,1,1,1,1,1,1,6,1,1,1,1,1,1,6,6,6,6,6,6,6,6,6,1,1,6,6,1,1,1,6,1,1,1,1,1,1,1,1,9,9,9,1,1,1,6,1,6,1,1,1,6,1,1,1,1,1,6,1,1,1,1,1,1,1,1,6,1,1,1,6,1,6,6,1,1,1,6,6,6,6,6,6,1,1,1,1,1,1,1,6,1,1,1,6,1,1,6,1,1,1,1,1,1,9,9,1,1,1,1,1,6,6,6,6,6,1,9,1,1,1,6,6,1,1,6,6,1,6,1,1,1,6,1,6,1,1,1,1,1,1,1,1,1,1,6,1,1,1,1,6,1,1,1,6,1,1,1,6,9,6,6,1,1,1,1,1,1,1,1,1,1,1,1,1,1,1,1,1,1,1,1,1,6,1,1,1,1,1,9,9,1,1,1,1,1,1,1,1,1,1,1,1,6,1,1,1,1,1,1,1,1,1,1,1,1,1,1,1,1,1,1,1,1,1,1,1,1,1,1,1,1,1,1,1,1,1,1,1,1,1,1,1,1,9,1,1,1,1,1,1,1,1,1,1,1,1,1,1,1,1,1,1,1,1,1,1,6,1,1
225,21355,MULLIN,200,1,1,1,6,1,6,1,1,1,1,1,6,6,6,6,6,6,6,6,1,6,1,1,1,1,1,1,6,6,1,9,1,1,1,1,6,6,6,6,6,6,6,6,1,6,6,6,6,6,1,1,6,1,1,1,6,1,1,1,1,1,1,6,1,1,1,1,1,1,1,1,1,1,1,1,1,1,1,1,1,1,1,1,1,1,1,1,1,1,1,1,1,1,1,1,1,1,1,1,1,1,1,1,1,6,6,6,6,6,1,6,6,1,1,1,1,6,6,1,1,6,1,6,6,1,1,1,1,1,1,6,1,6,6,1,1,1,1,6,6,6,6,6,6,6,6,1,6,6,6,1,6,6,6,6,6,1,1,1,1,1,1,1,6,6,6,1,1,1,1,1,1,1,1,1,1,1,1,1,1,1,6,1,6,1,1,1,1,1,1,1,1,1,1,1,1,1,1,1,1,1,1,1,6,1,6,9,1,1,1,1,1,1,6,1,1,1,1,1,1,1,1,1,1,1,1,1,1,1,1,1,1,1,1,9,1,1,1,1,1,1,6,1,1,1,1,1,6,1,1,1,1,1,1,1,1,1,1,1,1,1,1,1,1,1,6,1,1,1,1,1,1,1,1,1,1,1,6,6,6,1,6,1,1,1,1,1,1,1,1,1,6,1,1,1,1,1,1,1,1,1,1,1,6,1,1,1,1,1,1,1,1,6,1,1,1,6,1,1,1,1,1,1,1,1,1,1,1,1,1,1,1,1,1,6,1,1,1,1,6,1,6,1,1,1,1,1,1,6,6,1,6,1,1,1,6,6,6,6,6,1,6,6,6,6,1,1,1,1,6,1,1,1,1,1,6,1,1,1,1,1,1,1,6,6,6,6,6,6,1,1,1,1,6,6,6,1,6,6,6,1,1,6,6,1,1,1,1,1,1,1,1,1,1,1,1,6,1,6,6,6,6,6,6,1,1,1,1,6,6,6,1,6,1,1,1,1,1,1,1,1,1,1,1,6,6,1,1,6,6,1,1,1,1,9,1,1,6,6,6,6,1,1,6,6,1,1,1,1,6,1,6,1,6,6,6,1,1,6,1,1,6,1,1,1,1,1,1,6,6,1,6,1,6,6,1,1,6,6,6,6,6,1,6,6,6,6,1,1,1,1,1,6,1,6,1,1,1,6,6,6,6,1,1,6,6,1,1,1,1,1,1,1,6,6,1,1,1,1,6,1,1,1,1,1,1,6,1,1,1,1,6,6,1,6,1,1,1,1,1,1,1,6,1,6,6,1,1,1,9,1,1,1,6,6,6,6,6,1,1,1,1,1,6,6,6,1,1,1,1,1,1,6,6,1,6,1,1,1,1,1,1,1,6,1,1,1,1,1,1,1,6,1,1,1,1,1,1,1,1,1,1,1,1,1,1,1,6,1,1,1,1,1,1,1,1,1,1,1,1,6,1,1,1,6,6,1,1,6,1,1,1,6,1,1,1,1,1,1,1,6,1,1,1,1,1,1,1,1,1,1,1,6,1,1,1,1,1,1,6,1,6,1,1,1,1,1,1,1,6,1,1,1,1,1,1,1,1,1,9,9,9,1,1,1,1,1,1,1,1,1,1,6,6,6,1,1,1,1,1,1,6,6,1,1,1,1,1,1,1,1,1,1,1,1,1,1,1,6,1,1,1,1,1,6,1,1,1,1,1,1,1,1,1,1,1,1,1,1,1,1,1,1,1,1,1,1,1,1,1,1,1,1,1,1,1,1,1,1,1,1,1,6,1,1,6,1,1,1,1,1,1,1,1,6,1,1,1,1,1,6,1,1,1,6,1,6,1,1,1,1,1,1,6,1,6,1,6,1,1,1,1,1,1,1,1,6,1,1,1,1,1,1,6,1,1,1,1,1,1,1,1,6,1,1,1,1,1,1,1,1,1,1,1,1,1,1,1,6,1,1,6,6,1,6,1,6,1,6,1,6,1,1,1,1,1,1,1,1,1,1,1,6,1,6,1,1,9,9,9,1,1,1,1,1,1,1,1,1,6,6,6,1,1,1,1,6,1,6,1,6,1,1,1,1,1,1,1,1,6,1,1,1,1,1,6,6,6,6,1,1,6,6,1,6,1,1,1,1,1,1,1,1,6,1,1,1,1,1,1,6,6,6,6,6,1,6,1,1,1,1,6,6,1,1,1,1,1,1,1,1,1,1,9,9,1,1,1,1,1,1,6,1,6,1,1,1,6,1,1,1,1,1,6,1,1,1,1,1,1,1,1,6,6,1,1,6,1,6,1,1,1,1,6,6,6,6,6,6,1,1,1,1,1,1,1,6,1,1,1,6,1,1,9,1,1,1,1,1,1,1,1,1,1,1,1,1,1,6,1,6,1,1,1,1,1,1,1,6,1,1,1,1,1,6,1,1,1,1,1,6,1,1,1,1,1,1,1,1,1,1,6,1,1,1,1,6,1,1,1,6,1,1,1,6,6,6,6,1,1,1,1,1,1,1,1,1,1,1,1,1,6,1,1,1,1,1,1,1,6,1,1,1,1,1,1,1,1,1,1,1,1,1,1,1,1,1,1,1,1,1,1,1,1,1,1,1,1,1,1,1,1,1,1,6,1,1,1,1,1,1,1,1,1,1,1,1,1,1,1,1,1,1,1,1,1,1,1,1,1,1,1,1,1,1,1,1,1,1,1,1,1,1,1,1,1,1,1,1,1,1,1,1,6,1,1
226,21356,PERRY,200,1,1,1,6,1,6,1,1,1,1,1,6,6,6,6,6,6,6,6,1,6,1,9,9,1,1,6,6,6,1,1,1,6,1,1,6,6,6,6,6,6,6,6,1,6,6,6,6,6,1,1,6,1,1,1,6,1,1,1,1,1,1,6,1,1,1,1,1,1,1,1,1,1,1,1,1,1,1,1,1,1,1,1,1,1,1,1,1,1,1,1,1,1,1,1,1,1,1,1,1,1,1,1,6,6,6,6,6,6,6,6,6,1,1,1,1,6,6,1,1,6,1,6,6,1,1,1,1,1,1,6,1,6,6,1,1,1,1,6,6,6,6,6,6,6,6,1,6,6,6,1,6,6,6,6,6,1,1,1,1,1,1,6,6,6,6,1,1,6,1,1,1,1,9,1,1,1,1,1,1,1,6,1,6,1,1,1,1,9,1,1,1,1,1,1,1,1,1,1,1,1,1,1,6,1,6,1,1,1,1,1,1,1,6,1,1,1,1,1,1,1,1,1,1,1,1,6,1,1,1,1,1,1,1,1,1,1,1,1,1,1,6,1,6,1,1,1,6,1,6,1,1,6,1,1,1,1,1,1,1,1,1,1,1,1,6,6,1,1,1,1,1,1,1,1,1,1,6,6,6,1,6,1,1,1,1,1,1,1,1,1,6,1,1,1,1,1,1,1,1,1,1,6,6,1,1,1,1,1,1,1,1,6,1,9,9,6,1,6,1,6,1,1,1,1,6,1,1,1,1,1,6,6,6,6,1,1,1,1,6,1,6,1,1,1,1,1,1,6,6,1,6,1,1,1,6,6,6,6,6,1,6,6,1,6,1,1,1,1,6,1,1,1,1,1,6,1,1,1,1,1,1,1,6,6,6,6,6,6,1,1,1,1,6,6,6,1,6,6,6,1,1,6,6,1,1,1,1,1,1,1,1,1,1,1,1,6,1,6,6,6,6,6,6,1,1,1,1,6,6,6,6,6,1,1,1,1,1,1,1,1,1,1,1,1,1,1,1,6,1,1,1,1,1,1,1,1,6,6,6,6,1,1,6,6,1,1,1,1,6,1,6,1,6,6,6,1,1,6,1,1,6,1,1,1,9,1,1,6,6,1,1,1,6,6,1,1,1,6,6,6,6,1,6,6,6,1,1,1,1,1,1,6,1,6,1,1,1,6,6,6,6,1,1,6,6,1,1,1,1,1,1,6,6,6,6,1,6,1,6,1,1,1,1,1,1,6,1,1,1,1,6,6,1,6,1,1,1,9,9,9,9,6,1,6,6,1,1,1,6,1,1,1,6,6,6,6,6,1,1,1,1,6,6,6,6,1,1,1,1,9,9,6,6,1,6,1,1,1,1,1,1,1,6,1,1,1,6,1,1,6,6,1,1,1,1,1,6,1,1,1,6,1,6,1,1,6,6,1,1,1,1,1,1,1,1,1,9,1,1,6,1,1,1,6,6,1,1,6,1,6,1,6,1,1,6,1,1,6,1,6,1,1,1,1,1,6,1,6,6,1,1,6,1,1,1,1,1,1,6,1,6,1,1,1,6,1,1,6,6,1,1,1,1,6,1,1,1,1,6,1,6,1,1,1,1,6,6,1,1,1,1,6,6,6,1,1,1,1,1,6,1,6,6,1,1,1,1,1,1,1,6,1,6,1,1,1,1,6,1,1,1,1,1,6,9,1,1,1,1,1,1,1,1,1,1,1,1,6,1,1,1,1,1,1,1,1,1,1,6,1,6,1,1,6,6,1,1,9,1,1,1,6,1,1,6,1,1,1,1,1,1,1,1,6,1,6,1,1,1,6,1,1,1,6,1,6,1,1,1,1,1,1,6,1,6,1,6,1,1,1,1,1,1,1,1,6,1,6,1,6,1,1,6,1,1,1,1,6,1,1,1,6,1,1,1,1,1,1,1,1,1,1,1,1,1,1,1,6,1,1,6,6,1,6,1,6,1,1,1,6,1,1,1,1,1,1,1,1,1,1,1,6,1,6,1,6,1,1,1,1,1,1,9,6,1,1,1,6,1,1,1,1,6,1,1,1,1,1,1,6,6,6,1,1,1,1,1,6,6,1,1,1,1,1,6,6,6,6,1,1,6,6,1,6,1,1,1,1,1,1,1,6,6,1,6,1,1,6,1,6,6,1,6,6,1,6,1,1,1,1,6,6,6,1,1,6,1,1,1,1,1,1,1,1,6,1,6,1,1,1,6,1,6,1,1,1,6,1,1,9,1,1,6,1,1,1,1,1,1,1,1,6,6,1,1,6,1,6,1,1,1,1,6,6,1,6,1,6,1,6,1,1,1,1,1,6,1,1,1,6,1,1,6,1,1,1,1,1,1,1,1,6,1,1,1,1,1,6,6,6,1,1,1,1,1,1,1,6,1,1,1,1,1,6,1,1,1,6,1,6,1,1,9,1,1,1,1,1,1,1,6,1,1,1,1,6,1,1,1,6,1,1,1,6,9,6,6,1,1,1,1,1,1,1,6,1,1,1,1,6,6,1,1,1,1,1,1,1,6,1,1,1,1,1,1,1,1,1,1,1,1,1,1,1,1,1,1,6,6,6,1,1,1,1,1,1,1,1,1,1,6,1,6,1,6,1,1,1,1,1,6,1,1,1,1,1,6,1,6,1,1,1,1,1,1,1,1,1,1,1,1,1,1,1,1,1,1,1,6,6,1,1,1,6,1,1,1,1,1,1,1,1,1,1,6
227,21357,ROTHFUS,200,1,1,1,6,1,6,1,1,1,1,1,6,6,6,6,6,6,6,6,1,6,1,1,1,1,1,1,6,6,1,1,1,1,1,1,6,6,6,6,6,6,6,6,1,6,6,6,6,6,1,1,6,1,1,1,6,1,1,1,1,1,1,6,1,1,1,1,1,1,1,1,1,1,1,1,1,1,1,1,1,1,1,1,1,1,1,1,1,1,1,1,1,1,1,1,1,1,1,1,1,1,1,1,1,6,6,6,6,6,6,6,6,1,1,1,1,6,6,1,1,6,1,6,6,1,1,1,1,1,1,6,1,6,6,1,1,1,1,6,6,6,6,6,6,6,6,1,6,6,6,1,6,6,6,6,6,1,1,1,1,1,1,1,6,6,6,1,1,1,1,1,1,1,1,1,1,1,1,1,1,1,6,1,6,1,1,1,1,1,1,1,1,1,1,1,1,1,1,1,1,1,1,1,6,1,6,1,1,1,1,1,1,1,6,1,1,1,1,1,1,1,1,1,1,1,1,1,1,1,1,1,1,1,1,1,1,1,1,1,1,1,6,1,1,1,1,1,6,1,1,1,1,1,1,1,1,1,1,1,1,1,1,1,1,1,6,1,1,1,1,1,1,1,1,1,1,1,6,6,6,1,6,1,1,1,1,1,1,1,1,1,6,1,1,1,1,1,1,1,1,1,1,1,6,1,1,1,1,1,1,1,1,6,1,1,1,6,1,1,1,1,1,1,1,1,1,1,1,1,1,1,1,1,1,6,1,1,1,1,6,1,6,1,1,1,1,1,1,6,6,1,6,1,1,1,6,6,6,6,6,1,6,6,1,6,1,1,1,1,6,1,1,1,1,1,6,1,1,1,1,1,1,1,6,6,6,6,6,6,1,1,1,1,6,6,6,1,6,6,6,1,1,6,6,1,1,1,1,1,1,1,1,1,1,1,1,6,1,6,6,6,6,6,6,1,1,1,1,6,1,6,6,6,1,1,1,1,1,1,1,1,1,1,1,6,6,1,6,6,6,6,1,6,1,1,1,1,6,6,6,6,1,1,6,6,1,1,6,1,6,1,6,1,6,6,6,1,1,6,6,1,6,1,1,1,1,1,1,6,6,6,1,6,6,6,1,1,1,6,6,6,6,1,6,6,6,6,1,1,1,1,1,6,1,6,1,1,1,6,6,6,6,1,1,6,6,1,1,1,1,1,1,1,6,6,1,1,1,1,6,1,1,1,1,1,1,6,1,1,1,1,6,6,6,6,1,1,1,1,1,1,1,6,1,6,6,1,1,1,1,1,1,1,6,6,6,6,6,1,1,1,1,1,6,6,6,1,1,1,1,1,1,6,6,1,6,1,1,1,1,1,1,1,6,1,1,1,1,1,1,1,6,1,1,1,1,1,6,1,1,1,6,1,1,1,1,1,6,1,1,1,1,1,1,1,1,1,1,1,1,6,1,1,1,6,6,1,1,6,1,1,1,6,1,1,1,1,1,1,1,6,1,1,1,1,1,1,1,1,1,1,1,6,1,1,1,1,1,1,6,1,6,1,1,1,1,1,1,1,6,1,1,1,1,1,1,1,1,1,6,1,1,1,1,1,1,1,1,1,1,1,1,6,6,6,1,1,1,1,1,1,6,6,1,1,1,1,1,1,1,1,1,1,1,9,9,9,9,6,1,1,1,1,1,6,1,1,1,1,1,1,1,1,1,1,1,1,1,1,1,1,1,1,1,1,1,1,1,1,1,1,1,1,1,1,6,1,1,1,1,1,1,6,1,1,6,1,1,1,1,1,1,1,1,6,1,1,1,1,1,6,1,1,1,6,1,6,1,1,1,1,1,1,6,1,6,1,6,1,1,1,1,1,1,1,1,6,1,1,1,1,1,1,6,1,1,1,1,1,1,1,1,6,1,1,1,1,1,1,1,1,1,1,1,1,1,1,1,6,1,1,6,6,1,6,1,6,1,6,1,6,1,1,1,1,1,1,1,1,1,1,1,6,1,6,1,1,1,1,1,1,1,1,1,1,1,1,1,1,1,1,6,1,1,1,1,1,1,1,1,6,6,1,1,1,1,1,1,1,6,1,1,1,1,1,6,6,6,6,1,1,6,6,1,6,1,1,1,1,1,1,1,1,6,1,1,1,1,1,6,6,6,1,6,6,1,6,1,1,1,1,6,6,1,1,1,1,1,1,1,1,1,1,1,1,1,1,1,1,1,1,6,1,6,1,1,1,6,1,1,6,1,1,6,1,1,1,1,1,1,1,1,6,6,1,1,6,1,1,1,1,1,1,6,6,6,6,6,6,1,1,1,1,1,1,1,6,1,1,1,6,1,1,6,1,1,1,1,1,1,1,1,1,1,1,1,1,1,6,6,6,1,1,1,1,1,1,1,6,1,1,1,1,1,6,1,1,1,1,1,6,1,1,1,1,1,1,1,1,1,1,6,1,1,1,1,6,1,1,1,6,1,1,1,6,6,6,6,1,1,1,1,1,1,1,1,1,1,1,1,1,6,1,1,1,1,1,1,1,6,1,1,1,1,1,1,1,1,1,1,1,1,1,1,1,1,1,1,1,1,6,1,1,1,1,1,1,1,1,1,1,1,1,1,1,1,1,1,1,1,1,1,1,1,1,1,1,1,1,1,1,1,1,1,1,1,1,1,1,1,1,1,1,1,1,6,1,1,1,1,1,1,1,1,1,1,1,1,1,1,1,1,1,1,1,1
228,21358,CARTWRIGHT,100,6,6,6,1,6,1,6,6,6,1,6,1,1,1,1,1,1,1,1,6,1,6,1,1,6,6,1,1,1,6,6,6,1,6,6,1,1,1,1,1,1,1,1,6,1,1,1,1,1,6,6,1,6,6,6,1,6,1,1,1,6,6,1,6,1,1,6,6,6,6,9,6,6,6,6,6,6,1,1,6,6,6,6,6,1,1,6,6,6,6,6,6,6,6,6,6,6,6,1,6,1,6,6,1,1,1,1,1,1,1,1,1,6,6,6,6,1,1,6,6,1,6,1,1,6,1,6,6,6,6,6,6,6,6,1,6,6,6,1,1,1,1,1,1,1,1,6,1,1,1,6,1,1,1,1,1,6,1,1,6,6,6,1,1,1,1,6,6,1,1,1,1,1,1,6,6,1,6,6,1,6,1,1,1,6,1,6,6,6,6,6,1,6,1,1,6,6,6,6,6,6,6,6,1,6,1,6,1,1,6,6,6,6,1,1,6,6,6,1,1,1,1,6,6,1,6,9,6,6,1,1,1,1,6,1,1,1,1,6,6,1,1,6,1,6,6,1,1,1,1,6,6,1,1,6,1,1,6,6,6,1,6,6,1,1,1,1,1,1,6,6,1,6,6,6,1,1,1,1,1,6,1,1,1,1,1,6,6,6,6,6,1,1,6,6,6,6,6,1,1,6,6,1,1,6,1,6,1,1,6,6,6,1,6,6,6,1,6,1,6,1,1,1,6,6,1,1,1,1,6,6,1,6,6,1,6,1,6,6,1,1,1,1,1,1,6,6,1,1,1,6,6,6,6,6,6,1,1,1,1,6,1,1,6,1,6,6,6,6,6,6,6,6,6,1,1,1,1,1,1,6,6,1,1,1,1,1,1,1,6,6,6,6,1,1,1,6,1,1,1,6,1,1,1,6,6,6,1,6,6,6,1,6,6,6,6,1,6,1,1,1,1,1,1,6,6,6,6,1,1,1,1,1,6,6,1,1,1,1,1,6,6,1,6,6,6,6,6,1,6,6,6,6,6,6,6,6,1,1,1,1,6,6,1,1,6,6,6,6,1,1,1,6,1,1,1,6,6,1,6,6,1,6,1,6,6,6,6,1,1,6,1,6,1,1,6,1,1,1,1,1,1,6,1,1,1,6,6,6,6,6,6,1,6,1,6,6,6,1,1,1,1,6,6,1,1,6,1,6,1,6,6,1,1,1,6,6,6,1,1,6,6,1,1,6,6,1,6,1,6,6,6,1,6,1,6,1,1,6,6,1,1,1,1,1,1,1,1,1,1,6,6,1,1,1,1,1,1,6,1,6,6,1,1,1,1,6,6,1,1,6,6,1,1,6,1,6,1,6,6,6,6,6,1,6,1,1,1,6,6,1,1,6,1,6,6,1,1,6,1,6,1,1,1,6,6,1,1,6,1,6,6,1,1,1,6,1,6,6,6,1,6,6,6,1,1,6,1,1,6,1,6,1,1,1,1,1,6,6,1,1,6,1,6,6,1,1,1,6,1,1,1,1,1,6,6,6,6,6,1,1,1,6,6,1,1,6,6,1,1,6,1,6,1,1,6,6,6,1,1,6,1,6,6,1,1,6,6,1,1,1,1,6,6,6,6,6,6,6,1,1,6,1,1,1,1,1,6,6,1,1,6,1,1,6,6,6,6,1,1,6,1,1,1,6,6,6,6,6,1,1,1,1,6,6,6,1,1,1,6,6,6,6,6,6,6,6,1,1,1,1,1,6,9,6,1,1,1,6,6,1,1,1,6,6,1,6,1,1,6,6,6,6,6,1,6,1,1,1,1,1,6,6,6,1,6,1,6,6,1,6,6,1,1,6,1,6,1,6,6,9,1,1,6,6,1,1,6,1,6,6,1,9,1,1,1,1,1,1,6,6,6,1,6,6,6,1,1,1,6,6,9,9,9,1,1,6,6,1,6,1,1,6,6,6,6,1,1,6,6,1,1,6,1,1,6,6,6,6,6,6,6,1,6,6,1,1,1,1,1,6,6,6,1,1,1,6,6,1,6,6,6,6,6,6,6,6,6,1,6,1,6,1,1,1,1,6,6,1,1,6,1,6,6,6,6,6,1,1,6,1,1,1,1,1,6,1,1,1,1,6,6,1,1,1,1,6,6,1,6,1,1,6,1,1,6,1,6,6,6,6,1,1,6,1,1,1,6,6,1,1,1,6,6,6,1,1,1,6,6,6,1,6,1,1,6,6,1,6,6,6,6,6,1,1,1,1,6,6,1,6,1,1,6,6,6,1,1,1,6,6,9,6,6,6,1,1,1,1,1,1,1,6,6,6,6,1,6,6,6,1,6,1,1,6,1,1,6,6,1,1,1,1,1,1,6,6,6,1,1,1,6,6,6,6,6,6,6,1,6,6,6,6,6,1,6,6,6,6,6,1,6,1,1,6,6,6,6,6,1,1,1,6,6,6,1,1,1,6,6,1,1,6,6,1,1,1,1,1,1,1,1,1,6,1,1,9,9,6,6,1,1,1,1,1,6,6,6,1,1,6,1,1,1,6,1,6,1,1,6,1,1,1,1,1,1,1,6,6,1,1,1,1,1,1,1,1,1,1,1,1,1,6,1,1,9,1,1,1,1,1,1,1,1,1,1,1,1,1,6,1,1,1,6,6,6,6,1,6,1,1,1,1,1,1,1,1,1,1,1,1,6,1,1,1,1,1,1,1,1,6,1,1,6,6,1
229,21359,RICE,200,1,1,1,6,1,6,1,1,9,1,1,6,6,6,6,6,6,6,6,1,6,1,1,9,1,1,7,6,6,1,1,1,1,1,1,6,6,6,6,6,6,6,6,9,6,6,6,6,6,1,1,6,1,1,1,6,1,1,1,1,1,1,6,1,1,1,1,1,1,1,1,1,1,1,1,1,1,1,1,1,1,1,1,1,1,1,1,1,1,1,1,1,1,1,1,1,1,1,1,1,6,1,1,1,6,6,6,6,6,6,6,6,1,1,1,1,6,6,1,1,6,1,6,6,1,1,1,1,1,1,6,1,6,6,1,1,1,1,6,6,6,6,6,6,6,6,1,6,6,6,1,6,6,6,6,6,1,1,1,1,1,1,6,6,6,6,1,1,1,1,7,1,1,1,1,1,1,1,1,1,1,6,1,6,1,1,1,1,7,1,1,1,1,1,9,1,1,1,1,1,1,1,1,6,1,6,1,1,1,1,1,1,1,6,9,1,1,1,1,1,1,9,1,1,1,1,7,1,1,1,1,1,6,1,1,1,1,1,1,1,1,6,1,7,1,1,1,1,1,1,1,1,7,1,1,1,1,1,1,1,1,1,1,1,1,6,1,1,1,1,1,1,1,1,1,1,1,6,6,6,1,6,1,1,1,1,1,1,1,1,1,6,1,1,1,1,1,1,1,1,1,1,7,6,1,1,1,1,1,1,1,1,6,1,1,1,6,1,1,1,1,1,1,1,1,1,1,1,1,1,1,7,1,1,6,1,1,1,1,6,1,6,1,1,1,1,1,1,6,6,1,6,1,1,1,6,6,6,6,6,1,6,6,1,6,1,1,1,1,1,1,1,1,1,1,6,1,1,1,1,1,9,1,6,6,6,6,6,6,1,1,1,1,6,6,6,1,6,6,6,1,1,6,6,1,1,1,1,1,1,1,1,1,1,6,6,6,1,6,1,1,6,6,1,1,1,1,1,6,6,6,6,6,1,1,1,1,1,1,1,1,1,7,1,6,1,1,1,6,1,1,1,1,1,6,1,1,6,6,6,6,1,1,6,6,1,1,6,6,6,1,6,1,6,6,6,1,1,1,1,1,6,1,1,1,1,1,1,6,6,1,6,1,6,6,1,1,6,6,6,1,6,1,6,1,6,1,1,1,1,1,1,6,1,6,1,1,1,6,6,6,6,1,9,6,6,1,1,1,1,1,1,1,6,6,1,1,1,1,6,1,1,1,1,1,1,6,1,1,1,1,6,6,1,6,1,1,1,1,1,1,1,6,1,1,6,1,1,1,7,1,1,1,6,6,6,6,6,1,1,1,1,7,6,6,6,1,1,1,1,1,1,6,6,1,6,1,1,1,1,1,1,1,6,1,1,1,7,9,1,7,6,1,1,1,1,1,6,1,1,1,1,1,7,1,1,1,6,1,1,1,1,1,1,1,1,1,1,1,1,6,6,1,1,6,6,1,1,6,1,7,1,6,1,1,1,1,1,1,1,9,1,1,1,1,1,1,1,1,6,1,1,6,1,1,9,1,1,1,6,1,6,1,1,1,1,1,1,1,6,1,1,1,1,1,1,1,1,1,6,1,7,1,1,1,1,1,1,1,1,1,1,6,6,6,1,1,1,1,1,6,6,6,1,1,1,1,1,1,1,1,1,1,1,1,1,1,1,6,1,1,1,1,1,6,1,1,1,1,1,1,1,1,1,1,1,1,1,1,1,1,1,1,1,1,1,1,1,1,1,1,6,1,1,1,6,1,1,1,1,1,1,6,1,1,6,1,1,1,1,1,1,1,1,6,1,1,1,1,1,6,1,1,1,6,1,6,9,1,6,1,1,1,6,1,6,1,6,1,1,1,1,1,1,1,1,6,1,1,1,1,1,1,6,1,1,1,1,6,1,1,1,6,1,9,9,1,1,1,1,1,1,1,1,1,6,1,1,6,1,1,6,6,1,6,1,6,1,1,6,6,1,1,1,1,1,1,1,1,1,1,1,6,1,6,1,7,1,1,1,1,1,1,1,1,1,1,1,7,6,6,1,1,6,1,1,6,1,1,1,6,1,1,1,1,1,1,1,1,6,1,1,1,1,1,6,6,6,6,1,1,6,6,1,6,1,1,1,1,1,1,1,1,6,1,1,1,1,6,1,6,6,1,6,6,1,6,1,1,6,1,6,6,1,1,1,1,1,1,1,1,1,1,1,1,1,1,1,1,1,1,6,1,6,1,1,1,6,1,1,1,1,1,6,1,9,9,1,1,1,1,1,6,6,1,1,6,1,6,1,1,1,1,6,6,6,6,6,6,1,1,1,1,1,1,1,6,1,1,1,6,1,1,6,1,1,1,1,1,1,1,1,1,1,1,1,1,1,6,6,6,1,1,1,1,1,1,1,6,1,1,1,1,1,6,1,1,1,1,1,6,1,1,1,1,1,1,1,1,1,1,6,1,1,1,1,6,1,1,9,6,1,1,1,6,6,6,6,1,1,9,9,9,9,9,9,1,1,1,1,1,1,1,1,1,1,1,1,1,6,1,1,7,1,1,1,1,6,6,1,1,1,7,7,1,1,1,1,1,1,1,1,1,1,1,1,1,1,1,1,1,6,1,6,6,1,1,1,1,1,1,1,1,1,1,6,1,1,1,1,1,1,1,1,1,1,1,1,1,6,1,1,1,1,1,1,1,1,1,1,1,1,1,1,1,1,1,1,1,1,1,1,7,1,1,1
230,21360,WEBER,200,1,1,1,6,1,6,1,1,1,1,1,6,6,6,6,6,6,6,6,1,6,1,1,1,1,1,6,6,6,1,1,1,1,1,1,6,6,6,6,6,6,6,6,1,6,6,6,6,6,1,1,6,1,1,1,6,1,1,1,1,1,1,6,1,1,1,1,1,1,1,1,1,1,1,1,1,1,1,1,1,1,1,1,1,1,1,1,1,1,1,1,1,1,1,1,1,1,1,1,1,6,1,1,6,6,6,6,6,6,6,6,6,1,1,1,1,6,6,1,1,6,1,6,6,1,1,1,1,1,1,6,1,6,6,1,6,1,1,6,6,6,6,6,6,6,6,1,6,6,6,1,6,6,6,6,6,1,1,1,1,1,1,6,6,6,6,1,1,1,1,6,1,1,1,1,1,1,1,1,1,1,6,1,6,1,1,1,1,6,1,1,1,6,1,1,1,1,1,1,1,1,1,1,6,1,6,1,1,1,1,1,1,1,6,1,1,1,1,1,1,1,1,1,1,1,1,6,1,1,1,1,1,6,1,1,1,1,1,1,1,1,6,1,6,1,1,1,6,1,6,1,1,1,1,1,1,1,1,1,1,1,1,1,1,1,6,1,1,1,1,1,1,1,1,1,1,1,6,6,6,1,6,1,1,1,1,1,1,1,1,1,6,1,1,1,1,1,1,1,1,9,9,9,9,9,9,9,9,9,9,9,9,9,9,1,1,6,1,6,1,1,1,1,1,1,6,1,1,1,1,1,6,1,6,6,1,1,1,1,6,1,6,1,1,6,1,1,1,6,6,1,6,1,1,1,6,6,6,6,6,1,6,6,6,6,1,1,1,1,6,1,1,1,1,1,6,1,1,1,1,1,1,1,6,6,6,6,6,6,1,1,1,1,6,6,6,1,6,6,6,1,1,6,6,1,1,1,1,1,1,1,1,1,1,1,1,6,1,6,6,6,6,6,1,1,1,1,1,6,6,6,6,6,1,1,1,1,1,1,1,1,1,6,1,1,1,1,1,6,1,1,1,1,1,1,1,1,6,6,6,6,1,1,6,6,1,1,6,1,6,1,6,1,6,6,6,1,1,1,1,1,6,1,1,1,1,1,1,6,6,1,6,1,6,6,1,1,6,6,6,6,6,6,6,6,1,1,1,1,1,1,1,6,1,6,1,1,1,6,6,6,6,1,1,6,6,1,1,1,1,1,1,6,6,6,1,1,1,1,6,1,1,1,1,1,1,6,1,1,1,1,6,6,1,6,1,1,1,1,1,1,1,6,1,1,6,1,1,1,6,1,1,1,6,6,6,6,6,1,1,1,1,6,6,6,6,1,1,1,1,1,1,6,6,1,6,1,1,1,1,1,1,1,6,1,1,1,6,1,1,6,6,1,1,1,1,1,6,1,1,1,6,1,6,1,1,6,6,1,1,1,1,1,1,1,1,1,1,1,1,6,1,1,1,6,6,1,1,6,1,6,1,6,1,1,6,1,1,1,1,6,1,1,1,1,1,6,1,1,1,1,1,6,1,1,1,1,1,1,6,1,6,1,1,1,6,1,1,1,6,1,1,1,1,1,1,1,1,1,6,1,6,1,1,1,1,1,1,1,1,1,1,6,6,6,1,1,1,1,1,1,1,6,6,1,1,1,1,1,1,1,1,1,1,1,1,1,1,6,1,1,1,1,1,6,1,1,1,1,1,1,1,1,1,1,1,1,1,6,1,1,1,1,1,1,1,1,1,1,6,1,1,1,1,1,1,1,1,1,1,1,1,6,1,1,6,1,1,1,1,1,1,1,1,6,1,6,1,1,1,6,1,1,1,6,1,6,1,1,1,1,1,1,6,1,6,1,6,1,1,1,1,1,1,1,1,6,1,6,1,6,1,1,6,1,1,1,1,1,1,1,1,6,1,1,1,1,1,9,1,1,1,1,1,1,1,1,1,6,1,1,6,6,1,6,1,6,1,1,1,6,1,1,1,1,1,1,1,1,1,1,1,6,1,6,1,6,1,1,1,1,1,1,1,1,1,1,1,1,6,6,6,1,6,1,1,6,6,1,1,6,1,1,1,1,1,1,1,6,6,1,1,1,1,1,6,6,6,6,1,1,6,6,1,6,9,9,1,1,1,1,1,1,6,1,1,1,1,6,1,6,6,6,6,6,1,6,1,1,1,1,6,6,1,1,1,6,1,1,1,1,1,1,1,1,1,1,6,1,1,1,6,1,6,1,1,1,6,1,1,1,1,1,6,1,1,1,1,1,1,1,1,6,6,1,1,6,1,1,1,1,1,1,6,6,1,6,6,6,1,9,9,9,9,9,1,6,6,1,1,6,1,1,6,1,1,1,1,1,1,1,1,1,1,1,1,1,1,6,6,6,6,1,1,1,1,1,1,6,1,1,1,1,1,6,1,1,1,1,1,6,1,1,1,1,1,1,1,1,1,1,6,1,1,1,1,6,1,1,1,6,1,1,1,6,6,6,6,1,1,1,1,1,1,1,1,1,1,1,1,1,1,1,1,1,1,1,1,1,6,1,1,1,1,1,1,1,1,1,1,1,1,1,1,1,1,1,1,1,1,1,1,1,1,1,1,1,1,1,1,1,6,1,1,6,1,1,1,1,1,1,1,1,1,1,1,1,1,6,1,1,1,1,1,1,1,1,1,1,1,1,1,1,1,1,1,1,1,1,1,1,1,1,1,1,1,1,1,1,1,1,1,1,1,1,1
231,21361,O'ROURKE,100,6,6,6,1,6,1,6,6,6,6,6,9,1,1,1,1,1,1,1,6,1,6,1,1,6,6,1,1,1,1,6,6,1,6,6,1,1,1,1,1,1,1,1,6,1,1,1,1,1,6,6,1,6,6,6,1,6,6,1,1,6,6,1,6,1,1,6,6,6,6,6,6,6,6,6,6,6,1,1,6,6,6,6,6,1,1,6,6,6,6,1,6,6,6,6,6,6,6,1,6,1,6,6,1,1,1,1,1,1,1,1,1,6,9,9,6,9,1,6,6,1,1,1,1,6,1,6,6,6,6,6,6,9,6,1,6,6,6,1,1,1,1,1,1,1,1,6,1,1,1,6,1,1,1,1,1,6,1,1,6,6,6,1,1,6,1,1,6,1,1,1,1,1,1,6,6,1,6,6,1,6,1,1,1,6,1,6,6,1,6,6,1,1,1,1,6,6,6,6,6,6,6,6,1,6,1,6,1,1,6,6,6,6,1,1,6,6,6,1,1,1,1,6,6,1,1,1,6,6,1,1,1,1,6,1,1,1,1,6,6,1,1,6,1,6,6,1,1,1,1,6,6,1,1,6,1,1,6,6,6,1,6,6,1,1,1,6,1,1,6,6,1,6,6,6,1,1,1,1,1,6,1,1,1,1,1,6,6,6,6,6,1,1,6,6,6,6,6,1,1,6,6,1,1,6,1,1,1,1,6,6,6,1,1,6,6,1,6,1,1,1,1,1,6,6,1,1,1,1,6,6,1,6,6,1,6,1,6,6,1,6,1,6,1,1,6,6,1,1,1,6,6,6,6,6,6,6,1,1,1,6,1,1,1,1,6,6,6,6,6,6,6,6,6,1,1,1,1,1,1,6,6,1,1,1,1,1,1,1,6,6,6,6,1,1,1,6,1,1,1,6,1,1,1,6,6,6,1,6,6,6,1,6,6,6,6,1,6,1,1,1,1,1,1,6,6,6,6,1,1,1,1,1,6,6,6,1,1,1,1,6,6,1,6,6,6,6,6,1,6,6,6,6,6,6,6,6,1,1,1,1,6,6,1,1,6,6,6,6,1,6,1,6,1,1,1,6,6,1,6,6,1,6,1,6,6,6,6,1,1,6,1,6,1,1,6,6,1,1,1,1,1,1,1,1,1,6,6,6,6,6,6,1,6,1,6,6,6,1,1,1,1,6,6,1,1,6,1,6,1,6,6,1,1,1,6,6,6,1,1,6,6,1,1,6,6,1,6,1,6,6,6,6,6,1,6,1,1,6,6,1,1,1,1,1,1,1,1,1,1,6,6,1,1,1,1,1,1,6,1,6,6,1,1,1,1,6,6,1,1,6,6,1,1,6,1,6,1,6,6,6,6,1,1,6,1,1,1,6,6,1,1,6,1,6,6,1,1,6,1,6,9,9,9,6,6,1,1,6,1,6,6,1,1,1,6,1,1,6,6,1,6,6,6,1,1,6,1,1,6,1,6,1,1,1,1,1,6,6,1,1,6,1,6,6,1,1,1,6,1,1,1,1,6,6,6,6,6,6,1,1,1,6,9,9,9,6,6,1,1,6,1,6,1,1,6,6,6,1,1,6,1,6,6,1,1,6,1,1,1,1,1,6,6,6,6,6,6,6,1,1,1,1,6,1,1,1,6,6,1,1,6,1,1,6,6,6,6,1,6,6,1,1,6,6,1,6,6,6,1,6,1,1,6,6,1,1,9,9,6,6,6,6,6,6,6,6,1,1,1,6,1,1,6,6,1,9,9,6,6,1,1,1,1,6,1,6,1,1,6,6,6,6,6,1,6,6,1,1,1,1,6,6,6,1,6,1,6,1,1,6,6,1,1,6,1,6,1,1,6,6,1,1,6,6,1,1,1,1,6,6,1,1,1,9,9,1,1,1,6,6,6,1,6,6,1,1,1,1,6,6,1,1,1,1,1,6,6,1,6,1,1,6,6,1,6,1,1,6,6,1,1,6,1,1,6,6,6,6,6,6,6,1,6,1,6,9,9,9,9,6,6,6,1,1,1,6,6,1,6,6,6,6,6,6,6,6,6,1,6,1,6,9,9,9,9,9,9,9,1,1,1,6,6,6,6,1,1,1,6,1,1,1,1,1,6,1,9,9,9,6,6,1,1,1,1,6,6,1,6,1,1,6,1,1,6,1,6,6,6,6,1,1,1,1,1,1,6,6,1,1,9,9,9,9,1,1,1,6,6,6,1,1,1,1,6,9,1,6,6,6,6,6,1,9,9,9,6,6,1,1,1,1,6,6,6,1,1,6,1,6,6,6,6,6,1,1,6,1,1,1,1,6,6,6,6,1,6,6,6,1,6,6,1,6,9,9,6,6,1,1,1,1,6,1,6,6,6,1,1,1,6,6,6,6,6,6,6,1,6,6,6,6,6,1,6,6,6,6,6,1,6,1,1,6,6,6,6,6,1,1,1,6,1,6,1,9,9,6,6,1,1,6,6,1,1,1,1,1,6,9,9,9,6,1,1,9,9,6,6,1,1,6,1,1,6,6,6,1,1,6,1,1,1,6,1,6,1,1,6,1,1,1,1,1,1,1,6,6,1,1,1,1,1,1,1,1,1,1,1,1,1,6,1,1,1,1,1,1,1,1,1,1,1,1,1,1,1,1,1,1,1,1,9,6,6,6,1,6,1,1,1,1,1,1,1,1,1,1,9,1,1,1,1,1,1,1,1,1,1,6,1,1,6,6,1
232,21362,CASTRO,100,6,6,6,1,6,1,6,6,6,6,6,1,1,1,1,1,1,1,1,6,1,6,1,1,6,6,6,1,1,1,6,6,1,6,6,1,1,1,1,1,1,1,1,6,1,1,1,1,1,6,6,1,6,6,6,1,6,6,1,1,6,6,1,6,1,1,6,6,6,6,6,6,6,6,6,6,6,1,1,6,6,6,6,6,1,1,6,6,6,6,1,6,6,6,6,6,6,6,1,6,1,6,6,1,1,1,1,1,1,1,1,1,6,6,6,6,1,1,6,6,1,6,1,1,6,1,6,6,6,6,1,6,9,1,1,1,6,6,1,1,1,1,1,1,1,1,6,1,1,1,6,1,9,9,1,1,6,1,1,6,6,6,1,1,1,1,1,6,1,1,1,1,1,1,6,6,1,6,6,1,6,1,1,1,6,1,6,6,1,6,6,1,1,1,9,6,6,6,6,6,6,6,6,1,6,1,6,1,1,6,6,6,6,1,6,6,6,6,1,1,1,1,6,6,1,1,1,6,6,1,1,1,1,6,1,1,1,1,6,6,1,1,6,1,6,6,1,6,1,1,6,6,1,1,6,1,1,6,6,6,1,6,6,6,1,1,6,1,1,6,6,1,6,6,6,1,1,1,1,1,6,1,6,1,1,1,6,6,6,6,6,1,6,6,6,6,6,6,1,1,6,6,1,1,6,1,6,1,1,6,6,6,1,6,6,6,9,6,1,6,1,1,1,6,6,1,1,1,1,6,6,1,6,6,1,6,1,6,6,1,6,1,6,1,1,6,6,1,1,1,6,1,6,6,6,6,1,1,1,1,6,1,1,1,1,6,6,6,6,6,6,6,6,6,1,1,1,1,1,1,6,6,1,1,1,1,1,1,1,6,6,6,6,1,1,1,6,1,1,1,6,6,1,1,6,6,6,1,6,6,6,1,6,6,6,6,1,6,1,1,1,1,1,1,6,6,6,6,1,1,1,1,1,6,6,1,1,1,1,1,6,6,1,6,6,6,6,6,1,6,6,6,6,6,6,6,6,1,1,1,1,6,6,1,1,6,6,6,6,1,6,1,6,1,1,1,6,6,1,6,6,1,6,1,6,6,6,6,1,1,6,1,6,1,1,6,6,1,1,1,1,1,6,1,1,1,6,6,6,6,6,6,1,6,1,6,6,6,1,1,1,1,6,6,1,1,6,1,6,1,6,6,1,1,1,6,6,6,1,1,6,6,1,1,6,6,1,6,1,6,6,6,1,6,1,6,1,1,6,6,1,1,1,1,1,1,1,1,1,1,6,6,1,1,1,1,1,1,6,1,6,6,1,1,9,1,6,6,1,1,6,6,1,1,6,1,6,1,6,6,6,6,1,1,6,1,1,1,6,6,1,1,6,6,6,6,1,1,6,1,6,1,1,1,6,6,1,1,6,1,6,6,1,1,1,6,1,6,6,6,1,6,6,6,1,1,6,1,1,6,1,6,1,1,1,6,7,6,6,1,1,6,1,6,6,1,1,1,6,1,1,1,1,6,6,6,6,6,6,1,6,1,6,6,1,1,6,6,1,1,6,1,6,1,1,6,6,6,1,1,6,1,6,6,1,1,6,1,1,1,1,1,1,1,1,6,6,6,6,1,1,6,1,6,1,1,1,6,6,1,1,6,1,9,6,6,6,6,1,6,6,1,7,6,6,6,6,6,6,1,6,1,9,6,6,6,1,1,1,6,6,6,6,6,6,6,6,1,1,1,6,1,6,6,6,6,1,1,6,6,1,1,1,6,6,1,6,1,1,6,6,6,6,6,1,6,1,1,1,1,1,6,6,6,1,6,1,6,6,1,6,6,1,1,6,1,6,1,6,6,6,1,1,6,6,1,1,1,1,6,6,1,1,6,1,1,1,1,1,6,6,6,1,6,6,6,1,1,1,6,6,1,1,1,1,1,6,6,1,6,1,1,6,6,1,6,1,1,6,6,1,1,6,1,1,6,6,6,6,6,6,6,1,6,1,6,1,1,1,1,6,6,6,1,1,1,6,6,1,6,6,6,6,6,6,6,6,6,1,6,1,6,9,1,1,1,6,6,1,1,6,1,6,6,6,6,6,1,1,6,1,1,1,1,1,6,1,1,1,1,6,6,1,1,1,1,6,6,1,6,1,1,6,1,1,6,1,6,6,6,6,1,1,6,1,1,1,6,6,1,1,1,6,6,6,1,1,6,6,6,6,1,6,1,1,6,6,1,6,6,6,6,6,1,1,1,1,6,6,1,1,1,1,6,6,6,1,1,1,6,6,6,6,6,6,1,1,6,1,1,1,1,6,6,6,6,1,6,6,6,1,6,6,1,6,1,1,6,6,1,1,1,1,6,1,6,6,6,1,1,1,6,6,6,6,6,6,6,1,6,6,6,6,6,1,6,6,6,6,6,1,6,1,1,6,6,6,6,6,1,1,1,6,6,6,1,1,6,6,6,1,1,6,6,1,1,1,1,1,6,1,1,1,6,1,1,9,9,6,6,1,1,6,1,1,6,6,6,6,1,6,9,1,1,6,1,6,1,1,6,1,1,1,1,1,1,1,6,6,1,1,1,1,1,1,1,1,1,1,1,1,1,6,1,1,1,1,1,1,1,1,1,1,1,1,1,1,1,1,6,1,1,1,6,6,6,6,1,6,1,1,1,1,1,1,1,1,1,1,1,1,6,1,1,1,1,1,1,1,1,6,1,1,6,6,1
233,21364,WILLIAMS,200,1,1,1,6,1,6,1,1,1,1,1,6,6,6,6,6,6,6,6,1,6,1,1,1,1,1,1,6,6,1,1,1,1,1,1,6,6,6,6,6,6,6,6,1,6,6,6,6,6,1,1,6,1,1,1,6,1,1,1,1,1,1,6,1,1,1,1,1,1,1,1,1,1,1,1,1,1,1,1,1,1,1,1,1,1,1,1,1,1,1,1,1,1,1,1,1,1,1,1,1,1,1,1,6,6,6,6,6,6,6,6,6,1,1,1,1,6,6,1,1,6,1,6,6,1,1,1,1,1,1,6,1,6,6,1,1,1,1,6,6,6,6,6,6,6,6,1,6,6,6,1,6,6,6,6,6,1,1,1,1,1,1,1,6,6,6,1,1,1,1,1,1,1,1,1,1,1,1,1,1,1,6,1,6,1,1,1,1,1,1,1,1,1,1,1,1,1,1,1,1,1,1,1,6,1,6,1,1,1,1,1,1,1,6,1,1,1,9,9,1,1,1,1,1,1,1,1,1,1,1,1,1,1,1,1,1,1,1,1,1,1,6,1,1,1,1,1,6,1,1,1,1,1,1,1,1,1,1,1,1,1,1,1,1,1,6,1,1,1,1,1,1,1,1,1,1,1,6,6,6,1,6,1,1,1,1,1,1,1,1,1,6,1,1,1,1,1,1,1,1,1,1,1,6,1,1,1,1,1,1,1,1,6,1,1,1,6,1,1,1,1,1,1,1,1,1,1,1,1,1,1,1,1,1,6,1,1,1,1,6,1,6,1,1,1,1,1,1,6,6,1,6,1,1,1,6,6,6,6,6,1,6,6,1,6,1,1,1,1,6,1,1,1,1,1,6,1,1,1,1,1,1,1,6,6,6,6,6,6,1,1,1,1,6,6,6,1,6,6,6,1,1,6,6,1,9,9,9,1,1,1,1,1,1,1,1,6,1,6,6,6,6,6,6,1,1,1,1,6,6,6,6,6,1,1,1,1,1,1,1,1,1,1,1,6,1,1,1,1,1,1,1,6,1,1,1,1,6,6,6,6,1,1,6,6,1,1,1,1,6,1,6,1,6,6,6,1,1,1,1,1,6,1,1,1,1,1,1,6,6,1,6,1,6,6,1,1,6,6,6,6,6,6,6,6,6,1,6,1,1,1,1,6,1,6,1,1,1,6,6,6,6,1,1,1,6,1,1,1,1,1,1,1,6,6,1,1,1,1,6,1,1,1,1,1,1,6,1,1,1,1,6,6,1,6,1,1,1,1,1,1,1,6,1,6,6,1,9,9,9,1,1,1,6,6,6,6,6,1,1,1,1,1,6,6,6,1,1,1,1,1,1,6,6,1,6,1,1,1,1,1,1,1,6,9,1,1,1,1,1,1,6,1,1,1,1,1,6,1,1,1,1,1,1,1,1,1,6,1,1,1,1,1,1,1,1,1,1,1,1,6,1,1,1,6,6,1,1,6,1,1,1,6,1,1,1,1,1,1,1,6,1,1,1,1,1,1,1,1,1,1,1,6,1,1,1,1,1,1,6,1,6,1,1,1,6,1,1,1,6,1,1,1,1,1,1,1,1,1,6,1,1,1,1,1,1,1,1,1,1,1,1,6,6,6,1,1,1,1,1,1,6,6,6,1,1,1,1,1,1,1,1,1,1,1,1,1,1,6,1,1,1,1,1,6,1,1,1,1,1,1,1,1,1,1,1,1,1,1,1,1,1,1,1,1,1,1,1,1,1,1,1,1,1,1,1,1,1,1,1,1,1,6,1,1,6,1,1,1,1,1,1,1,1,6,1,6,6,1,1,6,1,1,1,6,1,6,1,1,1,1,1,1,6,1,6,1,6,1,1,1,1,1,1,1,1,6,1,1,1,1,1,1,6,1,1,1,1,1,1,1,1,6,1,1,1,1,1,1,1,1,1,1,1,1,1,1,1,6,1,1,6,6,1,6,1,6,1,1,1,6,1,1,1,1,1,1,1,1,1,1,1,6,1,6,1,1,1,1,1,1,1,1,1,1,1,1,1,1,1,6,1,1,1,1,1,6,6,1,1,6,1,1,1,1,1,1,1,9,6,1,1,1,1,1,6,6,6,6,1,1,6,6,1,6,1,1,1,1,1,1,1,1,6,1,1,1,1,1,1,6,6,1,6,6,6,6,1,1,1,1,6,6,1,1,1,1,1,1,1,1,1,1,1,6,1,1,1,1,1,1,6,1,6,1,1,1,6,1,1,1,1,1,6,1,1,1,1,1,1,1,1,6,6,1,1,6,1,6,1,1,1,1,6,6,1,6,6,6,1,1,1,1,1,1,1,6,1,1,1,6,1,1,6,1,1,1,1,1,1,1,1,1,1,1,1,1,1,6,6,6,6,1,1,1,1,1,1,6,1,1,1,1,1,6,1,1,1,1,1,6,1,1,1,1,1,1,1,1,6,1,6,1,1,1,1,6,1,1,1,6,1,1,1,6,6,6,6,1,1,1,1,1,1,1,1,1,1,1,1,1,1,1,1,1,1,1,1,1,9,9,9,1,1,1,9,9,1,1,1,6,1,1,1,1,1,1,1,1,1,1,1,1,9,1,1,1,1,1,1,1,1,1,1,1,1,1,1,1,1,1,1,1,1,1,1,1,1,1,1,1,1,1,1,1,1,1,1,1,1,1,1,1,1,1,1,1,1,1,1,1,1,1,1,1,1,1,1,1,1,1,1,1,1,1,6
234,21365,VEASEY,100,6,6,6,1,6,1,6,6,6,1,6,1,1,1,1,1,1,1,1,6,1,6,1,1,6,6,6,1,1,1,6,6,1,6,6,1,1,1,1,1,1,1,1,6,1,1,1,1,1,6,6,1,6,6,6,1,6,6,1,1,6,9,1,6,1,1,6,6,6,6,6,6,6,6,6,6,6,1,1,6,6,6,6,6,1,1,6,6,6,6,1,6,6,6,6,6,6,6,1,6,1,6,6,1,1,1,1,1,1,1,1,1,6,6,6,6,1,1,6,6,1,6,1,1,6,1,6,6,6,6,1,6,1,1,1,6,6,6,1,1,1,1,1,1,1,1,6,1,1,1,6,1,1,1,1,1,6,1,1,6,6,6,6,1,1,1,6,6,1,1,6,1,1,1,6,6,1,6,6,1,6,1,1,1,6,1,6,6,6,6,6,1,6,1,1,6,6,6,6,6,6,6,6,1,6,1,6,1,1,6,6,6,6,1,1,6,6,6,1,1,1,1,6,6,1,1,1,6,6,1,1,1,6,6,1,1,1,1,6,6,1,1,6,6,6,6,1,1,1,6,6,6,6,1,6,1,1,6,6,6,1,6,6,6,1,1,6,1,1,6,6,1,6,6,6,1,1,1,1,1,6,1,6,1,1,1,6,6,6,6,6,1,1,6,6,6,6,6,1,1,6,6,6,1,6,1,6,1,1,6,6,6,1,6,6,6,1,6,1,6,1,1,1,6,6,6,1,1,1,6,6,6,6,6,1,6,1,6,6,1,6,1,6,1,1,6,6,1,1,1,6,6,6,6,6,6,6,1,1,1,6,1,6,6,1,6,6,6,6,6,6,6,6,6,1,1,1,1,1,1,6,6,1,1,1,1,6,1,1,6,6,6,6,6,6,1,1,6,1,1,6,6,1,6,1,6,6,1,6,6,6,1,6,6,6,6,1,6,6,1,6,1,1,1,6,6,6,6,1,1,1,1,1,6,6,1,1,1,1,1,6,6,6,6,6,6,6,6,1,6,6,6,6,6,6,6,6,1,1,1,1,6,6,1,1,6,6,6,6,1,6,1,6,1,1,1,6,6,1,6,6,1,6,1,6,6,6,6,1,1,6,1,6,1,1,6,6,1,1,1,1,1,6,1,1,1,6,6,6,6,6,6,1,6,1,6,6,6,1,1,1,1,6,6,1,1,6,1,6,1,6,6,6,1,1,6,6,6,1,1,6,6,1,1,6,6,1,6,1,6,6,6,1,6,1,6,1,1,6,6,1,1,1,1,1,1,1,1,1,6,6,6,1,1,1,1,1,1,6,1,6,6,6,1,1,1,6,6,1,9,6,6,1,1,6,1,6,1,6,6,6,6,1,1,6,1,1,6,6,6,6,1,6,1,6,6,1,1,1,1,6,1,1,6,6,6,6,1,6,1,6,6,1,1,1,6,1,1,6,6,1,6,6,6,1,1,6,1,1,6,6,6,1,1,1,6,7,6,6,1,1,6,1,6,6,1,6,1,6,1,1,1,1,6,6,6,6,6,6,1,1,1,6,6,1,1,6,6,1,1,6,1,1,1,6,6,6,6,1,1,6,6,6,6,1,6,6,1,1,1,1,1,6,6,6,6,6,6,6,1,6,1,1,1,1,1,1,6,6,1,1,6,1,6,6,6,6,6,1,6,6,1,7,6,6,6,6,6,6,1,6,1,1,6,6,1,1,1,1,6,6,6,6,6,6,6,6,1,1,6,6,6,6,6,6,6,1,1,6,6,1,1,1,1,6,1,6,1,1,6,6,6,6,6,1,1,1,1,9,9,9,9,6,6,1,6,1,6,1,1,6,6,1,1,6,1,6,1,1,6,6,1,1,6,6,1,1,1,6,6,6,1,1,6,1,1,1,1,6,6,6,1,1,6,6,1,1,1,1,6,6,1,1,1,1,1,6,6,1,6,1,1,6,6,6,6,1,1,6,6,1,1,6,1,1,6,6,6,6,6,6,6,1,6,1,1,6,1,1,1,6,6,6,1,1,1,6,6,6,1,6,6,6,6,6,6,6,6,1,1,1,6,6,1,1,1,6,6,6,1,1,1,1,6,6,6,6,1,1,6,1,1,1,1,1,6,1,1,1,1,6,6,6,1,1,1,6,6,6,6,1,1,6,1,1,6,1,6,6,6,6,1,1,6,1,1,6,6,6,1,1,6,6,6,6,1,1,6,6,6,6,1,6,1,1,6,6,1,6,6,6,6,6,9,9,1,1,6,6,1,1,1,1,6,6,6,1,1,1,6,6,6,6,6,6,1,1,1,1,1,1,1,6,6,6,6,1,1,9,6,1,6,1,1,6,1,1,6,6,1,1,1,1,6,1,6,6,6,1,1,1,6,6,6,6,6,6,6,1,6,6,6,6,6,1,6,6,6,6,6,1,6,1,1,6,6,6,6,1,1,1,1,6,6,6,1,1,6,6,6,1,1,6,6,1,1,1,1,1,6,1,1,1,6,1,1,1,1,6,6,1,1,6,1,6,6,6,6,6,1,6,1,1,1,6,1,6,1,1,6,1,1,1,1,1,1,1,6,6,6,1,1,1,1,1,1,1,1,1,1,1,1,6,1,1,1,1,1,1,1,1,1,1,1,1,1,1,1,1,6,1,1,1,6,6,6,6,1,6,1,1,1,9,1,1,1,1,1,1,1,1,6,1,1,1,1,1,1,1,1,6,1,1,6,6,1
235,21366,VELA,100,6,6,6,1,6,1,6,6,6,1,6,1,1,1,1,1,1,1,1,6,1,6,1,1,6,6,1,1,1,1,6,6,1,6,1,1,1,1,1,1,1,1,1,6,1,1,1,1,1,6,6,1,6,6,6,1,6,6,1,1,6,6,1,6,1,1,6,6,6,6,1,6,6,6,6,6,6,1,1,6,6,6,6,6,1,1,6,6,6,6,1,6,6,6,6,6,1,6,1,6,1,6,6,1,1,1,1,1,1,1,1,1,6,6,6,6,1,1,6,1,1,1,1,1,6,1,6,6,6,6,1,6,9,1,9,1,6,6,1,1,1,1,1,1,1,1,6,1,1,1,6,1,1,1,1,1,6,1,1,6,6,6,1,1,1,1,6,1,1,1,1,1,1,1,6,6,1,6,6,1,6,1,1,1,6,1,6,6,1,6,6,1,1,1,1,6,6,6,6,6,6,6,6,1,6,1,6,1,1,6,6,6,6,1,1,6,6,6,1,1,1,1,6,6,1,1,1,6,6,1,1,1,6,6,6,1,1,1,6,6,1,1,6,6,6,6,1,6,1,6,6,6,6,1,6,1,1,6,6,6,1,6,6,1,1,6,1,1,1,6,6,1,6,6,6,1,1,1,1,1,1,1,1,1,1,1,6,6,6,6,6,6,1,6,6,6,6,6,1,1,6,6,6,1,6,1,9,1,1,6,6,6,1,1,6,6,1,6,1,1,1,1,1,6,9,6,1,1,1,6,6,6,6,6,1,6,1,6,6,1,6,1,6,1,1,6,6,1,1,1,6,6,6,6,1,6,1,6,6,1,6,1,1,6,1,1,6,6,6,6,6,6,1,6,1,1,6,1,1,1,6,6,1,1,1,1,1,1,1,6,6,6,6,6,6,1,1,6,1,1,1,1,1,1,1,6,6,1,6,6,6,1,6,6,6,6,1,6,1,1,1,1,1,1,6,6,6,6,1,1,1,1,1,6,6,1,1,1,6,1,6,6,6,6,6,6,6,6,1,6,6,6,6,6,1,6,6,1,1,1,6,6,6,1,1,6,1,6,6,1,6,1,6,1,1,1,6,6,1,1,1,6,6,1,6,6,6,6,1,1,6,1,6,1,1,6,6,1,1,1,1,1,1,1,1,1,1,6,6,6,6,6,1,6,1,6,6,6,1,1,9,1,6,6,1,1,6,9,6,1,6,6,6,1,1,6,6,6,1,1,1,6,1,1,6,6,1,6,1,6,6,1,1,6,1,6,1,1,6,6,1,1,1,1,1,1,1,1,1,1,6,6,1,1,1,1,1,1,6,1,6,6,1,1,1,1,6,6,1,1,6,6,1,1,6,1,6,1,6,6,6,6,1,1,6,1,1,1,6,6,1,1,6,1,6,6,1,1,1,1,6,1,1,1,6,6,6,1,6,1,6,6,1,1,1,6,1,1,6,6,1,6,6,6,1,1,6,1,1,6,6,6,1,9,1,1,6,6,6,1,1,6,1,6,6,1,6,1,6,1,1,1,1,1,6,6,6,6,1,1,6,1,6,6,1,1,6,6,1,1,6,1,1,1,9,6,6,6,1,1,6,6,6,6,1,6,6,1,1,1,1,1,6,6,6,6,6,6,1,1,6,1,1,6,1,9,9,9,9,9,9,9,9,9,6,6,6,6,1,6,6,1,6,6,6,6,6,6,6,1,6,1,1,6,6,6,1,1,1,6,6,6,1,6,6,6,1,1,1,6,1,1,1,6,6,1,1,1,6,6,1,1,1,1,6,1,6,1,1,6,6,6,6,6,1,6,1,1,9,9,1,1,6,6,1,6,1,6,6,1,6,6,1,1,1,1,6,1,1,6,6,1,1,6,9,1,1,6,6,6,6,1,1,6,1,9,1,1,6,6,6,1,1,6,6,1,1,1,1,6,6,1,1,1,1,1,6,6,1,6,1,1,6,6,1,6,1,1,6,6,1,1,9,1,1,6,6,1,6,6,6,6,1,6,6,1,6,1,1,1,6,6,6,1,1,1,6,6,6,6,6,6,6,6,1,6,6,6,1,1,1,6,1,1,1,1,6,6,1,1,6,1,1,6,6,6,6,1,1,6,1,6,6,1,1,6,1,9,9,9,6,6,1,1,1,1,6,6,6,6,1,1,6,1,1,6,1,6,6,6,6,1,1,1,1,1,1,6,6,1,1,1,6,6,6,9,9,9,9,9,9,9,9,9,9,1,6,1,6,6,6,6,6,1,1,1,1,1,6,1,1,1,1,6,6,6,1,1,1,6,6,6,6,6,6,1,1,6,1,1,1,1,6,6,6,6,1,6,6,6,1,1,1,1,6,1,1,6,6,1,1,1,1,6,1,6,6,6,1,1,1,6,6,6,6,6,6,6,1,6,6,6,6,6,1,6,6,6,6,6,1,6,9,9,6,6,6,6,1,1,1,1,6,1,1,1,1,6,6,6,1,9,6,6,1,1,1,1,6,6,1,1,1,6,1,1,1,1,6,6,1,1,1,1,6,6,6,6,6,1,6,1,1,1,1,1,1,1,1,6,1,9,1,1,1,1,1,6,6,1,1,1,9,9,9,9,9,9,9,9,9,9,9,9,9,9,9,9,9,9,9,9,9,9,9,9,9,9,9,9,9,9,9,9,6,6,6,1,6,1,1,1,1,1,1,1,1,1,1,1,1,1,1,1,1,1,1,1,1,1,6,1,1,6,6,1
236,21367,STEWART,200,1,1,1,6,1,6,1,1,1,1,1,6,6,6,6,6,6,6,6,1,6,1,1,1,1,1,1,6,6,1,1,1,1,1,1,6,6,6,6,6,6,6,6,1,6,6,6,6,6,1,1,6,1,1,1,6,1,1,1,1,1,1,6,1,1,1,1,1,1,1,1,1,1,1,1,1,1,1,1,1,1,1,1,1,1,1,1,1,1,1,1,1,1,1,9,9,9,9,1,1,1,1,1,1,6,6,6,6,6,6,6,6,1,1,1,1,6,6,1,1,6,1,6,6,1,1,1,1,1,1,6,1,6,6,1,1,1,1,6,6,6,6,6,6,6,6,1,6,6,6,1,6,6,6,6,6,1,1,1,1,1,1,1,6,6,6,1,1,6,1,1,1,1,1,1,1,1,1,1,1,1,6,1,6,1,1,1,1,1,1,1,1,1,1,1,1,1,1,1,1,1,1,1,6,1,6,1,1,1,1,1,1,1,6,1,9,1,1,1,1,1,1,1,1,1,1,1,1,9,1,1,1,1,1,1,1,1,1,1,1,1,6,1,1,1,1,1,6,1,1,1,1,1,1,1,1,1,1,1,1,1,1,1,1,1,6,1,1,1,1,1,1,1,1,1,1,1,6,6,6,1,6,1,1,1,1,1,1,1,1,1,6,1,1,1,1,1,1,1,1,1,1,1,6,1,1,1,1,1,9,1,1,6,1,1,1,6,1,1,1,1,1,1,1,1,1,1,1,1,1,1,1,1,1,6,1,1,1,1,6,1,6,1,1,1,1,1,1,6,6,1,6,1,1,1,6,6,6,6,6,1,6,6,1,6,1,1,1,1,6,1,1,1,1,1,6,1,1,1,1,1,1,1,6,6,6,6,6,6,1,1,1,1,6,6,6,1,6,6,6,1,1,6,6,1,9,9,9,1,1,1,1,1,1,1,1,6,1,6,6,6,6,6,6,1,1,1,1,6,6,6,1,6,1,1,1,1,1,1,1,1,1,1,1,1,1,6,1,6,6,1,1,1,1,1,1,1,6,6,6,6,1,1,6,6,1,1,6,1,6,1,6,1,6,6,6,1,1,6,1,1,6,1,1,1,1,1,1,6,6,1,1,6,6,6,1,1,6,6,6,6,6,6,6,6,6,6,1,1,1,1,1,6,1,6,1,1,1,6,6,6,6,1,1,1,6,1,1,1,1,1,1,1,6,6,1,1,1,1,6,1,1,1,1,1,1,6,1,1,1,1,6,6,1,6,1,1,1,1,1,1,1,6,1,6,6,1,1,1,1,1,1,1,6,6,6,6,6,1,1,1,1,1,6,6,6,1,1,1,1,1,1,6,6,1,6,1,1,1,9,1,1,1,6,1,1,1,1,1,1,1,6,1,1,1,1,1,6,1,1,1,9,9,9,1,1,1,6,1,1,1,1,1,1,1,1,1,1,1,1,6,1,1,1,6,6,1,1,6,1,1,9,6,1,1,9,1,1,1,1,6,1,1,1,1,1,1,1,1,1,1,1,6,1,1,1,1,1,1,6,1,6,1,1,1,1,1,1,1,6,1,1,1,1,1,1,1,1,1,6,1,1,1,1,1,1,1,1,1,1,1,1,6,9,6,1,1,1,1,1,1,6,6,1,1,1,1,1,1,1,1,1,1,1,1,1,1,1,6,1,1,1,1,1,6,1,1,1,1,1,1,1,1,1,1,1,1,1,1,1,1,1,1,1,1,1,1,1,1,1,1,1,1,1,1,1,1,1,1,1,1,1,6,1,1,6,1,1,1,1,1,1,1,1,6,1,1,1,1,1,6,1,1,1,6,1,6,1,1,1,1,1,1,6,1,6,1,6,1,1,1,1,1,1,1,1,6,1,1,1,1,1,1,6,1,1,1,1,1,1,1,1,6,1,1,1,1,1,1,1,1,1,1,1,1,1,1,1,6,1,1,6,1,6,6,1,6,1,1,1,6,1,1,1,1,1,1,1,1,1,1,1,6,1,6,1,1,1,1,1,1,1,1,1,1,1,1,1,1,1,6,6,1,6,1,1,6,6,1,1,6,1,1,1,1,1,1,1,1,6,1,1,1,1,1,6,6,6,6,1,1,6,6,1,6,1,1,1,1,1,1,1,1,6,1,1,1,1,1,1,6,6,1,6,6,1,6,1,1,1,1,6,6,1,1,1,1,1,1,1,1,1,1,1,1,1,1,1,1,1,1,6,1,6,1,1,1,6,1,1,1,1,1,6,1,1,1,1,1,1,1,1,6,1,1,1,6,1,1,6,1,1,1,6,6,6,6,6,6,1,1,1,1,1,1,1,6,1,1,1,6,1,1,9,9,1,1,1,1,1,1,1,1,1,1,1,1,6,6,6,6,6,1,1,1,1,1,1,6,1,1,1,1,1,6,1,1,1,1,1,6,1,1,1,1,1,1,1,1,1,1,6,1,1,1,1,6,1,1,1,6,1,1,1,6,6,6,6,1,1,1,1,1,1,1,1,9,9,1,1,1,1,1,1,1,1,1,1,1,6,1,1,1,1,1,1,1,1,1,1,6,1,1,1,1,1,1,9,9,9,9,9,1,1,1,1,1,1,1,1,1,1,1,1,1,1,1,1,1,1,1,1,1,1,1,1,1,1,1,1,1,1,1,1,1,1,1,1,1,1,1,1,1,1,1,1,1,1,1,1,1,1,1,1,1,1,1,1,1,1,1,1,1,6,1,6
237,21368,KILMER,100,6,6,6,1,6,1,6,6,6,1,6,1,1,1,1,1,1,1,1,6,1,6,1,1,6,6,6,1,1,1,6,6,1,6,6,1,1,1,1,1,1,1,1,6,1,1,1,1,1,6,6,1,6,6,6,6,6,6,1,1,6,6,1,6,1,1,6,6,6,6,6,6,6,6,6,6,6,9,9,6,6,6,6,6,1,1,6,6,6,6,6,6,6,6,6,6,6,6,1,6,1,6,6,1,1,1,1,1,1,1,1,1,6,6,6,6,1,1,6,6,1,6,1,1,6,1,6,6,6,6,6,6,6,6,1,6,6,6,1,1,1,1,1,1,1,1,6,1,1,1,6,1,1,1,1,1,6,1,1,6,6,6,6,1,1,1,6,6,1,1,6,1,1,1,6,6,1,6,6,1,6,1,1,1,6,1,6,6,6,6,6,1,6,1,1,6,6,6,6,6,6,6,6,1,6,1,6,1,1,6,6,6,6,1,1,6,6,6,1,1,1,1,6,6,1,1,6,6,6,1,1,1,6,6,1,1,1,1,6,6,1,1,6,6,6,6,1,1,1,6,6,6,6,1,6,1,1,6,6,6,1,6,6,1,1,1,6,1,1,6,6,1,6,6,6,1,1,1,1,1,6,1,1,1,1,1,6,6,6,6,6,1,6,6,6,6,6,6,1,1,6,6,6,1,6,1,6,1,1,6,6,6,6,1,6,6,1,6,1,1,1,1,1,6,6,6,1,1,1,6,6,6,6,6,1,6,1,6,6,1,6,1,6,1,1,6,6,1,1,1,6,6,6,6,6,6,1,1,1,1,6,1,1,1,1,6,6,6,6,1,6,6,6,6,1,1,1,1,1,1,6,6,1,1,1,1,1,1,1,6,6,6,6,1,1,1,6,1,1,1,6,1,1,1,6,6,6,1,6,6,6,1,6,6,6,6,1,6,1,1,1,1,1,1,6,6,6,6,1,1,1,1,1,6,6,1,1,1,1,1,6,6,6,6,6,6,6,6,1,6,6,6,6,6,6,6,6,1,1,1,1,6,6,1,1,6,6,6,6,1,6,1,6,1,1,1,6,6,1,6,6,1,6,1,6,6,6,6,1,1,6,1,6,1,1,6,6,1,1,1,1,1,6,1,1,1,6,6,6,6,6,6,1,6,1,6,6,6,1,1,1,1,6,6,1,1,6,1,6,1,6,6,6,1,1,6,6,6,1,1,6,6,1,1,6,6,1,6,1,6,6,6,6,6,1,6,1,1,6,6,1,1,1,1,1,1,1,1,1,6,6,6,1,1,1,1,1,1,6,1,6,6,6,1,1,1,6,6,1,1,6,6,1,1,6,1,6,1,6,6,6,6,1,1,6,1,1,6,6,6,6,1,6,1,6,6,1,1,6,1,6,1,1,6,6,6,6,1,6,1,6,6,1,1,1,6,1,6,6,6,1,6,6,6,1,1,6,1,1,6,6,6,1,1,1,6,1,6,6,1,1,6,1,6,6,1,6,1,6,1,1,1,1,1,6,6,6,6,6,1,6,1,6,6,1,1,6,6,1,1,6,1,1,1,6,6,6,6,1,1,6,6,6,6,1,6,6,1,1,1,1,1,6,6,6,6,6,6,1,1,6,6,1,6,1,1,1,6,6,1,1,6,1,6,6,6,6,6,1,6,6,1,1,6,6,6,6,6,6,1,1,1,1,6,6,6,1,1,6,6,6,6,6,6,6,6,6,1,1,6,6,6,6,6,6,1,1,1,6,6,1,1,1,1,6,1,6,1,1,6,6,6,6,6,1,6,1,1,1,1,1,1,6,6,1,6,1,6,6,1,6,6,1,1,6,1,6,1,1,6,6,1,1,6,6,1,1,6,6,6,6,1,1,1,1,1,1,1,6,6,6,1,1,6,6,1,1,1,1,6,6,1,1,1,1,1,6,6,1,6,1,1,6,6,6,6,1,1,6,6,1,1,6,1,1,6,6,6,6,6,6,6,1,6,6,1,6,1,1,1,6,6,6,1,1,1,6,6,6,1,6,6,6,6,6,6,6,6,1,6,1,6,6,1,1,1,6,6,6,1,6,1,6,6,6,6,6,1,1,6,1,1,1,1,1,6,1,1,1,1,6,6,6,1,1,1,6,6,6,6,1,1,6,1,1,6,1,6,6,6,6,1,1,6,1,1,6,6,6,1,1,1,6,6,1,1,1,6,6,6,6,1,1,1,1,6,6,1,6,6,6,6,6,1,1,1,1,6,6,1,1,1,1,6,6,6,1,1,6,6,6,6,6,6,6,1,6,6,1,1,1,1,6,6,6,6,1,6,6,6,1,6,1,1,6,1,1,6,6,1,1,1,1,7,1,6,6,6,1,1,1,6,6,6,6,6,6,6,1,6,6,6,6,6,1,6,6,6,6,6,1,6,1,1,6,6,6,6,1,1,1,1,6,6,6,1,1,1,6,6,1,1,6,6,1,1,1,1,6,6,1,1,1,6,1,1,1,1,6,6,1,1,7,1,1,6,6,6,6,1,6,1,1,1,6,1,6,1,1,6,1,1,1,1,1,1,1,6,6,6,1,1,1,1,1,1,1,1,1,1,1,1,6,1,1,1,1,1,1,1,1,1,1,1,1,1,1,1,1,1,1,1,1,6,6,6,6,1,6,1,1,1,1,1,1,1,1,1,1,1,1,6,1,1,1,1,1,1,1,1,6,1,1,6,6,1
238,21369,HECK,100,6,6,6,1,6,1,6,6,6,6,6,1,1,1,1,1,1,1,1,6,1,6,1,1,6,6,1,1,1,1,6,6,1,6,6,1,1,1,1,1,1,1,1,6,1,1,1,1,1,6,6,1,6,6,6,1,6,6,1,1,6,6,1,6,1,1,6,6,6,6,6,6,6,6,6,6,6,1,1,6,6,6,6,1,1,1,6,6,6,6,6,6,6,6,6,6,6,6,1,6,1,6,6,1,1,1,1,1,1,1,1,1,6,6,6,6,1,1,6,6,1,6,1,1,6,1,6,6,6,6,1,6,9,9,1,1,6,6,1,1,1,1,1,1,1,1,6,1,1,1,6,1,1,1,1,1,6,1,1,6,6,6,1,1,1,1,6,6,1,1,1,1,1,1,6,6,1,6,6,1,6,1,6,1,6,1,6,6,1,6,6,1,1,1,1,6,6,6,6,6,6,6,6,1,6,1,6,1,1,6,6,6,6,1,1,6,6,6,1,1,1,1,6,6,1,1,1,6,6,1,1,1,1,6,1,1,1,1,6,6,1,1,6,1,6,6,1,1,1,1,6,6,1,1,6,1,1,6,6,6,1,6,6,1,1,1,6,1,1,6,6,1,6,6,6,1,1,1,1,1,6,1,1,1,1,1,6,6,6,6,6,1,6,6,6,6,6,6,1,1,6,6,1,1,6,1,6,1,1,6,6,6,1,1,6,6,1,6,1,6,1,1,1,6,6,1,1,1,1,6,6,1,6,6,1,6,1,6,6,1,6,1,6,1,1,6,6,1,1,1,6,1,6,6,6,6,1,6,1,1,6,1,1,1,1,6,6,6,6,1,6,6,6,6,1,1,1,1,1,1,6,6,1,1,1,1,1,1,1,6,6,6,6,1,1,1,6,1,1,1,6,1,1,1,6,6,6,1,6,6,6,1,6,6,6,6,1,6,1,1,1,1,1,1,6,6,6,6,1,1,1,1,1,6,6,1,1,1,1,1,6,6,1,6,6,6,6,6,1,6,6,6,6,6,6,6,6,1,1,1,1,6,6,1,1,6,6,6,6,1,6,1,6,1,1,1,6,6,1,6,6,1,6,1,6,6,6,6,1,1,6,1,6,1,1,6,6,1,1,1,1,1,6,1,1,1,6,6,6,6,6,6,1,6,1,6,6,6,1,1,1,1,6,6,1,1,6,1,6,1,6,6,1,1,1,6,6,6,1,1,6,6,1,1,6,6,1,6,1,6,6,6,1,6,1,6,1,1,6,6,1,1,1,1,1,1,1,1,1,1,6,6,1,1,1,1,1,1,6,1,6,6,1,1,1,1,6,6,1,1,6,6,1,1,6,1,6,1,6,6,6,6,6,1,6,1,1,1,6,6,1,1,6,1,6,6,1,1,6,1,6,1,1,1,6,6,1,1,6,1,6,6,1,1,1,6,1,6,6,6,1,6,6,6,1,1,6,1,1,6,1,6,1,1,1,1,1,6,6,1,1,6,1,6,6,1,1,1,6,1,1,1,1,1,6,6,6,6,6,1,6,1,6,6,1,1,6,6,1,1,6,1,1,1,1,6,6,6,1,1,6,6,6,6,1,1,6,6,1,1,1,1,6,6,6,6,6,6,1,1,1,6,1,6,1,1,1,6,6,1,1,6,1,1,6,6,6,6,1,6,6,1,1,6,6,6,6,6,6,1,1,1,9,6,6,6,1,1,1,6,6,6,6,6,6,6,6,1,1,1,1,1,6,6,6,1,1,1,6,6,1,1,1,1,1,1,6,1,1,6,6,6,6,6,1,6,6,1,1,1,1,1,6,6,1,6,1,6,6,1,6,6,1,1,1,1,6,1,1,6,6,1,1,6,6,1,1,6,1,6,6,1,1,1,1,1,1,1,1,6,6,1,1,6,6,1,1,1,1,6,6,1,1,1,1,1,6,6,1,6,1,1,6,6,6,6,1,1,6,6,1,1,6,1,1,6,6,6,6,6,6,6,1,6,6,1,1,1,1,1,6,6,6,1,1,1,6,6,1,1,6,6,6,6,6,6,6,6,1,6,1,6,1,1,1,1,6,6,6,1,6,1,6,6,6,6,6,1,1,6,1,6,6,1,1,6,1,1,1,1,6,6,1,1,1,1,6,6,1,6,1,1,6,1,1,6,1,6,6,6,6,1,1,6,1,1,1,6,6,1,1,1,6,6,6,1,1,1,6,6,6,1,6,1,1,6,6,1,6,6,6,6,6,1,1,1,1,6,6,1,1,1,1,6,6,6,1,1,6,6,6,6,6,6,6,1,1,6,1,1,1,1,6,6,6,6,1,6,6,6,1,6,1,1,6,1,1,6,6,1,1,1,1,7,1,6,6,6,1,1,1,6,6,6,6,6,6,6,1,6,6,6,6,6,1,6,6,6,6,6,1,6,1,1,6,6,6,6,6,1,1,1,6,6,6,1,1,6,6,6,1,1,6,6,1,1,1,1,6,6,1,1,1,6,1,1,1,1,6,6,1,1,7,1,1,6,6,6,6,1,6,1,1,1,6,1,6,1,1,6,1,1,1,1,1,1,1,6,6,1,1,1,1,1,1,1,1,1,1,1,1,1,6,1,1,1,1,1,1,1,1,1,1,1,1,1,1,1,1,6,1,1,1,6,6,6,6,1,6,1,1,1,1,1,1,1,1,1,1,1,1,1,1,1,1,1,1,1,1,1,6,1,1,6,6,1
239,21370,POCAN,100,6,6,6,1,6,1,6,6,6,6,6,1,1,1,1,1,1,1,1,6,1,6,1,1,6,6,1,1,1,6,6,6,1,6,6,1,1,1,1,1,1,1,1,6,1,1,1,1,1,6,6,1,6,6,6,1,6,6,9,9,6,6,1,6,9,9,6,6,6,6,6,6,6,6,6,6,6,1,1,6,6,6,6,6,1,1,6,6,6,6,6,6,6,6,6,6,6,6,1,6,1,6,6,1,1,1,1,1,1,1,1,1,6,6,6,6,1,1,6,6,1,6,1,1,6,1,6,6,6,6,1,6,9,9,6,1,6,6,1,1,1,1,1,1,1,1,6,1,1,1,6,1,1,1,1,1,6,1,1,6,6,6,1,1,1,1,6,6,1,1,1,1,1,1,6,6,1,6,6,1,6,1,1,1,6,1,6,6,1,6,6,1,1,1,1,6,6,6,6,6,6,6,6,1,6,1,6,1,1,6,6,6,6,1,6,6,6,6,1,1,1,1,6,6,1,1,1,6,6,1,1,1,1,6,1,1,1,1,6,6,1,1,6,1,6,6,1,1,1,1,6,6,1,1,6,1,1,6,6,6,1,6,6,6,1,1,6,1,1,6,6,1,6,6,6,1,1,1,1,1,6,1,6,1,1,1,6,6,6,6,6,1,6,6,6,6,6,6,1,1,6,6,1,1,6,6,6,1,1,6,6,6,1,6,6,6,1,6,1,6,1,1,1,6,6,1,1,1,1,6,6,1,6,6,1,6,1,6,6,1,6,1,6,1,1,6,6,1,1,1,6,1,6,6,6,1,1,1,1,1,6,1,1,1,1,6,6,6,6,6,6,6,6,6,1,1,6,1,1,1,6,6,1,1,1,1,1,1,1,6,6,6,6,1,1,1,6,1,1,1,6,1,1,1,6,6,6,1,6,6,6,1,6,6,6,6,1,6,1,1,1,1,1,1,6,6,6,6,1,1,1,1,1,6,6,6,1,1,1,1,6,6,1,6,1,6,6,6,1,6,6,6,6,6,6,6,6,1,1,1,1,6,6,1,1,6,6,6,6,1,6,1,6,1,1,1,6,6,1,6,6,1,6,1,6,6,6,6,1,1,6,1,6,1,1,6,6,1,1,1,1,1,6,1,1,1,6,6,6,6,6,6,1,6,1,6,6,6,1,1,1,1,6,6,1,1,6,1,6,1,6,6,1,1,1,6,6,6,1,1,6,6,1,1,6,6,1,6,1,6,6,1,1,6,1,6,1,1,6,6,1,1,1,1,1,1,1,1,1,1,6,6,1,1,1,1,1,1,6,1,6,6,1,1,1,1,6,6,1,9,9,9,9,9,9,9,9,9,9,9,9,9,9,9,9,9,9,9,9,9,9,9,9,9,9,9,9,9,9,9,9,9,9,9,9,9,9,9,9,9,9,9,9,9,9,9,9,9,9,9,9,9,9,9,9,9,9,9,9,9,9,9,9,9,9,9,9,9,9,9,9,9,9,9,9,9,9,9,9,9,9,9,9,9,9,9,9,9,9,9,9,9,9,9,9,9,9,9,9,9,9,9,9,9,9,9,9,9,9,9,9,9,9,9,9,9,9,9,9,1,1,1,9,1,1,6,6,6,6,1,1,1,1,6,1,1,1,6,6,1,1,6,1,1,6,6,6,6,1,6,6,1,6,6,6,6,6,6,6,1,6,9,9,6,6,6,1,1,1,6,6,6,6,6,6,6,6,1,1,1,6,9,6,6,6,6,1,1,6,6,1,1,1,6,6,1,6,1,1,6,6,6,6,6,1,6,6,1,1,1,1,6,6,6,1,6,1,6,6,1,6,6,1,1,6,1,6,1,6,6,6,1,1,6,6,6,1,6,1,6,6,1,1,6,1,1,1,1,1,6,6,6,1,6,6,6,9,9,1,6,6,1,1,1,1,1,6,6,1,6,1,1,6,6,1,6,1,1,6,6,1,1,6,1,1,6,6,6,6,6,6,6,1,6,1,6,1,1,1,1,6,6,6,1,6,6,6,6,1,6,6,6,6,6,6,6,6,6,1,6,1,6,1,1,1,1,6,6,1,1,6,1,6,6,6,1,1,1,1,6,1,1,1,1,1,6,6,1,1,1,6,6,1,1,1,1,6,6,1,6,1,1,6,1,1,6,1,6,6,6,6,1,1,6,1,1,1,6,6,1,1,6,6,6,6,1,1,1,6,6,6,1,6,1,1,6,6,1,6,6,6,6,6,1,1,9,9,6,6,1,6,1,1,6,6,6,1,6,6,6,6,6,6,6,6,1,1,6,1,6,1,1,6,6,6,6,1,6,6,6,1,6,6,1,6,1,1,6,6,1,1,1,1,7,1,6,6,6,1,1,1,6,6,6,6,6,6,6,1,6,6,6,6,6,1,6,6,6,6,6,1,6,9,9,6,6,6,6,6,1,1,1,6,6,6,6,1,6,6,6,1,1,6,6,1,1,1,1,6,6,1,1,1,6,1,1,1,1,6,6,1,1,6,1,6,6,6,6,6,1,6,1,1,1,6,1,6,1,1,6,1,1,1,1,1,1,1,6,6,1,1,1,1,1,1,1,1,1,1,1,1,9,6,1,1,1,1,1,1,1,1,1,1,1,1,1,1,1,1,1,1,1,1,6,6,6,6,1,6,1,1,1,1,1,1,1,1,1,1,1,1,6,1,1,1,1,1,1,1,1,6,1,1,6,6,1
240,21371,KELLY,100,6,6,6,1,6,1,6,6,6,6,6,1,1,1,1,1,1,1,1,6,1,6,1,1,9,9,9,9,9,9,9,9,9,6,6,1,1,1,1,1,1,1,1,6,1,1,1,1,1,6,6,1,6,6,6,1,6,6,1,1,6,6,1,6,1,1,6,6,6,6,6,6,6,6,6,6,6,1,1,6,6,6,6,6,1,1,6,6,6,6,6,6,6,6,6,6,6,6,1,6,1,6,6,1,1,1,1,1,1,1,1,1,6,6,6,6,1,1,6,6,1,6,1,1,6,1,6,6,6,6,6,6,1,1,1,1,6,6,9,1,1,1,1,1,1,1,6,1,1,1,6,1,1,1,1,1,6,1,1,6,6,6,6,1,1,1,6,6,1,1,1,1,1,1,6,6,1,6,6,1,6,1,1,1,6,1,6,6,6,6,6,1,6,1,1,6,6,6,6,6,6,6,6,1,6,1,6,1,1,6,6,6,9,1,6,6,6,6,1,1,1,1,6,6,1,1,1,6,6,1,1,1,6,6,1,1,1,1,9,6,1,1,6,9,6,6,1,1,1,6,6,6,6,1,6,1,1,6,6,6,1,6,6,6,1,1,6,1,1,6,6,1,6,6,6,1,1,1,1,1,6,1,1,1,1,1,6,6,6,6,6,1,6,6,6,6,6,6,1,1,6,6,9,1,6,6,6,1,1,6,6,6,1,6,6,6,1,6,1,6,1,1,1,6,6,6,1,1,1,6,6,6,6,6,1,6,1,6,6,1,6,1,6,1,1,6,6,1,1,1,6,1,6,6,6,1,1,1,1,1,6,1,1,1,1,6,6,6,6,1,6,6,6,6,1,1,6,1,1,1,6,6,1,1,1,1,1,1,1,6,6,6,6,1,1,1,6,1,1,1,6,1,1,1,6,6,6,1,6,6,6,1,6,6,6,6,1,6,1,1,1,1,1,1,6,6,6,6,1,1,1,1,1,6,6,1,1,1,1,1,6,6,6,6,6,6,6,6,1,6,6,6,6,6,6,6,6,1,1,1,1,6,6,1,1,6,6,6,6,1,6,1,6,9,1,1,6,6,1,6,6,1,6,1,6,6,6,6,1,1,6,1,6,1,1,6,6,1,1,1,1,1,1,1,1,1,6,6,6,6,6,6,1,6,1,6,6,6,1,1,1,1,6,6,1,1,6,1,6,1,6,6,6,1,1,6,6,6,1,1,6,6,1,1,6,6,1,6,1,6,6,1,1,6,1,6,1,1,6,6,1,1,1,1,1,1,1,1,1,6,6,6,1,1,1,1,1,1,6,1,6,6,6,1,1,1,6,6,1,1,6,6,1,1,6,1,6,1,6,6,6,6,6,1,6,1,1,6,6,6,6,1,6,1,6,6,1,1,6,1,6,1,1,6,6,6,6,1,6,1,6,6,1,1,1,6,1,6,6,6,1,6,6,6,1,1,6,1,1,6,6,6,1,1,1,6,6,6,6,1,1,6,1,6,6,1,1,1,6,1,1,1,1,6,6,6,6,6,6,1,6,1,6,6,1,1,6,6,1,1,6,1,1,1,1,6,6,6,1,1,6,1,6,6,1,6,6,6,1,1,1,1,9,9,6,6,6,6,6,1,1,1,1,6,1,1,1,6,6,1,1,6,1,1,6,6,6,6,1,6,6,1,6,6,6,6,6,6,6,1,6,9,9,6,6,6,9,1,1,6,6,6,6,6,6,6,6,1,1,1,6,1,6,6,6,6,1,1,6,6,1,1,1,6,6,1,6,1,1,6,6,6,6,6,1,6,6,1,1,1,1,6,6,6,1,6,1,6,6,1,6,6,1,1,6,1,6,1,6,6,6,9,9,9,9,9,9,9,9,6,6,1,1,1,1,1,1,1,1,6,6,6,1,6,6,1,9,9,1,6,6,1,1,1,1,1,6,6,1,6,1,1,6,6,6,6,1,1,6,6,1,1,6,1,1,6,6,6,6,6,6,6,1,6,1,1,1,1,1,1,6,6,6,1,1,6,6,6,6,6,6,6,6,6,6,6,6,6,6,6,1,6,6,9,9,9,6,6,1,1,6,1,6,6,6,6,6,1,1,6,1,1,1,1,1,6,1,1,1,1,6,6,6,1,1,1,6,6,6,6,1,1,6,1,1,6,1,6,6,6,6,1,1,6,1,1,6,6,6,1,1,6,6,6,6,9,9,9,6,6,6,1,6,1,6,6,6,1,6,6,6,6,6,1,1,1,1,6,6,1,6,1,1,6,6,6,1,1,1,6,6,6,6,6,6,1,1,6,1,1,1,1,6,6,6,6,1,6,6,6,1,6,1,1,6,9,9,6,6,1,1,1,1,7,1,6,6,6,1,1,1,6,6,6,6,6,6,6,1,6,6,6,6,6,1,6,6,6,6,6,1,6,1,1,6,6,6,6,6,1,1,1,6,6,6,1,1,6,6,6,1,1,6,6,1,1,1,1,6,6,1,1,1,6,1,1,1,1,6,6,1,1,6,1,6,6,6,6,6,1,6,1,1,1,6,1,6,1,1,6,1,1,1,1,1,1,1,6,6,6,1,1,1,1,1,1,1,1,1,1,1,1,6,1,1,1,1,1,1,1,1,1,1,1,1,1,1,1,1,6,1,1,1,6,6,6,6,1,6,1,1,1,1,1,1,1,1,1,1,1,1,6,1,1,1,1,1,1,1,1,6,1,1,6,6,1
241,21372,KILDEE,100,6,6,6,1,6,1,6,6,6,6,6,1,1,1,1,1,1,1,1,6,1,6,1,1,6,6,1,1,1,6,6,6,1,6,6,1,1,1,1,1,1,1,1,6,1,1,1,1,1,6,6,1,6,6,6,1,6,6,1,1,6,6,1,6,1,1,9,9,9,9,9,9,6,6,6,6,6,1,1,6,6,6,6,6,1,1,6,6,6,6,6,6,6,6,6,6,6,6,1,6,1,6,6,1,1,1,1,1,1,1,1,1,6,6,6,6,1,1,6,6,1,6,1,1,6,1,6,6,6,6,6,6,6,6,1,6,6,6,1,1,1,1,1,1,1,1,6,1,1,1,6,1,1,1,1,1,6,1,1,6,6,6,1,1,1,1,6,6,1,1,1,1,1,1,6,6,1,6,6,1,6,1,1,1,6,1,6,6,1,6,6,1,1,1,1,6,6,6,6,6,6,6,6,1,6,1,6,1,1,6,6,6,6,1,6,6,6,6,1,1,1,1,6,6,1,1,1,6,6,1,1,1,1,6,1,9,9,9,6,6,1,1,6,1,6,6,1,1,1,1,6,6,1,1,6,1,1,6,6,6,1,6,6,6,1,1,6,1,1,6,6,1,6,6,6,1,1,1,1,1,6,1,1,1,1,1,6,6,6,6,6,1,6,6,6,6,6,6,1,1,6,6,1,1,6,1,6,1,1,6,6,6,1,6,6,6,1,6,1,6,1,1,1,6,6,1,1,1,1,6,6,1,6,6,1,6,1,6,6,1,6,1,6,1,1,6,6,1,1,1,6,6,6,6,6,1,1,1,1,1,6,1,1,1,1,6,6,6,6,6,6,6,6,6,1,1,6,1,1,1,6,6,1,1,1,1,1,1,1,6,6,6,6,1,1,1,6,1,1,1,6,1,1,1,6,6,6,1,6,6,6,1,6,6,6,6,1,6,1,1,1,1,1,1,6,6,6,6,1,1,1,1,1,6,6,1,1,1,1,1,6,6,1,6,6,6,6,6,1,6,6,6,6,6,6,6,6,1,1,1,1,6,6,1,1,6,6,6,6,1,6,1,6,1,1,1,6,6,1,6,6,1,6,1,6,6,6,6,1,1,6,1,6,1,1,6,6,1,1,1,1,1,6,1,1,1,6,6,6,6,6,6,1,6,1,6,6,6,1,1,1,1,6,6,1,1,6,1,6,1,6,6,1,1,1,6,6,6,1,1,6,6,1,1,6,6,1,6,1,6,6,1,1,6,1,6,1,1,6,6,1,1,1,1,1,1,1,1,1,1,6,6,1,1,1,1,1,1,6,1,6,6,1,1,1,1,6,6,1,1,6,6,1,1,6,1,6,1,6,6,6,6,6,1,6,1,1,1,6,6,1,1,6,1,6,6,1,1,6,1,6,1,1,1,6,6,1,1,6,6,6,6,1,1,1,6,1,1,6,6,1,6,9,6,1,1,6,1,1,6,1,6,1,1,1,1,1,6,6,1,1,6,1,6,6,1,1,1,6,1,1,1,1,6,6,6,6,6,6,1,1,1,6,6,1,1,6,6,1,1,6,1,6,1,1,6,6,6,1,1,6,1,6,6,1,1,6,6,1,1,1,1,6,6,6,6,6,6,1,1,1,1,1,6,1,1,1,6,6,1,1,6,1,1,6,6,6,6,1,6,6,1,1,6,6,1,6,6,6,1,6,1,1,6,6,6,1,1,1,6,6,6,6,6,6,6,6,1,1,1,1,1,6,6,6,6,1,1,6,6,1,1,1,6,6,1,6,1,1,6,6,6,6,6,1,6,6,1,1,1,1,6,6,6,1,6,1,6,6,1,6,6,1,1,6,1,6,1,6,6,6,1,1,6,6,1,1,6,1,6,6,1,1,1,1,1,1,1,1,6,6,6,1,6,6,6,1,1,1,6,6,1,1,1,1,1,6,6,1,6,1,1,6,6,6,6,1,1,6,6,1,1,6,1,1,6,6,6,6,6,6,6,1,6,6,1,1,1,1,1,6,6,6,1,1,1,6,6,1,6,6,6,6,6,6,6,6,6,1,6,1,6,1,1,1,1,6,6,6,1,6,1,6,6,6,6,6,1,1,6,1,1,1,1,1,6,6,1,1,1,6,6,1,1,1,1,6,6,1,6,1,1,6,1,1,6,1,6,6,6,6,1,1,6,1,1,1,6,6,1,1,1,6,6,6,1,1,1,6,6,6,1,6,1,1,6,6,1,6,6,6,6,6,1,1,1,1,6,6,1,1,1,1,6,6,6,1,1,6,6,6,6,6,6,6,1,1,6,1,1,1,1,6,6,6,6,1,6,6,6,1,6,1,1,6,1,1,6,6,1,1,1,1,7,1,6,6,6,1,1,1,6,6,6,6,6,6,6,1,6,6,6,6,6,1,6,6,6,6,6,1,6,1,1,6,6,6,6,6,1,1,1,6,6,6,6,1,6,6,6,1,1,6,6,1,1,1,1,6,6,1,1,1,6,1,1,1,1,6,6,1,1,7,1,1,6,6,6,6,1,6,1,1,1,6,1,6,1,1,6,1,1,1,1,1,1,1,6,6,1,1,1,1,1,1,1,1,1,1,1,1,1,6,1,1,1,1,1,1,1,1,1,1,1,1,1,1,1,1,1,1,1,1,6,6,6,6,1,6,1,1,1,1,1,1,1,1,1,1,1,1,6,1,1,1,1,1,1,1,1,6,1,1,6,6,1
242,21373,SMITH,200,1,1,1,6,1,6,1,1,1,1,1,6,6,6,6,6,6,6,6,1,6,1,1,1,1,1,6,6,6,1,1,1,1,1,1,6,6,6,6,6,6,6,6,1,6,6,6,6,6,1,1,6,1,1,1,6,1,1,1,1,1,1,6,1,1,1,1,1,1,1,1,1,1,1,1,1,1,1,1,1,1,1,1,1,1,1,1,1,1,1,1,1,1,1,1,1,1,1,1,1,1,1,1,6,6,6,6,6,6,6,6,6,1,1,1,1,6,6,1,1,6,1,6,6,1,1,1,1,1,1,6,1,6,6,1,1,1,1,6,6,6,6,6,6,6,6,1,6,6,6,1,6,6,6,6,6,1,1,1,1,1,1,1,9,6,6,1,1,1,1,6,1,1,1,1,1,1,1,1,1,1,6,1,6,1,1,1,1,6,1,1,1,1,1,1,1,1,1,1,1,1,1,1,6,1,6,1,1,1,1,1,1,1,6,1,1,1,1,1,1,1,1,1,1,1,1,6,9,9,9,1,1,6,1,1,9,9,9,1,1,1,6,1,6,1,1,1,6,1,1,1,1,1,1,1,1,1,1,1,1,1,1,1,1,1,6,6,1,1,1,1,1,1,1,1,1,1,6,6,6,1,6,1,1,1,1,1,1,1,1,1,6,1,1,1,1,1,1,1,1,1,1,6,6,1,1,1,1,1,1,1,1,6,1,1,1,6,1,1,1,1,1,1,1,1,6,1,1,1,1,1,6,1,1,6,1,1,1,1,6,1,6,1,1,1,1,1,1,6,6,1,6,1,1,6,6,6,6,6,6,1,6,6,6,6,1,1,1,1,6,1,1,1,1,1,6,1,1,1,1,1,1,1,6,6,6,6,6,6,1,1,1,1,6,6,6,1,6,6,6,1,1,6,6,1,9,9,9,1,1,1,1,1,1,1,1,6,1,6,6,6,6,6,6,1,1,1,1,6,6,6,6,6,1,1,1,1,1,1,1,1,1,6,1,6,6,1,1,6,1,1,1,1,1,1,1,1,6,6,6,6,1,1,6,6,1,1,1,1,6,1,6,1,6,6,6,1,1,6,1,1,6,1,1,1,1,1,1,6,6,1,6,1,6,6,1,1,6,6,6,6,6,1,6,6,6,6,1,1,1,1,1,6,1,6,1,1,1,6,6,6,6,1,1,6,6,1,1,1,1,1,1,6,6,6,1,1,1,1,6,1,1,1,1,1,1,6,1,1,1,1,6,6,1,6,1,1,1,1,1,1,1,6,1,6,6,1,1,1,6,1,1,1,6,6,6,6,6,1,1,1,1,1,6,6,6,1,1,1,1,1,1,6,6,1,6,1,1,1,1,1,1,1,6,1,1,1,6,1,1,6,6,1,1,1,1,1,6,1,1,1,1,1,6,1,1,1,6,1,1,1,1,1,1,1,1,1,1,9,9,6,1,1,1,6,6,1,1,6,1,6,1,6,1,1,6,1,1,1,1,6,1,1,1,1,1,6,1,1,1,1,1,6,1,1,1,1,1,1,6,1,6,1,1,1,1,1,1,1,6,1,1,1,1,1,1,1,1,1,6,1,1,1,1,1,1,1,6,1,1,1,1,6,6,6,1,1,1,1,1,1,6,6,1,1,1,1,1,1,1,1,1,1,6,1,1,1,1,6,1,1,1,1,1,6,1,1,1,1,1,1,1,1,1,1,1,1,1,1,1,1,1,1,1,1,1,1,1,1,1,1,1,1,1,1,6,1,1,1,1,1,1,6,1,1,6,1,1,1,1,1,1,1,1,6,1,1,1,1,1,6,1,1,1,6,1,6,1,1,1,9,9,9,9,9,6,1,6,1,1,1,1,1,1,1,1,6,1,1,1,1,1,1,6,1,1,1,1,1,1,1,1,6,1,1,1,1,1,1,1,1,1,1,1,1,1,1,1,6,1,1,6,6,1,6,1,6,1,1,1,6,1,1,1,1,1,1,1,1,1,1,1,6,1,6,1,9,1,1,1,1,1,1,1,1,1,1,1,1,6,6,6,1,6,1,1,6,1,6,1,6,1,1,1,1,1,1,1,6,6,1,1,9,1,1,6,6,6,6,1,1,6,6,6,6,1,1,9,9,9,1,1,1,6,1,1,1,1,6,1,6,6,6,6,6,1,6,1,1,1,1,6,6,1,1,1,1,1,1,1,1,1,1,1,1,1,1,1,1,1,1,6,1,6,1,1,1,6,1,1,1,1,1,6,1,1,1,1,1,1,1,1,6,6,1,1,6,1,1,1,1,1,1,6,6,6,6,6,6,1,1,1,1,1,1,1,6,1,1,1,6,1,1,6,1,1,1,1,1,1,1,1,1,1,1,1,1,1,6,6,6,1,1,1,1,1,1,1,6,1,1,1,1,1,6,1,1,1,1,1,6,1,1,1,9,9,9,9,9,6,1,6,1,1,1,1,6,1,1,1,6,1,1,1,6,6,6,6,1,1,1,1,1,1,1,1,1,1,1,1,1,6,1,1,1,1,1,1,1,6,1,1,1,1,1,1,1,1,1,1,6,1,1,1,1,1,1,1,1,1,1,1,1,1,1,1,1,1,1,1,1,1,1,1,6,1,1,1,1,1,1,1,1,1,1,1,1,1,1,1,1,1,1,1,1,1,1,1,1,1,1,1,1,1,1,1,1,1,1,1,1,1,1,1,1,1,1,1,1,1,1,1,1,1,1,1
243,21375,CLARK,100,6,6,6,1,6,1,6,6,6,6,6,1,1,1,1,1,1,1,1,6,1,6,1,1,6,6,6,1,1,6,6,6,1,6,6,1,1,1,1,1,1,1,1,6,1,1,1,1,1,6,6,1,6,6,6,1,6,6,1,1,6,6,1,6,9,9,9,9,9,9,9,9,9,9,9,9,9,1,1,6,6,6,6,6,1,1,6,6,6,6,6,6,6,6,6,6,6,6,1,6,1,6,6,1,1,1,1,1,1,1,1,1,6,6,6,6,1,1,6,6,1,6,1,1,6,1,6,6,6,6,1,6,1,1,6,1,6,6,1,1,1,1,1,1,1,1,6,1,1,1,9,1,1,1,1,1,6,1,1,6,6,6,1,1,1,1,6,6,1,1,1,1,1,1,6,6,1,6,6,1,6,1,1,1,6,1,6,6,6,6,6,1,6,1,1,6,6,6,6,6,6,6,6,1,6,1,6,1,1,6,6,6,6,1,6,6,6,6,1,1,1,1,6,6,1,1,1,6,6,1,1,1,1,6,1,1,1,1,6,6,1,1,6,1,6,6,1,1,1,1,6,6,6,1,6,1,1,6,6,6,1,6,6,6,1,1,6,1,1,6,6,1,6,6,6,1,1,1,1,1,6,1,1,1,1,1,6,6,6,6,6,1,6,6,6,6,6,6,1,1,6,6,6,1,6,1,6,1,1,6,6,6,1,6,6,6,1,6,1,6,1,1,1,6,6,1,1,1,1,6,6,6,6,6,1,6,1,6,6,1,6,1,6,1,1,6,6,1,1,1,6,1,6,6,6,1,1,1,1,1,6,1,1,6,1,6,6,6,6,6,6,6,6,6,1,1,6,1,1,1,6,6,1,1,1,1,1,1,1,6,6,6,6,1,1,1,6,1,1,1,6,1,1,1,6,6,6,1,6,6,6,1,6,6,6,6,1,6,1,1,1,1,1,1,6,6,6,6,1,1,1,1,1,6,6,6,1,1,1,1,6,6,1,6,6,6,6,6,1,6,6,6,6,6,6,6,6,1,1,1,1,6,6,1,1,6,6,6,6,1,6,1,6,1,1,1,6,6,1,6,6,1,6,1,6,6,6,6,1,1,6,1,6,1,1,6,6,1,1,1,1,1,6,1,1,1,6,6,6,6,6,6,1,6,1,6,6,6,1,1,1,1,6,6,1,1,6,1,6,1,6,6,6,1,1,6,9,6,1,1,6,6,1,1,6,6,1,6,1,6,6,1,1,6,1,6,1,1,6,6,1,1,1,1,1,1,1,1,1,6,6,6,1,1,1,1,1,1,6,1,6,6,6,1,1,1,6,6,1,1,6,6,1,1,6,1,6,1,6,6,6,6,6,1,6,9,9,9,6,6,6,1,6,1,6,6,1,9,9,9,9,1,1,6,6,6,6,1,6,6,6,6,1,1,1,6,1,6,6,6,1,6,6,6,1,1,6,1,1,6,6,6,1,9,9,9,6,6,6,1,1,6,1,6,6,1,6,1,6,1,1,1,1,6,6,6,6,6,6,1,6,1,6,6,1,1,6,6,1,1,6,1,6,1,6,6,6,6,1,1,6,1,6,6,1,6,6,6,1,1,1,1,6,6,6,6,6,6,6,1,1,1,1,6,1,1,1,6,6,1,1,6,1,6,6,6,6,6,1,6,6,1,6,6,6,6,6,6,6,9,6,1,1,6,6,6,1,1,6,6,6,6,6,6,6,6,6,1,1,6,6,6,6,6,6,6,1,1,6,6,1,1,1,6,6,1,6,1,1,6,6,6,6,6,1,6,6,1,1,1,1,6,6,6,1,6,1,6,6,1,6,6,1,1,6,1,6,1,6,6,6,1,1,6,6,6,1,6,1,6,6,1,1,6,1,1,1,1,6,6,6,1,1,6,6,6,1,1,1,6,6,1,1,1,1,1,6,6,1,6,1,1,6,6,1,6,1,1,6,6,1,1,6,9,9,6,6,6,6,6,6,6,1,6,6,1,6,1,1,1,6,6,6,1,1,6,6,6,6,6,6,6,6,6,6,6,6,6,1,6,1,6,6,1,1,1,6,6,6,1,6,1,6,6,6,1,1,1,1,6,1,1,1,1,1,6,6,1,1,1,6,6,6,1,1,1,6,6,6,6,1,1,6,1,1,6,1,6,6,6,6,1,1,6,1,1,6,6,6,1,1,1,6,6,6,9,1,6,6,6,6,1,6,1,1,6,6,1,6,6,6,6,6,1,1,1,1,6,6,1,6,1,1,6,6,6,1,1,6,6,6,6,6,6,6,1,1,1,1,6,1,1,6,6,6,6,1,6,6,6,1,6,6,1,6,1,1,6,9,1,1,1,1,7,1,6,6,6,1,1,1,6,6,6,6,6,6,6,1,6,6,6,6,6,1,6,6,6,6,6,1,6,1,1,6,6,6,6,1,1,1,1,6,6,6,6,1,6,6,6,1,1,6,6,1,1,1,1,6,6,1,1,1,6,1,1,1,1,6,6,1,1,7,1,6,6,6,6,6,1,6,1,1,1,6,1,6,1,1,6,1,1,1,1,1,1,1,6,6,1,1,1,1,1,1,1,1,1,1,1,1,1,6,1,1,1,1,1,1,1,1,1,1,1,1,1,1,1,1,6,1,1,1,6,6,6,6,1,6,1,1,1,1,1,1,1,1,1,1,1,1,6,1,1,1,1,1,1,1,1,6,1,1,6,6,1
244,21376,BYRNE,200,1,1,1,6,1,6,1,1,1,1,1,6,6,6,6,6,6,6,6,1,6,1,1,1,1,1,1,6,6,1,1,1,1,1,1,6,6,6,6,6,6,6,6,1,6,6,6,6,6,1,1,6,1,1,1,6,1,1,9,9,1,1,6,1,1,1,1,1,1,1,1,1,1,1,1,1,1,1,1,1,1,1,1,1,1,1,1,1,1,1,1,1,1,1,1,1,1,1,1,1,1,1,1,6,6,6,6,6,6,6,6,6,1,1,1,1,6,6,1,1,6,1,6,6,1,1,1,1,1,1,6,1,6,6,1,6,1,1,6,6,6,6,6,6,6,6,1,6,6,6,1,6,6,6,6,6,1,1,1,1,1,1,1,6,6,6,1,1,1,1,1,1,1,1,1,1,1,1,1,1,1,6,1,6,1,1,1,1,1,1,1,1,1,1,1,1,1,1,1,1,1,1,1,6,1,6,1,1,1,1,1,1,1,6,1,1,1,1,1,1,1,1,1,1,1,1,1,1,1,1,1,1,1,1,1,1,1,1,1,1,1,6,1,1,1,1,1,1,1,1,1,1,1,1,1,1,1,1,1,1,1,1,1,1,1,6,1,1,1,1,1,1,1,1,1,1,1,6,6,6,1,6,1,1,1,1,1,1,1,1,1,6,1,1,1,1,1,1,1,1,1,1,1,6,1,1,1,1,1,1,1,1,6,1,1,1,6,1,1,1,1,1,1,1,1,1,1,1,1,1,1,1,1,6,6,1,1,1,1,6,1,6,1,1,1,1,1,1,6,6,1,6,1,1,1,6,6,6,6,6,1,6,6,6,6,1,1,1,1,6,1,1,1,1,1,6,1,1,1,1,1,1,1,6,6,6,6,6,6,1,1,1,1,6,6,6,1,6,6,6,1,1,6,6,1,1,1,1,1,1,1,1,1,1,1,1,6,1,6,6,6,6,6,6,1,1,6,1,6,1,6,6,6,1,1,1,1,1,1,1,1,1,1,1,1,1,1,1,6,1,1,1,1,1,1,1,1,6,6,6,6,1,1,6,6,1,1,6,1,6,1,6,1,6,6,6,1,1,6,1,1,6,1,1,1,1,1,1,6,6,1,6,6,6,6,1,1,6,6,6,6,6,1,6,6,6,1,1,1,6,1,1,6,1,6,1,1,1,6,6,6,6,1,1,6,6,1,1,1,1,1,1,1,6,6,1,1,1,1,6,1,1,1,1,1,1,6,1,1,1,1,6,6,1,6,1,1,1,1,1,1,1,6,1,1,6,1,1,1,1,1,1,1,6,6,6,6,6,1,1,1,1,1,6,6,6,1,1,1,1,1,1,6,6,1,6,1,1,1,1,1,1,1,6,1,1,1,1,1,1,1,6,1,1,1,1,1,6,1,1,1,1,1,1,1,1,1,6,1,1,1,1,1,1,1,1,1,1,1,1,6,1,1,1,6,6,1,1,6,1,1,1,6,1,1,1,1,1,1,1,6,1,1,1,1,1,1,1,1,1,1,1,6,1,1,1,1,1,1,6,1,6,1,1,1,1,1,1,1,6,1,1,1,1,6,1,1,1,1,6,1,6,1,1,1,6,1,1,1,1,1,1,6,6,6,1,1,1,1,1,1,6,6,1,1,1,1,1,1,1,1,1,1,1,1,1,1,1,6,1,1,1,1,1,6,1,1,1,1,1,1,1,1,1,1,1,1,1,1,1,1,1,1,1,1,1,1,1,1,1,1,1,1,1,1,1,9,9,9,9,9,9,6,1,1,6,1,1,1,1,1,1,1,1,6,1,1,1,1,1,6,1,1,1,6,1,6,1,1,1,1,1,1,6,1,6,1,6,1,1,1,1,1,1,1,1,6,1,1,1,1,1,1,1,1,1,1,1,1,1,1,1,6,1,1,1,1,1,1,1,1,1,1,1,1,1,1,1,6,1,1,6,6,1,6,1,6,1,1,1,6,1,1,1,1,1,1,1,1,1,1,1,6,1,6,1,1,1,1,1,1,1,1,1,1,1,1,1,1,6,6,1,1,6,1,1,6,6,1,1,6,1,1,1,1,1,1,1,1,6,1,1,1,1,1,6,6,6,6,1,1,6,6,6,6,1,1,1,1,1,1,1,1,6,1,1,1,1,1,1,6,6,1,6,6,1,6,1,1,1,1,6,6,1,1,1,1,1,1,1,1,1,1,1,1,1,1,1,1,1,1,6,1,6,1,1,1,6,1,1,1,1,1,6,1,1,1,1,1,1,1,1,6,6,1,1,6,1,6,6,1,1,1,1,1,6,6,1,6,1,1,1,1,1,1,1,6,1,1,1,6,1,1,6,1,1,1,1,1,1,1,1,1,1,1,1,1,1,6,6,6,1,1,1,1,1,1,1,6,1,1,1,1,1,6,1,1,1,1,1,6,1,1,1,1,1,1,1,1,1,1,6,1,1,1,1,6,1,1,1,6,1,1,1,6,6,6,6,1,1,1,1,1,1,1,1,1,1,1,1,1,1,1,1,1,1,1,1,1,6,1,1,1,1,1,1,1,1,1,1,1,1,1,1,1,1,1,1,1,1,1,1,1,1,1,1,1,1,1,1,1,1,1,1,6,1,1,1,1,1,1,1,1,1,1,1,1,1,1,1,1,1,1,1,1,1,1,1,1,1,1,1,1,1,1,1,1,1,1,1,1,1,1,1,1,1,1,1,1,1,1,1,1,1,1,1
245,21500,PALMER,200,1,1,1,6,1,6,1,1,1,1,1,6,6,9,6,6,6,6,6,1,6,1,1,1,1,1,1,6,6,1,1,1,1,1,1,6,6,6,6,6,6,6,6,1,6,6,6,6,6,1,1,6,1,1,1,6,1,1,1,1,1,1,6,1,1,1,1,1,1,1,1,1,1,1,1,1,1,1,1,1,1,1,1,1,1,1,1,1,1,1,1,1,1,1,1,1,1,1,1,1,1,1,1,1,6,6,6,6,6,6,6,6,1,1,1,1,6,6,1,1,6,1,6,6,1,1,1,1,1,1,6,1,6,6,1,1,1,1,6,6,6,6,6,6,6,6,1,6,6,6,1,6,6,6,6,6,1,1,1,1,1,1,1,6,6,6,1,9,1,1,1,1,1,1,1,1,1,1,1,1,1,6,1,6,1,1,1,1,6,1,1,1,6,1,1,1,1,1,1,1,1,1,1,6,1,6,1,1,1,1,1,1,1,6,1,1,1,1,1,1,1,1,1,1,1,1,1,1,1,1,1,1,1,1,1,1,1,1,1,1,1,6,1,1,1,1,1,6,1,1,1,1,1,1,1,1,1,1,1,1,1,1,1,1,1,6,1,1,1,1,1,1,1,1,1,1,1,6,6,6,1,6,1,1,1,1,1,1,1,1,1,6,1,1,1,1,1,1,1,1,1,1,1,6,1,1,1,1,6,1,1,1,6,1,1,1,6,1,1,1,1,1,1,1,1,1,1,1,1,1,1,6,1,1,6,1,1,1,1,6,1,6,1,1,1,1,1,1,6,6,1,6,1,9,1,6,6,6,6,6,1,6,6,1,6,1,1,1,1,6,1,1,1,1,1,6,1,1,1,1,9,1,1,6,6,6,6,6,6,1,1,1,1,6,6,6,1,6,6,6,1,1,6,6,1,1,1,1,1,1,9,9,9,9,1,1,6,1,6,6,6,6,6,6,1,1,1,1,9,9,9,9,6,1,1,1,1,1,1,1,1,1,1,1,1,1,1,1,6,1,1,1,1,1,1,1,1,6,6,6,6,1,1,6,6,6,1,1,1,6,1,6,1,6,6,6,1,1,6,1,1,6,1,1,9,1,1,1,6,6,1,6,1,6,6,1,1,6,6,6,6,6,1,6,6,6,1,1,1,1,1,1,6,1,6,1,1,1,6,6,6,6,1,1,6,6,1,1,1,1,1,1,6,6,6,1,1,1,1,6,1,1,1,1,1,1,6,1,1,9,1,6,6,1,6,1,1,1,1,1,1,1,6,1,6,6,1,1,1,6,1,1,1,6,6,6,6,6,1,1,1,1,1,6,6,6,1,1,1,1,1,1,6,6,1,6,1,1,1,1,1,1,1,6,1,1,1,6,1,1,6,6,1,1,1,1,1,6,1,1,1,1,1,6,1,1,1,6,1,1,1,1,1,1,1,1,1,1,1,1,6,1,1,1,6,6,1,1,6,1,1,1,6,1,1,6,1,1,1,1,6,1,1,1,1,1,6,1,1,1,1,1,6,1,1,1,1,1,1,6,1,6,1,1,1,1,1,1,1,6,1,1,1,1,6,1,1,1,1,6,1,6,1,9,1,6,1,6,1,1,1,1,6,6,6,1,1,1,1,1,6,6,6,1,1,1,1,1,1,1,1,1,1,1,1,1,1,1,6,1,1,1,1,1,6,1,1,1,1,1,1,1,1,1,1,1,1,1,6,1,1,1,1,1,1,1,1,1,1,1,1,6,1,1,1,6,1,1,1,1,1,1,6,1,1,6,1,1,1,1,1,1,1,1,6,1,6,1,1,1,6,1,1,1,6,1,6,1,1,1,1,1,1,6,1,6,1,6,1,1,1,1,1,1,1,1,6,1,1,1,1,1,1,6,1,1,1,1,6,1,1,1,6,1,1,1,1,1,1,1,1,1,1,1,1,1,1,1,6,1,1,6,6,1,6,1,6,1,1,1,6,1,1,1,1,1,1,1,1,1,1,1,6,1,6,1,6,1,1,1,1,1,1,1,1,1,1,1,1,6,6,1,1,1,1,1,1,1,1,1,6,1,1,1,1,1,1,1,1,6,1,1,1,1,1,6,6,6,6,1,1,6,6,1,6,1,1,1,1,1,1,1,6,6,1,1,1,1,6,1,6,6,1,6,6,1,6,1,1,1,1,6,6,1,1,1,6,1,1,1,1,1,1,1,1,1,1,6,1,1,1,6,1,6,1,1,1,6,1,1,1,1,1,6,1,1,1,1,1,1,1,1,6,6,1,1,6,1,6,1,1,1,1,1,1,6,6,6,6,1,1,1,1,1,1,1,6,1,1,1,6,1,1,6,1,9,1,1,1,1,1,1,1,1,1,1,1,1,6,6,6,1,1,1,1,1,1,1,6,1,1,1,1,1,6,1,1,1,1,1,6,1,1,1,1,1,1,1,1,6,1,6,1,1,1,1,6,1,1,1,6,1,1,1,6,6,6,6,1,1,1,1,1,1,1,1,1,1,1,1,1,6,1,1,1,1,1,1,1,6,1,1,1,1,1,1,1,1,1,1,6,1,1,1,1,1,1,1,1,1,1,1,1,1,1,1,1,1,1,1,1,6,1,6,6,1,1,1,1,1,1,1,1,1,1,1,1,1,1,1,1,1,1,1,1,1,1,1,1,1,1,1,1,1,1,1,1,1,1,1,1,1,1,1,6,1,1,1,1,1,1,1,1,6,1,1
246,21501,McSALLY,200,1,1,1,6,1,6,1,1,1,1,1,6,6,6,6,6,6,6,6,1,6,1,1,1,1,1,6,6,6,1,1,1,1,1,1,6,6,6,6,6,6,6,6,1,6,6,6,6,6,1,1,6,1,1,1,6,1,1,1,1,1,1,6,1,1,1,1,1,1,1,1,1,1,1,1,1,1,1,1,1,1,1,1,1,1,1,1,1,1,1,1,1,1,1,1,1,6,1,1,1,1,1,1,1,6,6,6,6,6,6,6,6,1,1,1,1,6,6,1,1,6,1,6,6,1,1,1,1,1,1,6,1,6,6,1,6,1,1,6,6,6,6,6,6,6,6,1,6,6,6,1,6,6,6,6,6,1,1,1,1,1,1,6,6,6,6,1,1,1,1,6,1,1,1,1,1,1,1,1,1,1,6,1,6,1,1,1,1,1,1,1,1,6,1,6,1,1,1,1,1,1,1,1,6,1,6,1,1,1,1,1,1,1,6,1,1,1,1,1,1,1,1,1,1,1,1,6,1,1,1,1,1,1,1,1,1,1,1,1,1,1,6,1,6,1,1,1,1,1,6,1,1,1,1,1,1,1,1,1,1,1,1,1,1,1,6,1,1,1,1,1,1,9,9,9,9,9,9,9,9,9,9,9,9,1,1,1,1,1,1,1,6,1,1,1,1,1,1,1,1,1,1,6,6,1,1,1,1,1,1,1,1,6,1,1,1,6,1,1,1,1,1,1,1,1,6,1,1,1,1,1,6,1,6,6,6,1,1,1,6,1,6,1,1,1,1,1,1,1,6,1,6,1,1,6,6,6,6,6,6,1,6,6,6,6,1,6,1,1,6,1,1,1,1,1,6,1,1,1,1,1,1,1,6,6,6,6,6,6,1,1,1,1,6,6,6,1,6,6,6,1,1,6,6,1,1,1,1,1,1,1,1,1,1,6,6,6,1,6,6,6,6,6,1,1,1,1,1,6,1,6,6,6,1,1,1,1,1,1,1,1,1,6,1,1,1,1,1,6,6,6,1,6,1,6,1,1,6,6,6,6,1,1,6,6,1,1,6,1,6,1,1,1,1,6,6,6,1,1,6,1,6,1,1,1,1,1,1,6,6,6,1,6,6,6,1,1,1,6,1,1,6,1,1,6,6,6,6,1,6,1,1,6,1,6,1,6,1,6,6,6,6,6,1,1,6,1,1,1,1,1,1,6,6,6,1,1,1,1,6,1,1,1,1,1,1,6,1,1,1,1,6,6,6,6,1,1,1,1,1,1,1,6,1,1,6,1,1,1,1,1,1,1,6,6,6,6,6,1,1,1,1,6,6,6,6,1,1,1,1,1,1,6,6,1,6,1,1,1,1,1,1,1,6,1,1,1,6,1,1,6,6,1,1,1,1,1,6,1,1,1,1,1,6,1,1,6,6,1,1,1,1,1,1,1,1,1,1,1,1,6,1,1,1,6,6,1,1,6,1,6,1,6,1,1,6,1,1,1,1,6,1,1,1,1,1,6,1,1,1,1,1,6,1,1,1,1,1,1,6,1,6,1,1,1,1,1,1,1,6,1,1,1,1,6,1,1,1,1,6,1,6,1,1,1,1,1,6,1,1,1,1,6,6,6,1,1,1,1,1,6,6,6,1,1,1,1,1,1,1,1,1,1,6,1,1,1,1,6,1,1,1,1,1,6,1,1,1,1,1,1,1,1,1,1,1,1,1,6,1,1,1,1,1,1,1,1,1,1,6,1,6,1,1,1,1,1,1,1,1,1,1,6,1,1,6,1,1,1,1,1,1,1,1,6,1,1,1,1,1,6,1,1,1,6,1,6,1,1,1,1,1,1,6,1,6,1,6,1,1,1,1,1,1,9,9,6,1,6,1,1,1,1,1,1,1,1,1,6,1,1,1,6,1,1,1,9,9,1,1,1,1,1,1,1,1,1,1,6,1,1,6,6,1,6,1,6,1,1,1,6,1,1,1,1,1,1,1,1,1,1,1,6,1,6,1,6,9,9,9,1,1,1,1,1,1,1,1,6,6,6,6,1,1,1,1,6,1,1,1,6,1,6,9,1,1,1,1,6,6,1,1,1,1,1,6,6,6,6,1,1,1,1,1,6,1,1,1,1,1,1,1,6,6,1,1,1,1,6,1,6,6,6,6,6,1,6,1,6,1,1,6,9,1,1,1,6,1,1,1,1,1,1,1,1,9,9,9,1,1,1,6,1,6,1,1,1,6,1,1,1,1,1,6,1,1,1,1,1,1,9,9,6,1,1,1,6,1,1,1,1,1,1,1,1,1,6,6,6,1,1,1,1,1,1,1,6,1,1,1,6,1,1,6,1,1,1,1,1,1,1,1,1,1,1,1,1,1,6,1,6,1,1,1,1,1,1,1,6,1,1,6,6,1,6,1,1,1,1,1,6,1,1,1,1,1,1,1,1,1,1,6,1,1,1,1,6,1,1,1,6,1,1,1,6,6,6,6,1,1,1,1,1,1,1,1,1,1,1,1,1,1,1,1,1,1,1,1,1,6,1,1,9,9,1,1,1,1,1,1,1,1,9,9,1,1,1,1,1,6,6,1,9,9,9,9,9,9,9,9,9,9,1,1,1,1,1,1,1,1,1,1,1,1,1,1,1,1,1,1,1,1,1,1,1,1,1,1,1,1,1,1,1,1,1,1,1,1,1,1,1,1,1,1,1,1,1,1,1,1,1,1,1,1,1,1
247,21502,GALLEGO,100,6,6,6,1,6,9,9,9,9,9,9,9,9,9,9,9,9,9,9,9,9,9,1,1,6,6,6,1,1,6,6,6,1,6,6,1,1,1,1,1,1,1,1,6,1,1,1,1,1,6,6,1,6,6,6,1,6,6,1,1,6,6,1,6,9,9,6,6,6,6,6,6,6,6,6,6,6,1,1,6,6,6,6,6,9,9,6,6,6,6,9,6,6,6,6,6,6,6,1,6,1,6,6,1,1,1,1,1,1,1,1,1,6,6,6,1,1,1,6,6,9,1,1,1,6,1,6,6,6,6,1,6,1,1,1,1,6,6,1,1,1,1,1,1,1,1,6,1,1,1,6,1,1,1,1,1,6,1,1,6,6,6,1,1,1,1,6,6,1,1,1,1,1,1,6,6,1,6,6,1,6,1,6,1,6,1,6,6,1,6,6,1,1,1,1,6,9,6,6,6,6,6,6,1,6,1,6,1,1,6,6,6,6,1,6,6,6,6,1,1,1,1,6,6,1,1,6,6,6,1,1,1,1,6,1,1,1,1,6,6,1,1,6,1,6,6,1,6,1,1,6,6,6,1,6,1,1,6,6,6,1,6,6,6,1,1,6,1,1,6,6,1,6,6,6,1,1,1,1,1,6,1,1,1,1,1,6,6,6,6,6,1,6,6,6,6,6,6,1,1,6,6,6,1,6,1,6,1,1,6,6,6,1,6,6,6,1,6,1,6,6,1,1,6,6,1,1,1,1,6,6,6,6,6,1,6,1,6,6,1,6,1,6,1,1,6,6,1,1,1,6,1,6,6,6,6,1,1,1,1,1,1,1,6,1,6,6,6,6,6,6,6,6,6,1,1,1,1,1,1,6,6,1,1,1,1,1,1,1,6,6,6,6,1,1,1,6,1,1,1,6,6,1,1,6,6,6,1,6,6,6,1,6,6,6,6,1,6,1,1,1,1,1,1,6,6,6,6,1,1,6,1,1,6,6,1,1,1,1,1,6,6,6,6,6,6,1,6,1,6,6,6,6,6,6,6,6,1,1,1,1,1,6,1,1,6,6,6,6,1,6,1,6,1,1,1,6,6,1,6,6,1,6,1,6,6,6,6,1,1,6,1,6,1,1,6,6,1,1,1,1,1,6,1,1,1,6,6,6,6,6,6,1,6,1,6,6,6,1,1,1,1,6,6,1,1,6,1,6,1,6,6,6,1,1,6,6,6,1,1,6,6,1,1,6,6,1,6,1,6,6,1,1,6,1,6,1,1,6,6,1,1,1,1,1,1,1,1,1,6,6,6,1,1,1,1,1,1,6,1,6,6,1,1,1,1,6,6,1,1,6,6,1,1,6,1,1,1,6,6,6,6,1,1,6,1,1,6,6,6,6,1,6,1,6,6,1,1,6,1,6,1,1,1,6,6,6,1,6,1,6,6,1,1,1,6,1,6,6,6,1,6,6,6,1,1,6,1,1,6,6,6,1,1,1,6,1,6,6,1,1,6,1,6,6,1,6,1,6,1,1,1,1,6,6,6,6,6,6,1,6,1,6,6,1,1,6,6,1,1,6,1,6,1,1,6,6,6,1,1,6,6,6,6,1,6,6,6,1,1,1,1,1,1,1,6,6,6,6,1,6,1,1,6,1,1,1,6,6,1,1,6,1,6,6,6,6,6,1,6,6,1,1,6,6,6,6,6,6,1,6,9,9,6,6,6,1,1,1,6,6,6,6,6,6,6,6,1,1,6,6,6,6,6,6,6,1,1,6,6,1,1,1,6,6,1,6,1,1,6,6,6,6,6,1,6,1,1,1,1,1,6,6,6,1,6,1,6,6,1,6,6,1,1,6,1,6,1,6,6,6,1,1,6,6,1,1,6,6,6,6,1,1,6,1,1,1,1,1,6,6,6,1,6,6,6,1,1,1,6,6,1,1,1,1,1,6,6,1,6,1,1,6,6,6,6,1,1,6,6,1,1,6,1,1,6,6,6,6,6,6,6,1,6,1,6,1,1,1,1,6,6,6,1,1,6,6,6,1,6,9,6,6,6,6,6,6,6,1,6,1,6,9,1,1,1,6,6,1,1,6,1,6,6,6,6,6,1,1,6,1,6,6,1,1,6,1,1,1,1,6,6,1,9,1,1,6,6,6,6,1,1,6,1,1,6,1,6,6,6,6,1,1,6,1,1,1,6,6,1,1,1,6,6,6,1,1,6,6,6,6,1,6,1,1,6,6,1,6,6,6,6,6,1,1,1,1,6,6,1,6,1,1,6,6,6,1,1,1,6,6,6,6,1,1,1,1,1,1,1,1,1,6,6,6,6,1,6,6,6,1,6,1,1,6,1,1,6,6,9,1,1,1,7,1,6,6,6,1,1,1,6,6,6,6,6,6,6,1,6,6,6,6,6,1,6,6,6,6,6,1,6,1,1,6,6,6,6,6,1,1,1,6,6,6,1,9,9,6,6,1,1,6,6,1,1,1,1,6,6,1,1,1,6,1,1,1,1,6,6,1,1,7,1,1,6,6,6,6,1,6,1,1,1,6,1,6,1,1,6,1,1,1,1,1,1,1,6,6,1,1,1,1,1,1,1,1,1,1,1,1,1,6,1,1,1,1,1,1,1,1,1,1,1,1,1,1,1,1,1,1,1,1,6,6,6,6,1,6,1,1,1,1,1,1,1,1,1,1,1,1,6,1,1,1,1,1,1,1,1,6,1,1,6,6,1
248,21503,HILL,200,1,1,1,6,1,6,1,1,1,1,1,6,6,6,6,6,6,6,6,1,6,1,1,1,1,1,6,6,6,1,1,1,1,1,1,6,6,6,6,6,6,6,6,1,6,6,6,6,6,1,1,6,1,1,1,6,1,1,1,1,1,1,6,1,1,1,1,1,1,1,1,1,1,1,1,1,1,1,1,1,1,1,1,1,1,1,1,1,1,1,1,1,1,1,1,1,1,1,1,1,1,1,1,1,6,6,6,6,6,6,6,6,1,1,1,1,6,6,1,1,6,1,6,6,1,9,9,1,1,1,6,1,6,6,1,1,1,1,6,6,6,6,6,6,6,6,1,6,6,6,1,6,6,6,6,6,1,1,1,1,1,1,6,6,6,6,1,1,1,1,6,1,1,1,1,1,1,1,1,1,1,6,1,6,1,1,1,1,6,1,1,1,6,1,1,1,1,1,1,1,9,1,1,6,1,6,1,1,1,1,1,1,1,6,1,1,1,1,1,1,1,1,1,1,1,1,6,1,1,1,1,1,6,1,1,1,1,1,1,1,1,6,1,1,1,1,1,1,1,1,1,1,6,1,1,1,1,1,1,1,1,1,1,1,1,6,6,1,1,1,1,1,1,1,1,1,1,6,6,6,1,6,1,1,1,1,1,1,1,1,1,6,1,1,1,1,1,1,1,1,1,1,1,6,1,1,1,1,1,1,1,1,6,1,1,1,6,1,1,1,1,1,1,1,1,1,1,1,1,1,1,1,1,6,6,1,1,1,1,6,1,6,1,1,1,1,1,1,6,6,1,6,1,1,1,6,6,6,6,6,1,6,6,1,6,1,1,1,1,6,6,1,1,1,1,6,1,1,1,1,1,1,1,6,6,6,6,6,6,1,1,1,1,6,6,6,1,6,6,6,1,1,6,6,1,1,1,1,1,1,1,1,1,1,6,6,6,1,6,6,6,6,6,6,1,1,1,1,6,6,6,6,6,1,1,1,1,1,1,1,1,1,1,1,1,6,1,6,6,1,1,1,1,1,6,1,1,6,6,6,6,1,1,6,6,6,1,1,1,6,1,6,1,6,6,6,1,1,6,1,1,6,1,1,1,1,1,1,6,6,6,6,6,6,6,1,1,6,6,6,6,6,1,6,6,6,6,1,1,1,1,1,6,1,6,1,1,1,6,6,6,6,1,1,6,6,1,1,1,1,1,1,1,6,6,1,1,1,1,6,1,1,1,1,1,1,6,1,1,1,1,6,6,1,6,1,1,1,1,1,1,1,6,1,6,6,1,1,1,1,1,1,1,6,6,6,6,6,1,1,1,1,1,6,6,6,1,1,1,9,9,9,9,9,9,9,9,9,1,1,1,1,1,6,1,1,1,6,1,1,1,6,1,1,1,1,1,6,1,1,1,1,1,1,1,1,6,6,1,1,1,1,1,1,1,1,1,1,1,1,6,1,1,1,6,6,1,1,6,1,6,1,6,1,1,6,1,1,1,1,6,1,1,1,1,1,6,1,1,1,1,1,6,1,1,1,1,1,1,6,1,6,1,1,1,1,1,1,1,6,1,1,1,1,6,1,1,1,1,6,1,1,1,1,1,1,1,1,1,1,1,1,6,6,6,1,1,1,1,1,6,6,6,1,1,1,1,1,1,1,1,1,1,6,1,1,1,1,6,1,1,1,1,1,6,1,1,1,1,1,1,1,1,1,1,1,1,1,6,1,1,1,1,1,1,1,1,1,1,6,1,6,1,1,1,1,1,1,1,1,1,1,6,1,1,6,1,1,1,1,1,1,1,1,6,1,1,1,1,1,6,1,1,1,6,1,6,1,1,1,1,1,1,6,1,6,1,6,1,1,1,1,1,1,1,1,6,1,1,1,1,1,1,1,1,1,1,1,6,1,1,1,6,1,1,1,1,1,1,1,1,1,1,1,1,1,1,1,6,1,1,6,6,1,6,1,6,1,6,1,6,1,1,1,1,1,1,1,1,1,1,1,6,1,6,1,6,1,1,1,1,1,1,1,1,1,1,1,6,6,6,6,1,6,1,6,6,6,1,1,6,1,1,1,1,1,1,1,6,6,1,1,1,1,1,6,6,6,6,1,1,6,6,1,6,1,1,1,1,1,1,1,6,6,1,1,1,1,6,1,6,6,6,6,6,6,6,1,1,1,1,6,6,1,1,1,6,1,1,1,1,1,1,1,1,1,1,6,1,1,1,6,1,6,1,1,1,6,1,1,1,1,1,6,1,1,1,1,1,1,1,1,6,1,1,1,6,1,6,1,1,1,1,6,6,6,6,6,6,1,1,1,1,1,1,1,6,1,1,1,6,1,1,6,1,1,1,9,1,1,1,1,1,1,1,1,1,1,6,6,6,6,1,1,1,1,1,1,6,1,1,1,1,1,6,1,6,1,1,1,6,1,1,1,1,1,1,1,1,1,1,6,1,1,1,1,6,1,1,1,6,1,1,1,6,6,6,6,1,1,1,1,1,1,1,1,1,1,1,1,1,1,1,1,1,1,1,1,1,9,1,1,1,1,1,1,1,1,1,1,6,1,1,1,1,1,1,1,1,6,1,1,1,1,1,1,1,1,1,1,1,1,1,1,1,1,1,1,1,1,1,1,1,1,1,1,1,1,1,1,1,1,1,1,1,1,1,1,1,1,1,1,1,1,1,1,1,1,1,1,1,1,1,1,1,1,1,1,1,1,1,1,1,1,1,1
249,21504,DESAULNIER,100,6,6,6,1,6,1,6,6,6,6,6,1,1,1,1,1,1,1,1,6,1,6,1,1,6,6,6,1,1,6,6,6,1,6,6,1,1,1,1,1,1,1,1,6,1,1,1,1,1,6,6,1,6,6,6,1,6,6,1,1,6,6,1,6,1,1,6,6,6,6,6,6,6,6,6,6,6,1,1,6,6,6,6,6,1,1,6,6,6,6,6,6,6,6,6,6,6,6,1,6,1,6,6,1,1,1,1,1,1,1,1,1,6,6,6,6,1,1,6,6,1,6,1,1,6,1,6,6,6,6,1,6,1,9,6,1,6,6,1,1,1,1,1,1,1,1,6,1,1,1,6,9,1,1,1,1,6,1,1,6,6,6,1,1,1,1,6,6,1,1,1,1,1,1,6,6,1,6,6,1,6,1,1,1,6,1,6,6,6,6,6,1,6,1,1,6,6,6,6,6,6,6,6,1,6,1,6,1,1,6,6,6,6,1,6,6,6,6,6,1,1,1,6,6,1,6,6,6,6,6,1,1,6,6,1,1,1,1,6,6,1,1,6,6,6,6,1,1,1,1,6,6,6,1,6,1,1,6,6,6,1,6,6,6,1,1,6,6,6,6,6,1,6,6,6,1,1,1,1,1,6,1,6,1,1,1,6,6,6,6,6,1,6,6,6,6,6,6,1,1,6,6,1,1,6,6,6,1,1,6,6,6,1,6,6,6,1,6,1,6,1,1,1,6,6,1,1,1,1,6,6,1,6,6,1,6,1,6,6,1,6,1,6,1,1,6,6,1,1,1,6,1,6,6,6,1,1,1,1,1,6,1,1,6,1,6,6,6,6,6,6,6,6,6,1,1,6,1,1,1,6,6,1,1,1,1,1,1,1,6,6,6,6,1,1,1,6,1,1,1,6,1,1,1,6,6,6,1,6,6,6,1,6,6,6,6,1,6,1,1,1,1,1,1,6,6,6,6,1,1,1,1,1,6,6,1,1,1,1,1,6,6,6,6,6,6,6,6,1,6,6,6,6,6,6,6,6,1,1,1,1,6,6,1,1,6,6,6,6,1,6,1,6,1,1,1,6,6,1,6,6,1,6,1,6,6,6,6,1,1,6,1,6,1,1,6,6,1,1,1,1,1,6,1,1,1,6,6,6,6,6,6,1,6,1,6,6,6,1,1,1,1,6,6,1,1,6,1,6,1,6,6,6,1,1,6,6,6,1,1,6,6,1,1,6,6,1,6,1,6,6,1,1,6,1,6,1,1,6,6,1,1,1,1,1,1,1,1,1,1,6,6,1,1,1,1,1,1,6,1,6,6,1,1,1,1,6,6,1,1,6,6,1,1,6,1,6,1,6,6,6,6,6,1,6,1,1,6,6,6,6,1,6,6,6,6,1,1,6,1,6,1,1,1,6,6,6,1,6,6,6,6,1,1,1,6,1,6,6,6,1,6,6,6,1,1,6,1,1,6,6,6,1,1,1,1,6,6,6,1,1,6,1,6,6,1,9,1,6,1,1,1,1,6,6,6,6,6,6,1,6,1,6,6,1,1,6,6,1,1,6,1,6,1,1,6,6,6,1,1,6,1,6,6,1,1,6,1,1,1,1,1,6,6,6,9,9,9,9,9,9,9,9,9,9,1,1,6,6,1,1,6,1,1,6,6,6,6,1,6,6,1,6,6,6,6,6,6,6,1,6,1,1,6,6,6,1,1,1,6,6,6,6,6,6,6,6,1,1,6,6,6,6,6,6,6,1,1,6,6,1,1,1,6,6,1,6,1,1,6,6,6,6,6,1,6,6,6,1,1,1,6,6,6,1,6,1,6,6,1,6,6,1,1,6,1,6,1,6,6,6,1,1,6,6,6,1,6,1,6,6,1,9,6,1,1,1,1,1,6,6,6,1,6,6,6,1,1,1,6,6,1,1,1,1,1,6,6,1,6,1,1,6,6,1,6,1,1,6,6,1,1,6,1,1,6,6,6,6,6,6,6,1,6,1,6,1,1,1,1,6,6,6,1,6,6,6,6,6,6,6,6,6,6,6,6,6,6,1,6,1,6,1,1,1,1,6,6,1,1,6,6,6,6,6,1,1,1,1,6,1,6,6,1,1,6,6,1,1,1,6,6,1,1,1,1,6,6,1,6,1,1,6,1,1,6,1,6,6,6,6,1,1,6,1,1,1,6,6,1,1,6,6,6,6,1,1,1,6,6,6,1,6,1,6,6,6,1,6,6,6,6,6,1,1,1,1,6,6,1,6,1,1,6,6,6,1,1,6,6,6,6,6,6,6,1,1,6,1,6,1,1,6,6,6,6,1,6,6,6,1,6,6,1,6,1,1,6,6,1,1,1,1,6,1,6,6,6,1,1,1,6,6,6,6,6,6,6,1,6,6,6,6,6,1,6,6,6,6,6,1,6,1,1,6,6,6,6,6,1,1,1,6,6,6,6,1,6,6,6,1,1,6,6,1,1,1,1,6,6,1,1,1,6,1,1,1,1,6,6,1,6,6,1,6,6,6,6,6,1,6,1,9,9,6,1,6,1,1,6,1,1,9,9,1,1,1,6,6,1,1,1,1,1,1,1,1,1,1,1,1,1,6,1,1,1,1,1,1,1,1,1,1,1,1,1,1,1,1,6,1,1,1,6,6,6,6,1,6,1,1,1,1,1,1,1,1,1,1,1,1,6,1,1,1,1,1,1,1,1,6,1,1,6,6,1
250,21505,KNIGHT,200,1,1,1,6,1,6,1,1,1,1,1,6,6,6,6,6,6,6,6,1,6,1,1,1,1,1,6,6,6,1,1,1,1,1,1,6,6,6,6,6,6,6,6,1,6,6,6,6,6,1,1,6,1,1,1,6,1,1,1,1,1,1,6,1,1,1,1,1,1,1,1,1,1,1,1,1,1,1,1,1,1,1,1,1,1,1,1,1,1,1,1,1,1,1,1,1,1,1,1,1,1,1,1,1,6,6,6,6,6,6,6,6,1,1,1,1,6,6,1,1,6,1,6,6,1,1,1,1,1,1,6,1,9,6,1,1,1,1,6,6,6,6,6,6,6,6,1,6,6,6,1,6,6,6,6,6,1,1,1,1,1,1,1,6,6,6,1,1,1,1,6,1,1,1,1,1,1,1,1,1,1,6,1,6,1,1,1,1,6,1,1,1,1,1,1,1,1,1,1,1,1,1,1,6,1,6,1,1,1,1,1,1,1,6,1,1,1,1,1,1,1,1,1,1,1,1,6,1,1,1,1,1,6,1,1,1,1,1,1,1,1,6,1,6,1,1,1,1,1,6,1,1,6,1,1,1,1,1,1,1,1,9,1,1,1,6,1,1,1,1,1,1,1,1,1,1,1,6,6,6,1,6,1,1,1,1,1,1,1,1,1,6,1,1,1,1,1,1,1,1,1,1,6,6,1,1,1,1,1,1,1,1,6,1,1,1,6,1,1,1,1,1,1,1,1,1,1,1,1,1,1,6,1,6,6,1,1,1,1,6,1,6,1,1,1,1,1,1,6,6,1,6,1,1,1,6,6,6,6,6,1,6,6,6,6,1,6,6,1,6,1,1,1,1,1,6,1,9,9,9,1,1,1,6,6,6,6,6,6,1,1,1,1,6,6,6,1,6,6,6,1,1,6,6,1,1,1,1,1,1,1,1,1,1,6,6,6,6,6,6,6,6,6,6,1,1,6,6,6,1,6,6,6,1,1,1,1,1,1,1,1,1,6,1,6,6,6,6,6,6,6,1,6,1,6,1,1,6,6,6,6,1,1,6,6,6,1,6,1,6,6,6,6,6,6,6,1,1,1,6,1,6,1,1,1,1,6,1,6,6,6,6,6,6,6,1,1,6,6,6,6,6,6,6,6,6,6,6,6,1,1,6,6,1,6,1,1,1,6,6,6,6,1,1,6,6,1,1,1,1,1,1,6,6,6,1,1,1,1,6,1,1,1,1,1,1,6,1,1,1,1,6,6,6,6,1,9,9,1,1,1,9,6,1,1,6,1,1,1,6,1,1,1,6,6,6,6,6,1,1,1,1,6,6,6,6,1,1,1,1,1,1,6,6,1,6,1,1,1,1,1,1,1,6,1,1,1,6,1,1,6,6,1,1,1,1,1,6,1,1,1,1,1,6,1,1,6,6,1,1,1,1,1,1,1,1,1,1,1,1,6,1,1,1,6,6,1,1,6,1,6,1,6,1,1,6,1,1,1,1,6,1,1,1,1,1,6,1,1,1,1,1,6,1,1,1,1,1,1,9,1,6,1,1,1,1,1,1,1,6,1,1,1,1,6,1,1,1,1,6,1,6,1,1,1,6,1,1,1,1,1,1,6,6,6,1,1,1,1,1,6,6,6,1,1,1,1,1,1,1,1,1,1,1,1,1,1,1,6,1,1,1,1,1,6,1,1,1,1,1,1,1,1,1,1,1,1,1,6,1,1,1,1,1,1,1,1,1,1,6,1,6,1,1,1,1,1,1,1,1,1,1,6,1,1,6,1,1,1,1,1,1,1,1,6,1,1,1,1,1,6,1,1,1,6,1,6,1,1,1,1,1,1,6,1,6,1,6,1,1,1,1,1,1,1,1,6,1,6,1,1,1,1,1,1,1,1,1,6,1,1,1,6,1,1,1,1,1,1,1,1,1,1,1,1,1,1,1,6,1,1,6,6,1,6,1,6,1,6,1,6,1,1,1,1,1,1,1,1,1,1,1,6,1,6,1,6,1,1,1,1,1,1,1,1,1,1,1,6,6,6,6,1,6,1,1,6,6,1,1,6,1,6,1,1,1,1,1,1,6,1,1,1,1,1,6,6,6,6,1,1,6,6,1,6,1,1,1,1,1,1,1,1,6,1,1,1,1,6,1,6,6,1,6,6,1,6,1,6,1,1,6,6,1,1,1,6,1,1,1,1,1,1,1,1,1,1,1,1,1,1,6,1,6,1,1,1,6,6,1,1,1,1,6,1,1,9,1,1,1,1,1,6,1,1,1,6,1,1,1,1,1,1,1,1,1,6,6,6,1,1,1,1,1,1,1,6,1,1,1,6,1,1,6,1,1,1,1,1,1,1,1,1,1,1,1,1,6,6,6,6,6,1,1,1,1,1,1,6,1,1,6,6,1,6,1,1,1,6,1,6,1,1,1,1,1,1,1,1,1,1,6,1,1,1,1,6,1,1,1,6,1,1,1,6,6,6,6,1,1,1,1,1,1,1,1,1,1,1,1,1,1,1,1,1,1,1,1,1,6,1,1,9,9,1,1,1,9,9,9,9,9,9,9,9,9,9,9,9,9,9,9,1,1,1,1,1,1,1,1,1,1,9,9,1,1,1,1,1,1,1,1,1,1,1,1,1,1,1,1,1,1,1,1,1,1,1,1,1,1,1,1,1,1,1,1,1,1,1,1,1,1,1,1,1,1,1,1,1,1,1,1,1,1,1,1
251,21506,AGUILAR,100,6,6,6,1,6,1,6,6,6,1,6,1,1,1,1,1,1,1,1,6,1,6,1,1,6,6,6,1,1,1,6,6,1,6,6,1,1,1,1,1,1,1,1,6,1,1,1,1,1,6,6,1,6,6,6,6,6,6,1,1,6,6,1,6,1,1,6,6,6,6,6,6,6,6,6,6,6,1,1,6,6,6,6,6,1,1,6,6,6,6,6,6,6,6,6,6,6,6,1,6,1,6,6,1,1,1,1,1,1,1,1,1,6,6,6,1,1,1,6,6,1,6,1,1,6,1,6,6,6,6,6,6,6,6,1,6,6,6,1,1,1,1,1,1,1,1,6,1,1,1,6,1,1,1,1,1,6,1,1,6,6,6,6,1,1,1,6,6,1,1,6,1,1,1,6,6,1,6,6,1,6,1,1,1,6,1,6,6,6,6,6,1,6,1,1,6,6,6,6,6,6,6,6,1,6,1,6,1,1,6,6,6,6,1,1,6,6,6,1,1,1,1,6,6,1,1,6,6,6,1,1,1,6,6,1,1,1,1,6,6,1,1,6,6,6,6,1,1,1,6,6,6,6,1,6,1,1,6,6,6,1,6,6,1,1,1,6,1,1,6,6,1,6,6,6,1,1,1,1,1,6,1,1,1,1,1,6,6,6,6,6,1,6,9,9,9,9,9,1,1,6,6,6,1,6,1,6,1,1,6,6,6,1,1,6,6,1,6,1,6,1,1,1,6,6,6,1,1,1,6,6,6,6,6,1,6,1,6,6,1,6,1,6,1,1,6,6,1,1,1,6,1,6,6,6,6,1,6,1,1,6,1,6,6,1,6,6,6,6,1,6,6,6,6,1,1,1,1,1,1,6,6,1,1,1,1,1,1,1,6,6,6,6,1,1,1,6,1,1,1,6,1,1,6,6,1,6,1,6,6,6,1,6,6,6,6,1,6,1,1,1,1,1,1,6,6,6,6,1,1,6,1,1,6,6,1,1,1,9,1,6,6,6,6,6,6,6,6,1,6,6,6,6,6,6,6,6,1,1,1,1,1,6,1,1,6,6,6,6,1,6,1,6,1,1,1,6,6,1,6,6,1,6,1,6,6,6,6,1,1,6,1,6,1,1,6,6,1,1,1,1,1,1,1,1,1,6,6,6,6,6,6,1,6,1,6,6,6,1,1,6,1,6,6,1,1,6,1,6,1,6,6,6,1,1,6,6,6,1,1,6,6,1,1,6,6,1,6,1,6,6,6,6,6,1,6,1,1,6,6,1,1,1,1,1,1,1,1,1,6,6,6,1,1,1,1,1,1,6,1,6,6,6,1,1,1,6,6,1,9,6,6,1,1,6,1,6,1,6,6,6,6,1,1,6,1,1,6,6,6,6,1,6,1,6,6,1,1,6,1,6,1,1,6,6,6,6,1,6,1,6,6,1,1,1,6,1,1,6,6,1,6,6,6,1,1,6,1,1,6,6,6,1,1,1,6,1,6,6,1,1,6,9,6,6,1,6,1,6,1,1,1,1,1,6,6,6,6,1,1,6,1,6,6,1,1,6,6,1,1,6,1,6,1,6,6,6,6,1,1,6,6,6,6,1,6,6,1,1,1,1,1,6,6,6,6,6,6,1,1,1,6,1,1,1,1,1,6,6,1,1,6,1,1,6,6,6,6,1,6,6,1,1,6,6,6,6,6,6,1,6,1,1,6,6,6,1,1,6,6,6,6,1,6,6,6,6,1,1,6,1,1,6,6,6,6,1,1,6,6,1,1,1,1,6,1,1,1,1,6,6,6,6,6,1,6,1,1,1,1,1,1,6,6,1,6,1,6,6,1,6,6,1,1,6,1,6,1,1,6,6,1,1,6,6,1,1,6,1,6,6,1,9,6,1,1,1,1,1,6,6,1,1,6,6,1,1,1,1,6,6,1,1,1,1,1,6,6,1,6,1,1,6,6,1,6,1,1,6,6,1,1,6,1,1,6,6,6,6,6,6,6,1,6,6,1,6,1,1,1,6,6,6,1,1,1,6,6,6,6,6,6,6,6,6,6,6,6,1,6,1,6,6,1,1,1,6,6,6,1,6,1,6,6,6,6,6,1,1,6,1,6,6,1,6,6,1,1,1,1,6,6,1,1,1,9,6,6,6,6,1,1,6,1,1,6,1,6,6,6,6,1,1,6,1,1,6,6,6,1,1,1,6,1,6,1,1,6,6,6,6,1,1,1,1,6,6,1,6,6,6,6,6,1,1,1,1,6,6,1,1,1,1,6,6,6,1,1,6,6,6,6,6,6,6,1,6,6,1,1,9,1,6,6,6,6,1,6,6,6,1,6,1,1,6,1,1,6,6,1,1,1,1,7,1,6,6,6,1,1,1,6,9,6,6,6,6,6,1,6,6,6,6,6,1,6,6,6,6,6,1,6,1,1,6,6,6,6,1,1,1,1,6,1,6,1,9,9,6,6,1,1,6,6,1,1,1,1,6,6,1,1,1,6,1,1,1,1,6,6,1,1,7,1,1,6,6,6,1,1,6,1,1,1,6,1,6,1,1,6,1,1,1,1,1,1,1,6,6,6,1,1,1,1,1,1,1,1,1,1,1,1,6,1,1,1,1,1,1,1,1,1,1,1,1,1,1,1,1,6,1,1,1,6,6,6,6,1,6,1,1,1,1,1,1,1,1,1,1,1,1,6,1,1,1,1,1,1,1,1,6,1,1,6,6,1
252,21507,LIEU,100,6,6,6,1,6,1,6,6,6,1,6,1,1,1,1,1,1,1,1,6,1,6,1,1,6,6,6,1,1,1,6,6,1,6,6,1,1,1,1,1,1,1,1,6,1,1,1,1,1,6,6,1,6,6,6,9,6,6,1,1,6,6,1,9,1,1,6,6,6,6,6,6,6,6,6,6,6,1,1,6,6,6,6,6,1,1,6,6,6,6,6,6,6,6,6,6,6,6,1,6,1,6,6,1,1,1,1,1,1,1,1,1,6,6,9,6,1,1,6,6,1,1,1,1,6,1,6,6,6,6,1,6,1,1,1,1,6,6,1,1,1,1,1,1,1,1,6,1,1,1,6,1,1,1,1,1,6,1,1,6,6,6,6,1,1,1,6,6,1,1,6,1,1,1,6,6,1,6,6,1,6,1,1,9,9,9,9,9,9,9,9,9,9,1,1,6,6,6,6,6,6,6,6,1,6,1,6,9,9,6,6,6,6,1,1,6,6,6,1,1,1,1,6,6,1,1,6,6,6,1,1,1,6,9,9,1,1,1,6,6,1,1,6,6,6,6,1,6,1,6,6,6,6,1,6,1,9,9,9,6,1,6,6,6,1,1,6,1,1,6,6,9,6,6,6,1,1,1,1,1,6,1,1,1,9,9,6,6,6,6,6,1,6,6,6,6,6,6,9,9,6,6,6,1,6,1,1,1,1,6,6,6,1,6,9,9,9,9,9,9,9,1,1,6,6,6,1,1,1,6,6,6,6,6,1,6,1,6,6,1,6,1,6,9,9,9,9,9,9,9,9,9,9,9,9,9,9,9,9,9,9,9,9,9,9,9,9,9,6,6,6,6,6,6,1,1,1,1,1,1,6,6,1,1,1,1,1,1,1,6,6,6,6,1,1,1,6,1,1,1,6,1,1,1,6,6,6,1,6,6,6,1,6,6,6,6,1,6,1,1,1,1,1,1,6,6,6,6,1,1,1,1,1,6,6,1,1,1,1,1,6,6,6,9,9,9,9,9,9,9,9,9,9,9,9,6,6,1,1,1,1,6,6,1,1,6,6,6,6,1,6,1,6,1,1,1,6,6,1,6,6,1,6,1,6,6,6,6,1,1,6,1,6,1,1,6,6,1,1,1,1,1,1,1,1,1,6,6,6,6,6,6,1,6,1,6,6,6,1,1,1,1,6,6,1,1,6,1,6,1,6,6,6,1,1,6,6,9,1,1,6,6,1,1,6,6,1,6,1,6,6,1,1,6,1,6,1,1,6,6,1,1,1,1,1,1,1,1,1,6,6,6,1,1,1,1,1,1,6,1,6,6,6,1,1,1,6,6,1,1,6,6,1,1,6,1,6,1,6,6,6,6,1,1,6,1,1,6,6,6,6,1,6,6,6,6,1,1,6,1,6,9,9,9,6,6,6,1,6,1,6,6,1,1,1,6,1,6,6,6,1,6,6,6,1,1,6,1,1,6,6,6,1,1,1,6,6,6,6,1,1,6,1,6,6,1,6,1,6,1,1,1,1,1,6,6,6,6,1,1,6,1,6,6,1,1,6,6,1,1,6,1,6,1,9,6,6,6,1,1,6,9,6,6,1,6,6,1,1,1,1,1,6,6,6,6,6,6,1,1,6,1,1,6,1,1,1,6,6,1,1,6,1,6,6,6,6,6,1,6,6,1,6,6,6,7,7,6,6,1,6,1,1,6,6,6,1,1,6,6,6,6,6,6,6,6,6,1,1,6,6,6,6,6,6,6,1,1,6,6,1,1,1,6,6,1,6,1,1,6,6,6,6,6,1,6,6,1,1,1,9,9,9,9,9,9,9,9,9,9,9,9,9,9,9,1,6,1,6,6,6,1,1,6,6,1,1,1,6,6,6,1,1,6,1,1,1,1,6,6,6,6,1,6,6,6,1,1,1,6,6,1,1,1,1,1,6,6,1,6,1,1,1,6,1,6,1,1,6,6,1,1,6,1,1,6,6,6,6,6,6,6,1,6,1,1,6,1,1,1,6,6,6,1,1,1,6,6,6,6,6,6,6,6,6,6,9,9,9,9,9,9,9,1,1,1,6,6,6,1,1,1,6,6,6,6,6,1,1,6,1,6,6,1,1,6,1,9,9,9,6,6,6,1,1,1,6,6,6,6,1,1,6,1,1,6,1,6,6,6,1,1,1,6,1,1,6,6,6,1,1,1,6,1,6,1,9,6,6,6,6,1,1,1,1,6,6,1,6,6,6,6,6,1,1,1,1,6,6,1,6,1,1,6,6,6,1,1,1,6,6,6,6,1,1,1,6,1,1,1,1,1,6,6,6,6,1,6,6,6,1,6,1,1,6,1,1,6,6,1,1,1,1,7,1,6,6,6,1,1,1,6,6,6,6,6,6,6,1,6,6,6,6,6,1,6,6,6,6,6,1,6,1,1,6,6,6,6,1,1,1,1,6,6,6,1,1,6,6,6,1,1,6,6,1,1,1,1,6,6,1,1,1,6,1,6,1,1,6,6,9,1,7,1,6,6,6,6,6,1,6,1,1,9,6,1,6,1,1,6,1,1,9,9,1,1,1,6,6,9,1,1,1,1,1,1,1,1,1,1,1,1,6,1,1,1,1,1,1,1,1,1,1,1,1,1,1,1,1,6,1,1,1,6,6,6,6,1,6,1,1,1,1,1,1,1,1,1,1,1,1,6,1,1,1,1,1,1,1,1,6,1,1,6,6,1
253,21508,TORRES,100,6,6,6,1,6,1,6,6,6,1,6,1,9,1,1,1,1,1,1,6,1,6,1,1,6,6,6,1,1,1,6,6,1,6,6,1,1,1,1,1,1,1,1,6,1,1,1,1,1,6,6,1,6,6,6,1,6,6,1,1,6,6,1,6,1,1,6,6,6,6,6,6,6,6,6,9,6,1,1,6,6,6,6,6,1,1,6,6,6,6,6,6,6,6,6,6,6,6,1,6,1,6,6,1,1,1,1,1,1,1,1,1,6,6,6,6,1,1,6,6,1,6,1,1,6,1,6,6,6,6,1,6,9,1,1,6,6,6,1,1,1,1,1,1,1,1,6,1,1,1,6,1,1,1,1,1,6,1,1,6,6,6,1,1,1,1,6,6,1,1,1,1,1,1,6,6,1,6,6,1,6,1,1,1,6,1,6,6,1,6,6,1,1,1,1,6,6,6,6,6,6,6,6,1,6,1,6,1,1,6,6,6,6,1,1,6,6,6,1,1,1,1,6,6,1,1,1,6,6,1,9,1,9,6,1,1,1,1,6,6,1,1,6,6,6,6,1,6,1,6,6,6,6,1,6,9,1,6,6,6,1,6,6,1,1,1,6,1,1,6,6,1,6,6,6,1,1,1,1,1,6,1,1,1,1,1,6,6,6,6,6,1,6,6,6,6,6,6,1,1,6,6,1,1,6,1,6,1,1,6,6,6,1,1,6,6,1,6,1,6,1,1,1,6,6,1,1,1,1,6,6,1,6,6,1,6,1,6,6,1,6,1,6,1,1,9,6,1,1,1,6,1,6,6,6,6,1,1,1,1,6,1,1,6,1,6,6,6,6,6,6,6,6,6,1,1,1,1,1,1,6,6,1,1,1,1,1,1,1,6,6,6,6,1,1,1,6,1,1,1,6,1,1,6,6,6,6,1,6,6,6,1,6,6,6,6,1,6,1,1,1,1,1,9,6,6,6,6,1,1,1,1,1,6,6,1,1,1,1,1,6,6,6,6,6,6,6,6,1,6,6,6,6,6,6,6,6,1,1,1,1,6,6,1,1,6,6,6,6,1,6,1,6,1,1,1,6,6,1,6,6,1,6,1,6,6,6,6,1,1,6,1,6,1,1,6,6,1,1,1,1,1,1,1,1,1,6,6,6,6,6,6,1,6,1,6,6,6,1,1,1,1,6,6,1,1,6,1,6,1,6,6,9,1,1,6,6,6,1,1,6,6,1,1,6,6,1,6,1,6,6,6,6,6,1,6,1,1,6,6,1,1,1,1,1,1,1,1,1,1,6,6,1,1,1,1,1,1,6,1,6,6,6,1,1,1,6,6,1,1,6,6,1,1,6,1,6,1,6,6,6,6,1,1,6,1,1,1,6,6,6,1,6,1,6,6,1,1,1,1,6,1,1,1,6,6,6,1,6,1,6,6,1,1,1,6,1,6,6,6,1,6,6,6,1,1,6,1,1,6,1,6,1,1,1,1,1,6,6,1,1,6,1,6,6,1,1,1,6,9,1,1,1,1,6,6,6,6,9,1,1,1,6,6,1,1,6,6,1,1,6,1,1,1,6,6,6,6,9,1,6,6,6,6,1,6,6,6,1,1,1,1,6,6,6,6,6,6,6,1,6,6,1,1,1,1,1,6,6,1,1,6,1,1,6,6,6,6,1,6,6,1,1,6,6,6,6,6,6,1,6,1,1,6,6,6,1,1,1,6,6,6,6,6,6,6,6,1,1,6,6,6,1,6,6,6,1,1,6,6,1,1,1,6,6,6,1,1,1,9,9,9,9,9,9,9,9,9,1,1,1,6,6,6,1,6,1,6,6,1,6,6,1,1,6,1,6,1,6,6,6,1,1,6,6,1,1,6,6,6,6,1,1,6,1,1,1,1,1,6,6,6,1,6,6,6,1,1,1,6,6,1,1,1,1,1,6,6,1,6,1,1,6,6,6,6,1,1,6,6,1,1,6,1,1,6,6,6,6,6,6,6,1,6,6,1,6,1,1,1,6,6,6,1,1,1,6,6,6,6,6,6,6,6,6,6,6,6,1,6,1,6,6,1,1,1,6,6,6,1,6,6,6,6,6,6,6,1,1,6,1,1,1,1,1,6,1,9,9,9,6,6,6,1,1,1,6,6,6,6,1,1,6,1,1,6,1,6,6,6,6,1,1,6,1,1,1,6,6,1,1,1,6,6,1,1,1,1,6,6,6,1,1,1,1,6,6,1,6,6,6,6,6,1,1,1,1,6,6,1,6,1,1,6,6,6,1,1,1,6,6,6,6,6,6,1,1,1,1,1,1,1,6,6,6,6,1,6,6,6,1,6,1,1,6,1,1,6,6,1,1,1,1,7,1,6,6,6,1,1,1,6,6,6,6,6,6,6,1,6,6,6,6,6,1,6,6,6,6,6,1,6,1,1,6,6,6,6,1,1,1,1,6,1,6,1,1,1,6,6,1,1,6,6,1,1,1,1,6,6,1,1,1,6,1,1,1,1,6,6,1,1,6,1,1,6,6,6,6,1,6,1,9,1,6,1,6,1,1,6,1,1,1,1,1,1,1,6,6,6,1,1,1,1,1,1,1,1,1,1,1,1,6,1,1,1,1,1,1,1,1,1,1,1,1,1,1,1,1,6,1,1,1,6,6,6,6,1,6,1,1,1,1,1,1,1,1,1,1,1,1,6,1,1,1,1,1,1,1,1,6,1,1,6,6,1
254,21509,WALTERS,200,1,1,1,6,1,6,1,1,1,1,1,6,6,6,6,6,6,6,6,1,6,1,1,1,1,1,1,6,6,1,1,1,1,1,1,6,6,6,6,6,6,6,6,1,6,6,6,6,6,1,1,6,1,1,1,6,1,1,1,1,1,1,6,1,1,1,1,1,1,1,1,1,1,1,1,1,1,1,1,1,1,1,1,1,1,1,1,1,1,1,1,1,1,1,1,1,1,1,1,1,1,1,1,1,6,6,6,6,6,6,6,6,1,1,1,1,6,6,1,1,6,1,6,6,1,1,1,1,1,1,6,1,6,6,1,1,1,1,6,6,6,6,6,6,6,6,1,6,6,6,1,6,6,6,6,6,1,1,1,1,1,1,1,6,6,6,1,1,1,1,1,1,1,1,1,1,1,1,1,1,1,6,1,6,1,1,1,1,1,1,1,1,1,1,1,1,1,1,1,1,1,1,1,6,1,6,1,1,1,1,1,1,1,6,1,1,1,1,1,1,1,1,1,1,1,1,1,1,1,1,1,1,1,1,1,1,1,1,1,1,1,6,1,1,1,1,1,1,1,1,1,1,1,1,1,1,1,1,1,1,1,1,1,1,1,6,1,1,1,1,1,1,1,1,1,1,1,6,6,6,1,6,1,1,1,1,1,1,1,1,1,6,1,1,1,1,1,1,1,1,1,1,1,6,1,1,1,1,1,1,1,1,6,1,1,1,6,1,1,1,1,1,1,1,1,1,1,1,1,1,1,1,1,6,6,1,1,1,1,6,1,6,1,1,1,1,1,1,6,6,1,6,1,1,1,6,6,6,6,6,1,6,6,6,6,1,6,1,1,6,1,1,1,1,1,6,1,1,1,1,1,1,1,6,6,6,6,6,6,1,1,1,1,6,6,6,1,6,6,6,1,1,6,6,1,1,1,1,1,1,1,1,1,1,6,6,6,1,6,6,6,6,6,6,1,1,1,6,6,6,6,6,6,1,1,1,1,1,1,1,1,1,1,1,6,1,1,6,6,1,1,1,1,1,1,1,1,6,6,6,6,1,1,6,6,1,1,1,1,6,6,6,1,6,6,6,1,1,1,1,1,6,1,1,1,1,1,1,6,6,1,6,1,6,6,1,1,6,6,6,6,6,1,6,6,6,1,1,1,1,1,1,6,1,6,1,1,1,6,6,6,6,1,1,6,6,1,1,1,1,1,1,1,6,6,1,1,1,1,6,1,1,1,1,1,1,6,1,1,1,1,6,6,1,6,1,1,1,1,1,1,1,6,1,1,6,1,1,1,1,1,1,1,6,6,6,6,6,1,1,1,1,1,6,6,6,1,1,1,1,1,1,6,6,1,6,1,1,1,1,1,1,1,6,1,1,1,1,1,1,1,6,1,1,1,1,1,6,1,1,1,1,1,1,1,1,1,6,1,1,1,1,1,1,1,1,1,1,1,1,6,1,1,1,6,6,1,1,6,1,9,1,6,1,1,1,1,1,1,1,6,1,1,1,1,1,1,1,1,1,1,1,6,1,1,1,1,1,1,6,1,6,1,1,1,1,1,1,1,6,1,1,1,1,1,1,1,1,1,6,1,1,1,1,1,1,1,1,1,1,1,1,6,6,6,1,1,9,1,1,1,6,6,1,1,1,1,1,1,1,1,1,1,1,1,1,1,1,6,1,1,1,1,1,6,1,1,1,1,1,1,1,1,1,1,1,1,1,1,1,1,1,1,1,1,1,1,1,1,1,1,1,1,1,1,1,1,1,1,1,1,1,6,1,1,6,1,1,1,1,1,1,1,1,6,1,1,1,1,1,6,1,1,1,6,1,6,1,1,1,1,1,1,6,1,6,1,6,1,1,1,1,1,1,1,1,6,1,1,1,1,1,1,1,1,1,1,1,1,1,1,1,6,1,1,1,1,1,1,1,1,1,1,1,1,1,1,1,6,1,1,6,1,1,6,1,6,1,1,1,6,1,1,1,1,1,1,1,1,1,1,1,6,1,6,1,1,1,1,1,1,1,1,1,1,1,1,1,1,6,6,6,1,1,1,1,6,6,1,1,6,1,1,1,1,1,1,1,1,6,1,1,1,1,1,6,6,6,6,1,1,6,6,1,6,1,1,9,9,9,1,1,1,6,1,1,1,1,1,9,9,9,9,9,9,9,9,9,9,9,9,9,9,9,1,1,1,1,1,1,1,1,1,1,1,1,1,1,1,1,1,6,1,6,1,1,1,6,1,1,1,1,1,6,1,1,1,1,1,1,1,1,6,1,1,1,6,1,6,1,1,1,1,1,1,1,6,6,6,1,1,1,1,1,1,1,6,1,1,1,6,1,1,6,1,1,1,1,1,1,1,1,1,1,1,1,1,1,6,6,6,1,1,1,1,1,1,1,6,1,1,1,1,1,6,1,1,1,1,1,6,1,1,1,1,1,1,1,1,1,1,6,1,1,1,1,6,1,1,1,6,1,1,1,6,6,6,6,1,1,9,9,9,9,9,1,1,1,1,1,1,1,1,1,1,1,1,1,1,6,1,1,1,1,9,1,1,9,9,9,9,9,1,1,9,9,9,1,1,1,1,1,9,9,9,9,9,9,9,9,9,9,9,1,9,9,9,9,9,9,9,9,9,9,9,9,9,9,9,9,9,9,9,9,1,1,1,1,1,1,1,1,1,1,1,1,1,1,1,9,9,9,9,9,9,9,9,9,9,9,9,9,9,9,9,9
255,21510,BUCK,200,1,1,1,6,1,6,1,1,1,1,1,6,6,6,6,6,6,6,6,1,6,1,1,1,1,1,6,6,6,1,1,1,6,1,1,6,6,6,6,6,6,6,6,1,6,6,6,6,6,1,1,6,1,1,1,6,1,1,1,1,1,1,6,1,1,1,1,1,1,1,1,1,1,1,1,1,1,1,1,1,1,1,1,1,1,1,1,1,1,1,1,1,1,1,1,1,1,1,1,1,6,1,1,6,6,6,6,6,6,6,6,6,1,1,1,1,6,6,1,1,6,1,6,6,1,1,1,1,1,1,6,1,6,6,1,1,1,1,6,6,6,6,6,6,6,6,1,6,6,6,1,9,9,6,6,6,1,1,1,1,1,1,6,6,6,6,1,1,1,1,6,1,1,1,1,1,1,1,1,1,1,6,1,6,1,1,1,1,6,1,1,1,6,1,1,1,1,1,1,1,1,1,1,6,1,6,1,1,1,1,1,1,1,6,1,1,1,1,1,1,1,1,1,1,1,1,6,1,1,1,1,1,6,1,1,1,1,1,1,1,1,6,1,6,1,1,1,6,1,6,1,1,1,1,1,1,1,1,1,1,1,1,1,1,9,6,1,1,1,1,1,1,1,1,1,1,1,6,6,6,1,6,1,1,1,1,1,1,1,1,1,6,1,1,1,1,1,1,1,1,1,1,6,6,1,1,1,6,6,1,1,1,6,1,1,1,6,1,1,1,1,1,1,1,1,6,1,1,1,1,1,6,1,6,6,1,1,1,1,6,1,6,1,1,1,1,1,1,6,6,1,6,1,1,1,6,6,6,6,6,1,6,6,1,6,1,1,1,1,6,1,1,1,1,1,6,1,1,1,1,1,1,1,6,6,6,6,6,6,1,1,1,1,6,6,6,1,6,6,6,1,1,6,6,1,1,1,1,1,1,1,1,1,1,1,1,6,1,6,6,6,6,6,6,1,1,1,1,6,6,6,6,6,1,1,1,1,1,1,1,1,1,6,1,6,1,1,1,6,1,1,1,1,1,1,1,1,6,6,6,6,1,1,6,6,1,1,1,1,6,1,6,1,1,6,6,1,1,6,1,1,6,1,1,1,1,1,1,6,6,1,6,1,6,6,1,1,6,6,1,6,1,1,1,6,6,1,1,1,1,1,1,6,1,6,1,1,1,6,6,6,6,1,1,1,6,6,1,1,1,1,1,6,6,6,1,1,1,1,6,1,1,1,1,1,1,6,1,1,1,1,6,6,1,6,6,1,1,1,1,1,1,6,1,6,6,1,1,1,6,1,1,1,6,6,6,6,6,1,1,1,1,6,6,6,6,1,6,1,1,1,1,6,6,1,6,1,1,1,1,1,1,1,6,1,1,1,6,1,1,6,6,1,1,1,1,1,6,1,1,1,1,1,6,1,1,6,6,1,1,1,1,1,1,1,1,1,1,1,1,6,1,1,1,6,6,1,1,6,1,6,1,6,1,1,6,1,1,1,1,6,6,1,1,1,1,6,1,1,1,1,1,6,1,1,1,1,1,1,6,1,6,1,1,1,6,1,1,6,6,1,1,1,1,6,1,1,1,1,6,1,6,1,1,1,6,1,6,1,1,1,1,6,6,6,1,1,1,1,1,6,6,6,6,1,1,1,1,1,1,1,1,1,6,1,1,1,1,6,1,1,1,1,1,6,9,9,9,9,9,1,1,1,1,1,1,1,1,6,1,1,1,1,1,1,1,1,1,1,6,1,6,1,1,1,6,1,1,1,1,1,1,6,1,1,6,1,1,6,1,1,1,1,1,6,1,6,1,1,1,6,1,1,1,6,1,6,1,1,1,1,1,1,6,1,6,1,6,1,1,1,1,1,1,1,1,6,1,6,1,1,1,1,6,1,1,1,1,6,1,1,1,6,1,9,9,1,1,1,1,1,1,1,1,1,6,1,1,6,1,1,6,6,1,6,1,6,1,1,1,6,6,1,1,1,1,1,1,1,1,1,1,6,1,6,1,6,1,1,1,1,1,1,1,1,1,1,1,6,9,9,9,9,9,9,9,9,9,9,9,9,9,9,1,1,1,1,1,6,6,1,1,1,1,1,1,6,6,6,1,1,6,6,1,6,1,6,1,6,1,1,1,6,6,1,6,1,1,6,1,6,6,1,6,6,1,6,1,1,1,1,6,6,1,6,1,6,1,1,1,1,1,1,1,1,1,1,6,1,1,1,6,1,6,1,1,1,6,1,1,1,1,1,6,1,1,1,1,1,1,1,1,6,6,1,1,6,1,6,1,9,9,1,6,6,6,6,6,6,6,6,1,1,1,1,1,6,1,1,1,6,1,6,6,1,1,1,1,1,1,1,1,1,1,1,1,1,1,6,6,6,1,1,1,1,1,1,1,6,1,1,1,1,1,6,1,1,1,1,1,6,6,1,1,1,1,1,1,1,6,1,6,1,1,1,6,6,1,1,1,6,1,1,1,6,6,6,6,1,1,1,1,1,1,1,6,1,1,1,1,1,6,1,6,6,1,1,1,1,6,1,1,1,1,1,1,1,1,1,1,6,1,1,1,1,1,1,1,1,6,6,1,1,1,1,1,1,1,6,1,1,6,1,1,6,1,1,1,1,1,1,6,1,1,1,6,1,1,1,6,1,1,1,9,1,1,1,1,6,1,1,1,1,1,1,1,1,1,1,6,6,1,1,1,6,1,1,1,1,1,1,1,1,6,6,9
256,21512,CURBELO,200,1,1,1,6,1,6,1,1,1,1,1,6,6,6,6,6,6,6,6,1,6,1,1,1,1,1,6,6,6,1,9,1,1,1,1,6,6,6,6,6,6,6,6,1,6,6,6,6,6,1,1,6,1,1,1,6,1,1,1,1,1,1,6,1,1,1,1,1,1,1,1,6,1,1,1,1,6,1,1,1,1,1,1,1,1,1,1,1,1,1,1,1,1,1,1,1,9,9,1,1,1,1,1,1,6,6,6,6,6,6,6,6,1,1,1,1,6,6,1,1,6,1,6,6,1,1,1,1,1,1,6,1,6,6,1,1,1,1,9,1,1,1,1,1,1,6,6,1,1,6,6,1,1,1,1,6,6,1,1,1,1,1,6,6,6,6,1,1,1,1,6,1,1,1,1,1,1,1,1,1,1,6,1,6,1,1,1,1,6,1,1,1,1,1,1,1,1,1,1,1,1,1,9,6,6,6,6,1,1,1,1,1,1,6,1,1,1,1,1,1,1,1,1,1,1,1,1,1,1,1,6,1,1,1,1,1,1,1,1,1,1,6,1,6,1,1,1,1,1,6,1,1,1,1,1,1,1,1,1,1,1,1,1,9,9,9,9,1,1,1,1,1,1,1,1,1,1,6,6,6,1,6,1,1,1,1,1,1,1,1,1,6,1,1,1,1,1,1,9,9,1,1,6,6,1,1,1,1,1,1,1,1,6,1,1,1,6,1,1,1,1,1,1,1,1,6,1,1,1,1,1,6,6,6,6,6,1,1,1,6,6,6,1,1,1,1,1,1,6,6,1,6,1,1,6,6,6,6,6,6,1,6,6,6,6,6,6,6,6,6,6,1,1,1,1,6,1,1,1,1,1,1,1,6,1,1,6,1,6,6,1,1,1,6,6,6,1,6,6,6,1,1,6,6,1,1,1,1,1,1,1,1,1,1,6,6,1,6,1,1,6,6,6,1,1,1,6,6,1,1,6,1,6,1,1,1,1,1,1,1,1,1,6,9,9,9,9,9,9,9,9,9,9,9,9,9,9,9,9,9,9,9,9,9,9,9,9,9,9,9,9,9,9,9,9,9,9,9,9,9,9,9,9,9,9,9,9,9,9,9,9,1,6,6,6,6,6,1,6,1,1,1,1,1,1,1,1,6,6,6,1,6,6,1,6,1,6,6,6,6,6,6,6,6,6,6,1,1,1,1,1,1,6,6,6,1,1,1,1,6,1,1,1,1,1,1,6,1,1,1,1,6,6,6,6,1,1,1,1,1,9,1,6,1,1,6,1,1,1,6,1,1,1,6,6,6,6,6,1,1,1,1,6,6,6,6,1,1,1,1,1,1,6,6,1,6,1,1,1,1,1,1,1,6,1,1,1,6,1,1,6,6,1,1,1,1,1,6,1,1,1,1,1,6,1,1,6,6,6,1,1,1,1,1,1,1,1,1,1,1,6,6,1,1,6,6,1,1,6,1,6,1,6,9,9,9,1,1,1,1,6,6,1,1,1,1,6,1,1,1,1,1,6,1,1,1,1,1,1,6,1,6,1,1,1,1,1,1,1,6,1,1,1,1,6,1,1,1,1,6,1,6,1,1,1,1,6,1,1,1,1,1,6,6,6,1,1,1,1,1,6,6,6,1,1,1,1,1,1,1,1,1,1,6,1,1,1,1,6,1,6,1,1,1,6,9,1,1,1,1,1,9,9,9,1,1,1,1,1,1,1,1,1,1,1,1,6,1,1,1,1,6,1,1,1,1,1,1,1,1,1,1,6,1,1,6,1,1,1,1,1,1,1,1,6,9,1,1,1,1,6,9,1,1,6,1,6,6,1,1,1,1,1,6,1,6,1,6,1,1,9,1,1,1,1,1,6,1,6,1,1,1,1,6,1,1,1,1,6,1,1,1,6,1,6,1,9,9,1,1,1,1,1,1,1,1,1,1,6,6,1,6,6,6,6,1,6,1,6,1,6,1,1,1,1,1,1,1,1,1,1,1,6,1,6,1,1,1,1,1,1,1,1,1,1,1,1,1,6,6,6,6,1,6,6,1,9,9,9,9,9,9,9,1,1,1,1,1,1,6,1,1,1,1,1,6,6,6,6,1,1,6,6,1,6,1,1,1,1,1,1,1,6,6,1,1,1,1,6,6,1,1,6,6,6,6,6,6,6,6,6,1,6,1,1,1,6,1,1,1,1,1,1,9,9,1,1,1,1,1,1,6,1,6,1,1,1,6,6,1,1,1,1,6,1,1,1,1,1,1,1,1,6,1,1,1,6,1,6,1,1,1,1,1,1,1,6,1,6,1,1,1,1,1,1,1,6,6,1,1,6,1,1,6,1,1,1,1,1,1,1,1,1,1,1,1,1,6,6,6,1,6,6,6,1,6,6,6,1,6,1,6,6,6,6,1,1,1,6,6,6,1,1,1,1,1,1,1,1,1,1,6,1,1,1,1,6,1,1,1,6,1,1,1,6,6,1,6,1,1,1,1,1,1,1,1,1,1,1,1,1,1,1,1,1,1,1,1,1,6,1,1,9,9,1,1,6,1,1,1,1,9,9,1,9,9,9,1,1,1,1,9,1,1,1,1,1,1,1,1,1,1,1,1,1,1,1,1,1,1,1,1,1,1,1,1,1,1,1,1,1,1,1,1,1,1,1,1,6,1,1,1,1,1,1,1,1,1,1,1,1,1,1,1,1,1,1,1,1,1,1,1,1,6,1,1
257,21513,CARTER,200,1,1,1,6,1,6,1,1,1,1,1,6,6,6,6,6,6,6,6,1,6,1,1,1,1,1,6,6,6,1,1,1,1,1,1,6,6,6,6,6,6,6,6,1,6,6,6,6,6,1,1,6,1,1,1,6,1,1,1,1,1,1,6,1,1,1,1,1,1,1,1,1,1,1,1,1,1,1,1,1,1,1,1,1,1,1,1,1,1,1,1,9,9,9,9,9,1,1,1,1,1,1,1,6,6,6,6,6,6,6,6,6,1,1,1,1,6,6,1,1,6,1,6,6,1,1,1,1,1,1,6,1,6,6,1,1,1,1,6,6,6,6,6,6,6,6,1,6,6,6,1,9,6,6,6,6,1,1,1,1,1,1,6,6,6,6,1,1,1,1,6,1,1,1,1,1,1,1,1,1,1,6,1,6,1,1,1,1,6,1,1,1,6,1,1,1,1,1,1,1,1,1,1,6,1,6,1,1,1,1,1,1,1,6,1,1,1,1,1,1,1,1,1,1,1,1,6,1,1,1,1,1,6,1,1,1,1,1,1,1,1,6,1,6,1,1,1,1,1,6,1,1,6,1,1,1,1,1,1,1,1,1,1,1,1,6,1,1,1,1,1,1,1,1,1,1,1,6,6,6,1,6,1,1,1,1,1,1,1,1,1,6,1,1,1,1,1,1,1,1,1,1,6,6,1,1,1,1,1,1,1,1,6,1,1,1,6,1,1,1,1,1,1,1,1,6,1,1,1,1,1,6,1,1,6,1,1,1,1,6,1,6,1,1,1,1,1,1,6,6,1,6,1,1,1,6,6,6,6,6,1,6,6,6,6,1,1,1,1,6,1,1,1,1,1,6,1,1,1,1,1,1,1,6,6,6,6,6,6,1,1,1,1,6,6,6,1,6,6,6,1,1,6,6,1,1,1,1,1,1,1,1,1,1,1,1,6,1,6,6,6,6,6,6,1,1,1,6,6,6,6,6,6,1,1,1,1,9,1,1,1,1,6,1,1,1,1,1,6,6,1,1,1,1,6,1,1,6,6,6,6,1,1,6,6,1,1,1,1,6,1,6,1,6,6,6,1,1,1,1,1,6,1,9,1,1,1,1,6,6,1,6,1,6,6,1,1,6,6,6,6,6,1,6,6,6,1,1,1,1,1,1,6,1,9,9,9,9,9,9,9,9,9,9,9,9,9,9,1,1,1,1,6,6,6,1,1,1,1,6,1,1,1,1,1,1,6,1,1,1,1,6,6,1,6,1,1,1,1,1,1,1,6,1,1,6,1,1,1,6,1,1,1,6,6,6,6,6,1,1,1,1,6,6,6,6,1,1,1,1,1,1,6,6,1,6,1,1,1,1,1,1,1,6,1,1,1,6,1,1,6,6,1,1,1,1,1,6,1,1,1,1,1,6,1,1,6,6,1,1,1,1,1,1,1,1,1,1,1,1,6,1,1,1,6,6,1,1,6,1,6,1,6,1,1,6,1,1,1,1,6,1,1,1,1,1,6,1,1,1,1,1,6,1,1,1,1,1,1,6,1,6,1,1,1,1,1,1,1,6,1,1,1,1,6,1,1,1,1,6,1,6,1,1,1,6,1,1,1,1,1,1,6,6,6,1,1,1,1,1,6,6,6,1,1,1,1,1,1,1,1,1,1,6,1,1,1,1,6,1,1,1,1,1,6,1,1,1,1,1,1,1,1,1,1,1,1,1,6,1,1,1,1,1,1,1,1,1,1,6,1,1,1,1,1,1,1,1,1,1,1,1,6,1,1,6,1,1,1,1,1,1,1,1,6,1,1,1,1,1,6,1,1,1,6,1,6,1,1,1,1,1,1,6,1,6,1,6,1,1,1,1,1,1,1,1,6,1,1,1,1,1,1,1,1,1,1,1,6,1,1,1,6,1,1,1,1,1,1,1,1,1,1,1,1,1,1,1,6,1,1,6,6,1,6,1,6,1,1,1,6,1,1,1,1,1,1,1,1,1,1,1,6,1,6,1,6,1,1,1,1,1,1,1,1,1,1,1,6,6,6,1,1,1,1,1,6,6,1,1,6,1,6,1,1,1,1,1,6,6,1,1,9,1,1,6,6,6,6,1,1,6,6,1,6,1,1,1,1,1,1,1,6,6,1,1,1,1,6,1,6,6,1,6,6,1,6,1,1,1,1,6,6,1,1,1,6,1,1,1,1,1,1,1,1,9,1,6,1,1,1,6,1,6,1,1,1,6,1,1,1,1,1,6,1,1,1,1,1,1,9,9,6,6,1,1,6,1,6,1,1,1,1,6,6,1,6,1,6,1,1,1,1,1,1,1,6,1,1,1,6,1,1,6,1,1,1,1,1,1,1,1,1,1,1,1,1,1,6,6,6,1,1,1,1,1,1,1,6,1,1,1,1,1,6,1,1,1,1,1,6,1,1,1,1,1,1,1,1,1,1,6,1,1,1,1,6,1,1,1,6,1,1,1,6,6,6,6,1,1,1,1,1,1,1,1,1,1,1,1,1,1,1,1,1,1,1,1,1,6,1,1,1,1,1,1,1,1,1,1,1,1,1,1,1,1,1,1,1,6,6,1,1,1,1,1,1,1,1,1,1,1,1,1,1,1,1,1,1,1,1,1,1,1,1,1,1,1,1,1,1,1,1,1,1,1,1,1,1,1,1,1,1,1,1,1,1,1,1,1,1,1,1,1,1,1,1,1,1,1,1,1,1,1,1,1
258,21514,HICE,200,1,1,1,6,1,6,1,1,1,1,1,6,6,6,6,6,6,6,6,1,6,1,1,1,1,1,1,6,6,1,1,1,1,1,1,6,6,6,6,6,6,6,6,1,6,6,6,6,6,1,1,6,1,1,1,6,1,1,1,1,1,1,6,1,1,1,1,1,1,1,1,1,1,1,1,1,1,1,1,1,1,1,1,1,1,1,1,1,1,1,1,1,1,1,1,1,1,1,1,1,1,1,1,6,6,6,6,6,6,6,6,6,1,1,1,1,6,6,1,1,6,1,6,6,1,1,1,1,1,1,6,1,6,6,1,1,1,1,6,6,6,6,6,6,6,6,1,6,6,6,1,6,6,6,6,6,1,1,1,1,1,1,6,6,6,6,1,1,1,1,6,1,1,1,1,1,1,1,1,1,1,6,1,6,1,1,1,1,6,1,1,1,6,1,1,1,1,1,1,1,1,1,1,6,1,6,1,1,1,1,1,1,1,6,1,1,1,1,1,1,1,1,1,1,1,1,6,1,1,1,1,1,6,1,1,1,1,1,1,1,1,6,1,6,1,1,1,6,1,6,1,1,1,1,1,1,1,1,1,1,1,1,1,1,1,6,1,1,1,9,9,9,1,1,1,1,1,6,6,6,1,6,1,1,1,1,1,1,1,1,1,6,1,1,1,1,1,1,1,1,1,1,6,6,1,1,1,1,1,1,1,1,6,1,1,1,6,1,1,1,1,1,1,1,9,6,1,1,1,1,1,6,1,1,6,1,1,1,1,6,1,6,1,1,1,1,1,1,6,6,1,6,1,1,1,6,6,6,6,6,1,6,6,6,6,1,1,1,1,6,1,1,1,1,1,6,1,1,1,1,1,1,1,6,6,6,6,6,6,1,1,1,1,6,6,6,1,6,6,6,1,1,6,6,1,1,1,1,1,1,1,1,1,1,1,1,6,1,6,6,6,6,6,6,1,1,1,1,6,6,6,6,6,1,1,1,1,1,1,1,1,1,6,1,1,1,1,1,6,1,1,1,1,1,6,1,1,6,6,6,6,1,1,6,6,6,1,1,1,6,1,6,1,6,6,6,1,1,6,1,1,6,1,1,1,1,1,1,6,6,1,6,1,6,6,1,1,6,6,6,6,6,6,6,6,6,1,1,1,1,1,1,6,1,6,1,1,1,6,6,6,6,1,1,6,6,1,1,1,1,1,1,6,6,6,6,1,1,1,6,1,1,1,1,1,1,6,1,1,1,1,6,6,1,6,1,1,1,1,1,1,1,6,1,6,6,1,1,1,6,1,1,1,6,6,6,6,6,1,1,1,1,6,6,6,6,1,1,1,1,1,1,6,6,1,6,1,1,1,1,1,1,1,6,1,1,1,6,1,1,6,6,1,1,1,1,1,6,1,1,1,1,1,6,1,1,6,6,1,1,1,1,1,1,1,1,1,1,1,1,6,1,1,1,6,6,1,1,6,1,9,1,6,1,1,6,1,1,1,1,6,1,1,1,1,1,6,1,1,6,1,1,6,1,1,1,1,1,1,6,1,6,1,1,1,1,1,1,1,6,1,1,1,1,6,1,1,1,1,6,1,6,1,1,1,1,1,6,1,1,1,1,6,6,6,1,1,1,1,1,6,1,6,1,1,1,1,1,1,1,1,1,1,6,1,1,1,1,6,1,1,1,1,1,6,1,1,1,1,1,1,1,1,1,1,1,1,1,6,1,1,1,1,1,1,1,1,1,1,6,1,6,1,1,1,6,1,1,1,1,1,1,6,1,1,6,1,1,1,1,1,1,1,1,6,1,6,1,1,1,6,1,9,9,9,9,6,1,1,1,1,1,1,6,1,6,1,6,1,1,1,1,1,1,1,1,6,1,6,1,6,1,1,6,1,1,1,1,6,1,1,1,6,1,1,1,1,1,1,1,1,1,1,1,1,1,1,1,6,1,1,6,6,1,6,1,6,1,1,1,6,1,1,1,1,1,1,1,1,1,1,1,6,1,6,1,9,1,1,1,1,1,1,1,1,1,1,1,6,1,6,1,1,1,1,1,1,1,1,1,6,1,6,1,1,1,1,1,6,6,1,1,1,1,1,6,6,6,6,1,1,6,6,1,6,1,1,1,1,1,1,1,6,6,1,1,1,1,6,1,6,6,1,6,6,1,6,1,1,1,1,6,6,1,6,1,6,1,1,1,1,1,1,1,6,1,1,6,1,1,1,6,1,6,1,1,1,6,1,1,1,1,1,6,1,1,1,1,1,1,1,1,6,6,1,1,6,1,1,1,1,1,1,1,1,1,6,1,6,1,6,1,1,1,1,1,6,1,1,1,6,1,1,6,1,1,1,1,1,1,1,1,6,1,1,1,1,1,6,6,6,1,1,1,1,1,1,1,6,1,1,1,1,1,6,1,1,1,1,1,6,1,1,1,1,1,1,1,1,6,1,6,1,1,1,1,6,1,1,1,6,1,1,1,6,6,6,6,1,1,9,9,9,9,9,9,1,1,1,1,1,6,1,1,1,1,1,1,1,6,1,1,1,1,1,1,1,6,1,1,6,1,1,1,6,1,1,1,1,6,6,1,1,1,1,1,1,1,1,1,1,6,1,6,1,1,1,1,1,1,1,6,1,1,1,1,1,1,1,6,1,1,1,1,1,1,1,1,1,1,1,1,1,1,1,6,1,1,1,1,6,1,1,1,6,1,1,1,1,1,1,1,1,1,1,1
259,21515,LOUDERMILK,200,1,1,1,6,1,6,1,1,1,1,1,6,6,6,6,6,6,6,6,1,6,1,1,1,1,1,1,6,6,1,1,1,1,1,1,6,6,6,6,6,6,6,6,1,6,6,6,6,6,1,1,6,1,1,1,6,1,1,1,1,1,1,6,1,1,1,1,1,1,1,1,1,1,1,1,1,1,1,1,1,1,1,1,1,1,1,1,1,1,9,1,1,1,1,1,1,1,1,1,1,6,1,1,1,6,6,6,6,6,6,6,6,1,1,1,1,6,6,1,1,6,1,6,6,1,9,1,1,1,1,6,1,6,6,1,1,1,1,6,6,6,6,6,6,6,6,1,6,6,6,1,6,6,6,6,6,1,1,1,1,1,1,6,6,6,6,1,1,1,1,1,1,1,1,1,1,1,1,1,1,1,6,1,6,1,1,1,1,1,1,1,1,1,1,1,1,1,1,1,1,1,1,1,6,1,6,1,1,1,1,1,1,1,6,1,1,1,1,1,1,9,1,1,1,1,1,1,1,1,1,1,1,1,1,1,1,1,1,1,1,9,6,1,1,1,1,1,6,1,1,1,1,1,1,1,1,1,1,1,1,1,1,1,1,1,6,6,1,1,1,1,1,9,9,9,9,9,6,6,6,1,6,1,1,1,1,1,1,1,1,1,6,1,1,1,1,1,1,1,1,1,1,1,6,1,1,1,1,1,1,1,1,6,1,1,1,6,1,1,1,1,1,1,1,1,1,1,1,1,1,1,1,1,1,6,1,1,1,1,6,1,6,1,1,1,1,1,1,6,6,1,6,1,1,1,6,6,6,6,6,1,6,6,6,6,1,1,1,1,6,1,1,1,1,1,6,1,1,1,1,1,1,1,6,6,6,6,6,6,1,1,1,1,6,6,6,1,6,6,6,1,1,6,6,1,1,1,1,1,1,1,1,1,1,9,1,1,1,6,6,6,6,6,6,1,1,1,1,6,6,6,6,6,1,1,1,1,1,1,1,1,1,6,1,1,1,1,1,6,1,1,1,1,1,1,1,1,6,6,6,6,1,1,6,6,1,1,1,1,6,1,9,1,6,6,6,1,1,6,1,9,6,1,9,9,9,9,9,9,9,9,9,9,9,9,9,9,9,9,9,9,9,9,9,9,9,9,9,9,9,9,9,9,9,9,9,9,9,9,9,9,9,9,9,9,9,9,9,1,1,1,1,1,6,6,1,1,9,1,6,1,1,1,1,9,9,9,9,9,9,9,6,6,1,6,1,1,1,1,1,1,1,6,1,6,6,1,1,1,1,1,9,1,6,6,6,6,6,1,1,1,1,1,6,6,6,1,1,1,1,1,1,6,6,1,6,1,1,1,1,1,1,1,6,1,1,1,1,1,1,1,6,1,1,1,1,1,6,1,1,1,1,1,1,1,1,1,6,1,1,1,1,1,1,1,1,1,1,1,1,6,1,1,1,6,6,1,1,6,1,1,1,6,1,1,1,1,1,1,1,6,1,1,1,1,1,1,1,1,1,1,1,6,1,1,1,1,1,1,6,1,6,1,9,9,9,1,1,1,6,1,9,9,9,9,1,1,1,1,6,1,1,1,1,1,1,1,6,1,1,1,1,6,6,6,1,1,1,1,1,1,1,6,6,1,1,1,1,1,1,9,1,1,1,1,1,1,1,6,1,1,1,1,1,6,1,1,1,1,1,1,1,1,1,1,1,1,1,1,1,1,1,1,1,1,1,1,1,1,1,1,6,1,1,1,1,1,1,1,1,1,1,6,1,1,6,1,1,1,1,1,1,1,1,6,1,6,1,1,1,6,1,1,1,6,1,6,1,1,1,1,1,1,6,1,9,1,6,1,1,1,1,1,1,1,1,6,1,1,1,1,1,1,6,1,1,1,1,9,1,1,1,6,1,1,1,1,1,1,1,1,1,1,1,1,1,1,1,6,9,1,6,6,1,6,1,6,1,1,1,6,1,1,1,1,1,1,1,1,1,1,1,6,1,6,1,1,1,1,1,1,1,1,1,1,1,1,1,1,1,1,1,1,1,1,1,6,1,1,1,6,1,9,1,1,1,1,1,1,6,1,1,1,1,1,6,6,6,6,1,1,6,6,1,6,1,1,1,1,1,1,1,1,6,1,1,1,1,1,1,6,6,1,6,6,1,6,1,1,1,1,6,6,1,1,1,1,1,1,1,1,1,1,1,1,9,1,1,1,1,1,6,6,6,1,1,1,6,1,1,1,1,1,6,6,1,1,1,1,1,1,1,6,6,1,1,6,1,6,1,1,1,1,6,1,1,6,6,6,1,1,1,1,1,1,1,6,1,1,1,6,1,1,6,1,1,1,1,1,1,1,1,1,1,1,1,1,1,6,6,6,1,1,1,1,1,1,1,6,1,1,1,1,1,6,1,1,1,1,1,6,1,1,1,1,1,1,1,1,6,1,6,1,1,1,1,6,1,1,1,6,1,1,1,6,6,6,6,1,1,1,1,1,1,1,1,1,1,1,1,1,1,1,1,1,1,1,1,1,6,1,1,1,1,1,1,1,6,1,1,1,1,9,1,1,1,1,1,1,1,6,1,1,1,1,1,1,1,1,1,1,1,9,1,1,1,1,1,1,1,1,1,1,1,1,1,1,1,1,1,1,1,1,1,1,1,1,1,1,9,1,1,1,1,1,1,1,1,1,1,1,1,1,1,6,1,1,1,1,1,1,1,9,1,1,1
260,21516,ALLEN,200,1,1,1,6,1,6,1,1,1,1,1,6,6,6,6,6,6,6,6,1,6,1,1,1,1,1,1,6,6,1,1,1,1,1,1,6,6,6,6,6,6,6,6,1,6,6,6,6,6,1,1,6,1,1,1,6,1,1,1,1,1,1,6,1,1,1,1,1,1,1,1,1,1,1,1,1,1,1,1,1,1,1,1,1,1,1,1,1,1,1,1,1,1,1,1,1,1,1,1,1,1,1,1,6,6,6,6,6,6,6,6,6,1,1,1,1,6,6,1,1,6,1,6,6,1,1,1,1,9,1,6,1,6,6,1,6,1,1,6,6,6,6,6,6,6,6,1,6,6,6,1,6,6,6,6,6,1,1,1,1,1,1,1,6,6,6,1,1,1,1,1,1,1,1,9,1,1,1,1,1,1,6,1,6,1,1,1,1,1,1,1,1,1,1,1,1,1,1,1,1,1,1,1,6,1,6,1,1,1,1,1,1,1,6,1,1,1,1,1,1,1,1,1,1,1,1,1,1,1,1,1,1,1,1,1,1,1,1,1,1,1,6,1,1,1,1,1,1,1,1,1,1,1,1,1,1,1,1,1,1,1,1,1,1,1,6,1,1,1,1,1,1,1,1,1,1,1,6,6,6,1,6,1,1,1,1,1,1,1,1,1,6,1,1,1,1,1,1,1,1,1,1,1,6,1,1,1,1,1,1,1,1,6,1,1,1,6,1,1,1,1,1,1,1,1,1,1,1,1,1,1,1,1,1,6,1,1,1,1,6,1,6,1,1,1,1,1,1,6,6,1,6,1,1,1,6,6,6,6,6,1,6,6,6,6,1,1,1,1,6,1,1,1,1,1,6,1,1,1,1,1,1,1,6,6,6,6,6,6,1,1,1,1,6,6,6,1,6,6,6,1,1,6,6,1,1,1,1,1,1,1,1,1,1,1,1,6,1,6,6,6,6,6,6,1,1,1,1,6,6,6,6,6,1,1,1,1,1,1,1,1,1,1,1,1,1,1,1,6,1,1,1,1,1,1,1,1,6,6,6,6,1,1,6,6,1,1,1,1,6,1,6,1,6,6,6,1,1,1,1,1,6,1,1,1,1,1,1,6,6,1,6,1,6,6,1,1,6,6,6,6,6,6,6,6,6,1,1,1,1,1,1,6,1,6,1,1,1,6,6,6,6,1,1,6,6,1,1,1,1,1,1,1,6,6,1,1,1,1,6,1,1,1,1,1,1,6,1,1,1,1,6,6,1,6,1,1,1,1,1,1,1,6,1,1,6,1,1,1,1,1,1,1,6,6,6,6,6,1,1,1,1,1,6,6,6,1,1,1,1,1,1,6,6,1,6,1,1,1,1,1,1,1,6,1,1,1,1,1,1,1,6,1,1,1,1,9,6,1,1,1,1,1,1,1,1,1,6,1,1,1,1,1,1,1,1,1,1,1,1,6,1,1,1,6,6,1,1,6,1,1,1,6,1,1,1,1,1,1,1,6,1,1,1,1,1,1,1,1,6,1,1,6,1,1,1,1,1,1,6,1,6,1,1,1,1,1,1,1,6,1,1,1,1,1,1,1,1,1,6,1,1,1,1,1,1,1,1,1,1,1,1,6,6,6,1,1,1,1,1,1,6,6,1,1,1,1,1,1,1,1,1,1,1,1,1,1,1,6,1,1,1,1,1,6,1,1,1,1,1,1,1,1,1,1,1,1,1,1,1,1,1,1,1,1,1,1,1,1,1,1,1,1,1,1,1,1,1,1,1,1,1,6,1,1,6,1,1,1,1,1,1,9,1,6,1,6,1,1,1,6,1,1,1,6,1,6,1,1,6,1,9,1,6,1,6,1,6,1,1,1,1,1,1,1,1,6,1,6,1,1,1,1,6,1,1,1,1,1,1,1,1,6,1,1,1,1,1,1,1,1,1,1,1,1,1,1,1,6,1,1,6,6,1,6,1,6,1,1,1,6,1,1,1,1,1,1,1,1,1,1,1,6,1,6,1,1,1,1,1,1,1,1,1,1,1,1,1,1,6,6,6,1,6,1,1,1,6,1,1,6,1,1,1,1,1,9,9,9,6,1,1,1,1,1,6,6,6,6,1,1,6,6,1,6,1,1,1,1,1,1,1,1,6,1,1,1,1,1,1,6,6,1,6,6,1,6,1,1,1,1,6,6,1,1,1,1,1,1,1,1,1,1,1,1,1,1,1,1,1,1,6,1,6,1,1,1,6,1,1,1,1,1,6,1,1,1,1,1,1,1,1,6,6,1,1,6,1,1,1,1,1,1,6,6,1,6,6,6,1,9,9,1,1,1,1,6,1,1,1,6,1,1,6,1,1,1,1,1,1,1,1,1,9,1,1,1,1,6,6,6,1,1,1,1,1,1,1,6,1,1,1,1,1,6,1,1,1,1,1,6,1,1,1,1,1,1,1,1,1,1,6,1,1,1,1,6,1,1,1,6,1,1,1,6,6,6,6,1,1,1,1,1,1,1,1,9,1,1,1,1,1,1,1,1,1,1,1,1,6,1,1,1,1,1,1,1,1,1,1,1,1,1,1,1,1,1,1,1,1,1,1,1,1,1,1,1,1,1,1,1,1,1,1,1,1,1,1,1,1,1,1,1,1,1,1,1,1,1,1,9,9,9,9,1,1,1,1,1,1,1,1,1,1,1,1,1,1,1,1,1,1,1,1,1,1,1,1,1,1,1,1,1,1,1,1
261,21519,BOST,200,1,1,1,6,1,6,1,1,1,1,1,6,6,6,6,6,6,6,6,1,6,1,1,1,1,1,6,6,6,1,1,1,1,1,1,6,6,6,6,6,6,6,6,1,6,6,6,6,6,1,1,6,1,1,1,6,1,1,1,1,1,1,6,1,1,1,1,1,1,1,1,1,1,1,1,1,1,1,1,1,1,1,1,1,1,1,1,1,1,9,1,1,1,1,1,1,1,1,1,1,1,1,1,1,6,6,6,6,6,6,6,6,1,1,1,1,6,6,1,1,6,1,6,6,1,1,1,1,1,1,6,1,6,6,1,1,1,1,6,6,6,6,6,6,6,6,1,6,6,6,1,6,6,6,6,6,1,1,1,1,1,1,6,6,6,6,1,1,1,1,6,1,1,1,1,1,1,1,1,1,1,6,1,6,1,1,1,1,6,1,1,1,6,1,1,1,1,1,1,1,1,1,1,6,1,6,1,1,1,1,1,1,1,6,1,1,1,1,1,1,1,1,1,1,1,1,6,1,1,1,1,1,6,1,9,1,1,1,1,1,1,6,1,6,1,1,1,1,1,6,1,1,6,1,1,1,1,1,1,1,1,1,1,1,1,6,1,1,1,1,1,1,1,1,1,1,1,6,6,6,1,6,1,1,1,1,1,1,1,1,1,6,1,1,1,1,1,1,1,1,1,1,6,6,1,1,1,1,1,1,1,1,6,1,1,1,6,1,1,1,1,1,1,1,1,6,1,1,1,1,1,6,1,6,6,1,1,1,1,6,1,6,1,1,1,1,1,1,1,6,1,6,1,1,6,6,6,6,6,6,1,6,6,6,6,6,1,1,6,6,1,1,1,1,1,6,1,1,1,1,1,1,1,6,6,6,6,6,6,1,1,1,1,6,6,6,1,6,6,6,1,1,6,6,1,1,1,1,1,1,1,1,1,1,6,6,6,6,6,6,6,6,6,6,1,1,6,6,6,6,6,1,6,1,1,1,1,1,1,1,1,1,6,6,6,6,6,6,6,6,6,6,6,1,1,1,1,6,6,6,6,1,6,6,6,1,1,6,1,6,1,6,6,6,6,6,1,1,1,6,6,6,1,1,1,1,1,1,6,6,6,6,6,1,6,1,1,6,6,6,6,6,1,6,6,6,1,6,6,1,1,6,6,1,6,1,1,6,6,6,6,6,6,1,6,6,1,9,1,1,1,1,6,6,6,1,1,1,1,6,1,1,1,1,1,1,6,1,1,1,1,6,6,6,6,1,1,1,1,1,1,1,6,1,1,6,1,1,1,6,1,1,1,6,6,6,6,6,1,1,1,1,6,6,6,6,1,1,1,1,1,1,6,6,1,6,1,1,1,1,1,1,1,6,1,1,1,6,1,1,6,6,1,1,1,1,1,6,1,1,1,1,1,6,1,1,9,6,1,1,1,1,1,1,1,1,1,1,1,1,6,1,1,1,6,6,6,1,6,1,6,1,6,1,1,6,1,1,1,1,6,1,1,1,1,1,6,1,1,1,1,1,6,1,1,1,1,1,1,6,1,6,1,1,1,1,1,1,1,6,1,1,1,1,6,1,1,1,1,6,1,6,1,1,1,6,1,1,1,1,1,1,6,6,6,1,1,1,6,1,6,6,6,1,1,1,1,1,1,1,1,1,1,6,1,1,1,1,6,1,1,1,1,1,6,1,1,1,1,1,1,1,1,1,1,1,1,1,6,1,1,1,1,1,1,1,1,1,1,6,1,6,1,1,1,1,1,1,1,1,1,1,6,1,1,6,1,1,1,1,1,1,1,1,6,1,1,1,1,1,6,1,1,1,6,1,6,1,1,1,1,1,1,6,1,6,1,6,1,1,1,1,1,1,1,1,6,1,6,1,1,1,1,1,1,1,1,1,6,1,1,1,6,1,1,1,1,1,1,1,1,1,1,1,1,1,1,1,6,1,1,6,6,6,6,1,6,1,6,1,6,1,1,1,1,1,1,1,1,1,1,1,6,1,6,1,6,1,1,1,1,1,1,1,1,1,1,1,6,6,6,6,1,6,1,1,6,6,1,1,6,1,6,1,1,1,1,1,6,6,1,1,1,1,1,6,6,6,6,1,1,6,6,1,6,1,1,1,1,1,1,1,6,6,1,1,1,1,6,1,6,6,6,6,6,6,6,6,6,1,1,6,6,1,1,1,9,1,1,1,1,1,1,1,1,1,1,6,1,1,1,6,1,6,1,1,1,6,1,1,1,1,1,6,1,1,1,1,1,1,1,1,6,1,1,1,6,1,6,6,1,1,1,6,6,6,6,6,6,1,1,1,1,1,1,1,6,1,1,1,6,1,1,6,1,1,1,1,1,1,1,1,1,1,1,1,1,1,6,6,6,6,1,1,1,1,1,1,6,1,1,1,1,1,6,1,1,1,6,1,6,1,1,1,1,1,1,1,1,1,1,6,1,1,9,9,6,1,1,1,6,1,1,1,6,6,6,6,1,1,1,1,1,1,1,1,1,1,1,1,1,1,1,1,1,1,1,1,1,6,1,1,1,1,1,1,1,1,1,1,1,1,1,1,1,1,1,1,1,6,1,1,1,1,1,1,1,1,1,1,1,1,1,1,1,1,1,1,1,1,1,1,1,1,1,1,1,1,1,1,1,1,1,1,1,1,1,1,1,1,1,1,1,1,1,1,1,1,1,1,1,1,1,1,1,1,1,1,1,1,1,1,1,1,1,1
262,21520,BLUM,200,1,1,1,6,1,6,1,1,1,1,1,6,6,6,6,6,6,6,6,1,6,1,1,1,1,1,6,6,6,1,1,1,1,1,1,6,6,6,1,1,6,6,6,1,6,6,6,6,1,1,1,6,1,1,1,6,1,1,1,1,1,1,6,1,1,1,1,1,1,1,1,1,1,1,1,1,1,1,1,1,1,1,1,1,1,1,1,1,1,1,1,1,1,1,1,1,1,1,1,1,6,1,1,1,6,6,6,6,6,6,6,6,1,1,1,1,6,6,1,1,6,1,6,6,1,1,1,1,1,1,6,1,6,6,1,1,1,1,6,6,6,6,6,6,6,6,1,6,6,6,1,6,6,6,6,6,1,1,1,1,1,1,6,6,6,1,1,1,1,1,6,1,1,1,1,1,1,1,1,1,1,1,1,6,1,1,1,1,6,1,1,1,6,1,1,1,1,1,1,1,1,1,1,6,1,6,1,1,1,1,1,1,1,6,1,1,1,1,1,1,1,1,1,1,1,1,6,1,1,1,1,1,6,1,1,1,1,1,1,1,1,1,1,6,1,1,1,6,1,6,1,1,6,1,1,1,1,1,1,1,1,1,1,1,1,6,1,1,1,1,1,1,1,1,1,1,1,6,6,6,1,6,1,1,1,1,1,1,1,1,1,6,1,1,1,1,1,1,9,9,1,1,6,6,1,1,1,1,1,1,9,9,9,9,1,1,6,1,1,1,1,1,1,1,1,6,1,1,1,1,1,6,1,6,6,1,1,1,1,6,1,1,1,1,1,1,1,1,6,1,1,6,1,1,6,6,6,6,6,6,1,6,6,6,6,6,1,1,1,6,1,1,1,1,1,6,1,1,1,1,1,1,1,6,6,6,6,6,1,1,1,1,1,6,6,6,1,6,6,6,1,1,6,6,1,1,1,1,1,1,1,1,1,1,9,1,6,1,1,1,1,6,6,6,1,1,1,6,6,6,6,6,6,1,1,1,1,1,1,1,1,1,6,1,1,6,1,1,6,1,1,1,1,1,1,1,1,6,6,6,6,1,1,6,6,1,1,1,1,6,1,6,1,1,6,6,1,1,1,1,1,6,1,1,1,1,1,1,6,6,1,1,1,6,6,1,1,1,1,6,1,1,1,6,1,6,7,1,1,1,1,1,6,6,6,1,1,1,6,6,6,6,1,1,1,6,1,1,1,1,1,1,6,6,6,1,1,1,1,6,1,1,1,1,1,1,6,1,1,1,1,6,6,6,6,6,1,1,1,1,1,1,6,1,6,1,1,1,1,6,1,1,1,6,6,6,6,6,1,1,1,1,6,6,6,6,1,1,1,1,1,1,6,6,1,1,1,1,1,1,1,1,1,6,1,1,1,6,1,1,6,6,1,1,1,1,1,6,1,1,1,9,9,9,1,1,6,6,1,1,1,1,1,1,1,1,1,1,1,1,6,1,1,1,6,6,1,1,1,1,6,1,6,1,1,6,1,1,1,9,1,1,1,1,1,1,6,1,1,6,1,1,1,1,1,1,1,1,1,6,1,6,1,1,1,1,1,1,1,6,1,1,1,1,1,1,1,1,1,6,1,6,1,1,1,6,1,1,1,1,1,1,6,6,9,1,1,1,1,1,6,1,6,6,1,1,1,1,1,1,1,1,1,6,1,1,1,1,6,1,1,1,1,1,6,1,1,1,1,1,1,1,1,1,1,1,1,9,9,1,1,1,1,1,1,1,1,1,1,6,1,6,1,9,9,9,1,1,1,1,1,1,1,1,1,6,1,1,1,1,1,1,1,1,6,1,6,1,1,1,1,1,1,1,1,1,6,1,1,1,1,1,1,6,1,6,1,6,1,1,1,1,1,1,1,1,6,1,1,1,6,1,1,6,1,1,1,1,6,1,1,1,6,1,1,1,1,1,1,1,1,1,1,1,1,1,1,1,6,1,1,6,6,1,6,1,6,1,6,1,6,1,1,1,1,1,1,1,1,1,1,1,1,1,6,1,6,1,1,1,1,1,1,1,1,1,1,1,1,1,6,1,1,6,1,1,6,6,1,1,6,1,6,9,9,9,1,1,6,6,1,1,1,1,1,6,6,6,6,1,1,6,6,1,6,1,1,1,1,1,1,1,1,6,1,1,1,1,6,1,6,6,1,6,6,1,6,1,1,1,1,6,1,1,1,1,6,1,1,1,1,1,1,1,1,9,9,9,9,9,9,9,9,9,9,1,1,6,1,1,1,1,1,1,1,1,1,1,1,1,1,1,1,6,1,1,6,1,6,1,1,1,1,6,6,1,6,6,1,1,6,1,9,9,9,9,9,9,1,1,6,1,1,1,1,1,1,1,1,1,1,1,1,1,1,1,1,7,6,6,6,6,1,1,1,1,1,1,6,1,1,1,1,1,6,1,1,1,1,1,6,6,1,1,1,1,1,1,1,1,1,1,1,1,9,9,6,1,1,1,1,1,1,1,6,6,6,6,1,1,1,1,1,1,1,1,1,1,1,1,1,1,1,1,6,1,1,1,1,6,1,1,9,9,6,1,1,6,6,1,1,1,1,1,1,1,1,1,6,6,1,1,1,1,1,1,1,6,6,1,6,6,1,6,1,1,1,1,1,1,1,6,1,1,1,1,1,1,1,1,1,1,1,1,1,1,1,1,1,1,9,9,9,9,9,9,9,9,9,9,9,9,9,9,9,9,9,9,9,9,9,9,9,9,9,9
263,21521,YOUNG,200,1,1,1,6,1,6,1,1,1,1,1,6,6,6,6,6,6,6,6,1,6,1,1,1,1,1,1,6,6,1,1,1,1,1,1,6,6,6,6,6,6,6,6,1,6,6,6,6,6,1,1,6,1,1,1,6,1,1,1,1,1,1,6,1,1,1,1,1,1,1,1,1,1,1,1,1,1,1,1,1,1,1,1,1,1,1,1,1,1,1,1,1,1,1,1,1,1,1,1,1,1,1,1,1,6,6,6,6,6,6,1,6,1,1,1,1,6,6,1,1,6,1,6,6,1,1,1,1,1,1,6,1,6,6,1,1,1,1,6,6,6,6,6,6,6,6,1,6,6,6,1,6,6,6,6,6,1,1,1,1,1,1,1,6,6,6,1,1,1,1,1,1,1,1,1,1,1,1,1,1,1,6,1,6,1,1,1,6,1,1,1,1,1,1,1,1,1,1,1,1,1,1,1,6,1,6,1,1,1,1,1,1,1,6,1,1,1,1,1,1,1,1,1,1,1,1,1,1,1,1,1,1,1,1,1,1,1,1,1,1,1,6,1,1,1,1,1,1,1,1,1,1,1,1,1,1,1,1,1,1,1,1,1,1,1,6,1,1,1,1,1,1,1,1,1,1,1,6,6,6,1,6,1,1,1,1,1,1,1,1,1,6,1,1,1,1,1,1,1,1,1,1,1,6,1,1,1,1,1,1,1,1,6,1,1,1,6,1,1,1,1,1,1,1,1,1,1,1,1,1,1,1,1,1,6,1,1,1,1,6,1,6,1,1,1,1,1,1,6,6,1,6,1,1,6,6,6,6,6,6,1,6,6,1,6,6,6,1,1,6,1,1,1,1,1,6,1,1,1,1,1,1,1,6,6,6,6,6,6,1,1,1,1,6,6,6,1,6,6,6,1,1,6,6,1,1,1,1,1,1,1,1,1,1,6,1,6,1,1,1,1,6,6,1,1,1,1,1,1,6,6,1,6,1,1,1,1,1,1,1,1,1,1,1,1,1,6,1,6,1,6,1,1,1,1,1,1,6,6,6,6,1,1,6,6,1,1,6,1,6,1,6,1,1,6,6,1,1,1,1,1,6,1,1,1,1,1,1,6,6,1,1,1,6,6,1,1,1,6,6,6,6,1,6,6,6,1,1,1,1,1,1,6,1,6,1,1,1,6,6,6,6,1,1,1,6,1,1,1,1,1,1,1,6,6,6,1,1,1,6,1,1,1,1,1,1,6,1,1,1,1,6,6,6,6,1,1,1,1,1,1,1,6,1,1,6,1,1,1,1,1,1,1,6,6,6,6,6,1,1,1,1,1,6,6,6,1,1,1,1,1,1,6,6,1,6,1,1,1,1,1,1,1,6,1,1,1,1,1,1,1,6,1,1,1,1,1,6,1,1,1,1,1,1,1,1,1,6,1,1,1,1,1,1,1,1,1,1,1,1,6,1,1,1,6,6,1,1,6,1,1,1,6,1,1,1,1,1,1,1,6,1,1,1,1,1,1,1,1,1,1,1,6,1,1,1,1,1,1,6,1,6,1,1,1,1,1,1,1,6,1,1,1,1,1,1,1,1,1,6,1,1,1,1,1,1,1,6,1,1,1,1,6,6,6,1,1,1,1,1,1,6,6,1,1,1,1,1,1,1,1,1,1,1,1,1,1,1,6,1,1,1,1,1,6,1,1,1,1,1,1,1,1,1,1,1,1,1,1,1,1,1,1,1,1,1,1,1,1,1,1,1,1,1,1,1,1,1,1,1,1,1,6,1,1,6,6,1,1,1,1,1,1,1,6,1,6,1,1,1,6,1,1,1,6,1,6,1,1,1,1,1,1,6,1,6,1,6,1,1,1,1,1,1,1,1,6,1,1,1,1,1,1,1,1,1,1,1,1,1,1,1,6,1,1,1,1,1,1,1,1,1,1,1,1,1,1,1,6,1,1,6,6,1,6,1,6,1,6,1,6,1,1,1,1,1,1,1,1,1,1,1,6,1,6,1,1,1,1,1,1,1,1,1,1,1,1,1,1,6,6,6,1,6,1,1,6,6,1,1,6,1,1,1,1,1,1,1,1,6,1,1,1,1,1,6,6,6,6,1,1,6,6,1,6,1,1,1,1,1,1,1,1,6,1,1,1,1,1,1,6,1,6,6,6,1,6,1,6,1,1,6,6,1,1,1,1,1,1,1,1,1,1,1,1,1,1,1,1,1,1,6,1,6,1,1,1,6,1,1,1,1,1,6,1,1,1,1,1,1,1,1,6,1,1,1,6,1,6,6,1,1,1,1,1,1,6,6,6,1,1,1,1,1,1,1,6,1,1,1,6,1,1,6,1,1,1,1,1,1,1,1,1,1,1,1,1,1,6,1,6,6,1,1,1,1,1,1,6,1,1,1,1,1,6,1,1,1,1,1,6,1,1,1,1,1,1,1,1,1,1,6,1,1,1,1,6,1,1,1,6,1,1,1,6,6,6,6,1,1,1,1,1,1,1,1,1,1,1,1,1,1,1,1,1,1,1,1,1,6,1,1,1,1,1,1,1,1,1,1,1,1,1,1,1,1,1,1,1,1,1,1,1,1,1,1,1,1,1,1,1,1,1,1,1,1,1,1,1,1,1,1,1,1,1,1,1,1,1,1,1,1,1,1,1,1,1,1,1,1,1,1,1,1,1,1,1,1,1,1,1,6,1,1,1,1,1,1,1,1,1,1,1,6,1,1
264,21522,ABRAHAM,200,1,1,1,6,1,6,1,1,1,1,1,6,6,6,6,6,6,6,6,1,6,1,1,1,1,1,1,6,6,1,1,1,1,1,1,6,6,6,6,6,6,6,6,1,6,6,6,6,6,1,1,6,1,1,1,6,1,1,1,1,1,1,6,1,1,1,1,1,1,1,1,1,1,1,1,1,1,1,1,1,1,1,1,1,1,1,1,1,1,1,1,1,1,1,1,1,1,1,1,1,6,1,1,6,6,6,6,6,6,6,6,6,1,1,1,1,6,6,1,1,6,1,6,6,1,1,1,1,1,1,6,1,6,6,1,1,1,1,6,6,6,6,6,6,6,6,1,6,6,6,1,6,6,6,6,6,1,1,1,1,1,1,1,6,6,6,1,1,1,1,1,1,1,1,1,1,1,1,1,1,1,6,1,6,1,1,1,1,1,1,1,1,1,1,1,1,1,1,1,1,1,1,1,6,1,6,1,9,9,1,1,1,1,6,1,1,1,1,1,1,1,1,1,1,1,1,1,1,1,1,1,1,1,1,1,1,1,1,1,1,1,6,1,1,1,1,1,6,1,1,1,1,1,1,1,1,1,1,1,1,1,1,1,1,1,6,1,1,1,1,1,1,1,1,1,1,1,6,6,6,1,6,1,1,1,1,1,1,1,1,1,6,1,1,1,1,1,1,1,1,1,1,1,6,1,1,1,1,1,1,1,1,6,1,1,1,6,1,1,1,1,1,1,1,1,1,1,1,1,1,1,1,1,1,6,1,1,1,1,6,1,6,1,1,1,1,1,1,6,6,1,6,1,1,1,6,6,6,6,6,1,6,6,6,6,1,1,1,1,6,1,1,1,1,1,6,1,1,1,1,1,1,1,6,6,6,6,6,6,1,1,1,1,6,6,6,1,6,6,6,1,1,6,6,1,1,1,1,1,1,1,1,1,1,1,1,6,1,6,6,6,6,6,1,1,1,6,1,6,1,6,1,6,1,1,1,1,1,1,1,1,1,1,1,1,6,1,6,6,1,1,1,1,1,1,1,1,6,6,6,6,1,1,6,6,1,1,1,1,6,1,6,1,6,6,6,1,1,1,1,1,6,1,1,1,1,1,1,6,6,1,6,1,6,6,1,1,6,6,6,1,6,1,6,6,6,1,6,1,1,1,1,6,1,6,1,1,1,6,6,6,6,1,1,6,6,1,1,6,1,1,1,1,6,6,1,1,1,1,6,6,1,1,1,1,1,6,1,1,1,1,6,6,1,6,1,1,1,1,1,1,1,6,1,1,6,1,1,1,1,1,1,1,6,6,6,6,6,1,1,1,1,1,6,6,6,1,1,1,1,1,1,6,6,1,6,1,1,1,1,1,1,1,6,1,1,1,1,1,1,1,6,1,1,1,1,1,6,1,1,1,1,1,1,1,1,1,6,6,1,1,1,1,1,1,1,1,1,1,1,6,1,1,1,6,6,1,1,6,1,1,1,6,1,1,1,1,1,1,1,6,1,1,1,1,1,1,1,1,1,1,1,6,1,1,1,1,1,1,6,1,6,1,1,1,1,1,1,1,6,1,1,1,1,1,1,1,1,1,6,1,1,1,1,1,1,1,1,1,1,1,1,6,6,6,1,1,1,1,1,1,6,6,1,1,1,1,1,1,1,1,1,1,1,1,1,1,1,6,1,1,1,1,1,6,9,9,9,9,9,1,1,1,1,1,1,1,1,1,1,1,1,1,1,1,1,1,1,1,1,1,1,1,1,1,1,1,1,1,1,1,1,6,1,1,6,1,1,1,1,1,1,1,1,6,1,1,1,1,1,6,1,1,1,6,1,6,1,1,1,1,1,1,6,1,6,1,6,1,1,1,1,1,1,1,1,6,1,1,1,1,1,1,6,1,1,1,1,1,1,1,1,6,1,1,1,1,1,1,1,1,1,1,1,1,1,1,1,6,1,1,6,6,1,6,1,6,1,1,1,6,1,1,1,1,1,1,1,1,1,1,1,6,1,6,1,1,1,1,1,1,1,1,1,1,1,1,1,1,6,6,6,1,6,1,1,1,6,1,1,6,1,1,1,1,1,1,1,1,6,1,1,1,1,1,6,6,6,6,1,1,6,6,6,6,1,1,1,1,1,1,1,1,6,1,1,1,1,1,1,6,6,1,6,6,1,6,1,1,1,1,6,6,1,1,1,1,1,1,1,1,1,1,1,1,1,1,1,1,1,1,6,1,6,1,1,1,6,1,1,1,1,1,6,1,1,1,1,1,1,1,1,6,6,1,1,6,1,1,1,1,1,1,1,1,1,6,6,6,1,1,1,1,1,1,1,6,1,1,1,6,1,1,6,1,1,1,1,1,1,1,1,1,1,1,1,1,1,6,6,6,1,1,1,1,1,1,1,6,1,1,1,1,1,6,1,1,1,1,1,6,1,1,1,1,1,1,1,1,1,1,6,1,1,1,1,6,1,1,1,6,1,1,1,6,6,6,6,1,1,1,1,1,1,1,1,1,1,1,1,1,6,1,1,1,1,1,1,1,6,1,1,1,1,1,1,1,1,1,1,1,1,1,1,1,1,1,1,1,1,1,1,9,9,9,9,9,9,9,9,9,9,1,1,6,1,1,1,1,1,1,1,1,1,1,1,1,1,1,1,1,1,1,1,1,1,1,1,1,1,1,1,1,1,1,1,1,1,1,1,1,1,1,1,1,1,1,1,1,1,1,1,1,1,1,1
265,21523,GRAVES,200,1,1,1,6,1,6,1,1,1,1,1,6,6,6,6,6,6,6,6,1,6,1,1,1,1,1,6,6,6,1,1,1,1,1,1,6,6,6,6,6,6,6,6,1,6,6,6,6,6,1,1,6,1,1,1,6,1,1,1,1,1,1,6,1,1,1,1,1,1,1,1,1,1,1,1,1,1,1,1,1,1,1,1,1,1,1,1,1,1,1,1,1,1,1,1,1,1,1,1,1,1,1,1,1,6,6,6,6,6,6,6,6,1,1,1,1,6,6,1,1,6,1,6,6,1,1,1,1,1,1,6,1,6,6,1,1,1,1,6,6,6,6,6,6,6,6,1,6,6,6,1,6,6,6,6,6,1,1,1,1,9,1,6,6,6,6,1,1,1,1,9,1,1,1,1,1,1,1,1,1,1,6,1,6,1,1,1,1,6,1,1,1,6,1,1,1,1,1,1,1,6,1,1,6,1,6,1,1,1,1,1,1,1,6,1,1,1,1,1,1,1,1,1,1,1,1,6,1,1,9,1,1,6,1,1,1,1,1,1,1,1,6,1,6,1,1,1,6,1,6,1,1,6,1,1,1,1,1,1,1,1,1,1,1,1,6,1,1,1,1,1,1,9,9,9,9,9,9,9,9,9,6,1,1,1,1,1,1,1,1,1,6,1,1,1,1,1,1,1,1,1,1,6,6,1,1,1,1,1,1,1,1,6,1,1,1,6,1,1,1,1,1,1,1,1,6,1,1,1,1,1,6,1,1,6,1,1,1,1,6,1,6,1,1,1,1,1,1,6,6,1,6,1,1,1,6,6,6,6,6,1,6,6,6,1,1,6,1,1,6,1,1,1,1,1,6,1,1,1,1,9,1,1,6,6,6,6,6,6,1,1,1,1,6,6,6,1,6,6,6,1,1,6,6,1,1,1,1,1,1,1,1,1,1,6,6,6,1,6,6,6,6,6,1,1,1,1,1,6,6,6,6,6,1,1,1,1,1,1,1,1,1,6,1,1,1,1,1,6,1,1,1,1,1,1,1,1,6,6,6,6,1,1,6,6,1,1,1,1,6,1,6,6,6,6,6,1,1,1,1,1,6,1,1,1,1,1,1,6,6,1,6,6,6,6,1,1,6,6,1,6,1,1,6,6,6,1,1,1,1,1,1,6,1,6,1,1,1,6,6,6,6,1,1,6,6,1,1,6,1,1,1,6,6,6,1,1,1,1,6,6,1,1,1,1,1,6,1,1,1,1,6,6,1,6,1,1,1,1,1,1,1,6,1,1,6,1,1,1,6,1,1,1,6,6,6,6,6,1,1,1,1,6,6,6,6,1,1,1,1,1,1,6,9,1,6,1,1,1,1,1,1,1,6,1,1,1,6,1,1,6,6,1,1,1,1,1,6,1,1,1,1,1,6,1,1,6,6,6,1,1,1,1,1,1,1,1,1,1,1,6,1,1,1,6,6,1,1,6,1,6,1,6,1,1,9,1,1,1,1,6,1,1,1,1,1,6,1,1,1,1,1,6,1,1,1,1,1,1,6,1,6,1,1,1,1,1,1,1,6,1,1,1,1,6,1,1,1,1,6,1,9,1,1,1,1,1,1,1,1,1,1,6,6,6,1,1,1,1,1,6,1,6,6,1,1,1,1,1,1,1,1,1,6,1,1,1,1,6,1,1,1,1,1,6,1,1,1,1,1,1,1,1,1,1,1,1,1,6,1,1,1,1,1,1,1,1,1,1,6,9,9,1,1,1,6,1,1,1,1,1,9,6,1,1,6,1,1,9,1,1,1,1,1,6,1,1,1,1,1,6,1,1,1,6,1,6,1,1,1,1,1,1,6,1,6,1,6,1,1,1,1,1,1,1,1,6,1,6,1,1,1,1,6,1,1,1,1,6,1,1,1,6,1,1,1,1,1,1,1,1,1,1,1,1,1,1,1,6,1,1,6,6,1,6,1,6,1,1,1,6,1,1,1,1,1,1,1,1,1,1,1,6,1,6,1,6,1,1,1,1,1,1,1,1,1,1,1,6,6,6,1,1,6,1,1,1,1,1,1,6,1,1,1,1,1,1,1,6,6,1,1,1,1,1,6,6,6,6,1,1,6,6,1,6,1,1,1,1,1,1,1,6,6,1,1,1,1,6,1,1,6,1,6,6,6,6,1,1,1,1,6,6,1,1,1,1,1,1,9,9,1,1,1,1,1,1,9,1,1,1,6,6,6,1,1,1,6,1,1,1,1,1,6,1,1,1,1,1,1,1,1,6,6,1,1,6,1,6,1,1,1,1,6,6,1,6,6,6,1,9,9,1,1,1,1,6,1,1,1,6,1,1,6,1,1,1,1,1,1,1,1,1,1,1,1,1,1,6,6,6,1,1,1,1,1,1,1,6,1,1,1,1,1,6,1,1,1,1,1,6,1,9,9,1,1,1,1,1,1,1,6,1,1,1,1,6,1,1,1,6,1,1,1,6,6,6,6,1,1,1,1,1,1,1,1,1,1,1,1,1,1,1,1,1,1,1,1,1,6,1,1,1,1,1,1,1,1,1,1,1,1,1,1,1,1,1,1,6,6,1,1,1,1,1,1,1,9,1,1,1,1,1,1,1,1,1,1,1,1,1,1,1,1,1,1,1,1,1,1,1,1,1,1,1,1,1,1,1,1,1,1,1,1,1,1,1,1,1,1,1,1,1,1,9,1,1,1,9,1,1,1,1,6,1,1
266,21524,POLIQUIN,200,1,1,1,6,1,6,1,1,1,1,1,6,6,6,6,6,6,6,6,1,6,1,1,1,1,1,6,6,6,1,1,1,1,1,1,6,6,6,6,6,6,6,6,1,6,6,6,6,6,1,1,6,1,1,1,6,1,1,1,1,1,1,6,1,1,1,1,1,1,1,1,6,1,1,1,1,1,1,1,1,1,1,1,1,1,1,1,1,1,1,1,1,1,1,1,1,1,1,1,1,1,1,1,1,6,6,6,6,6,6,6,6,1,1,1,1,6,6,1,1,6,1,6,6,1,1,1,1,1,1,6,1,6,6,1,1,1,1,6,6,6,6,6,6,6,6,1,6,6,6,1,6,6,6,6,6,1,1,1,1,1,1,6,6,6,6,1,1,1,1,6,1,1,1,1,1,1,1,1,1,1,6,1,6,1,1,1,1,6,1,1,1,6,1,1,1,1,1,1,1,1,1,1,6,1,6,1,1,1,1,1,1,1,6,1,1,1,1,9,1,1,1,1,1,1,1,6,1,1,1,1,1,6,1,1,1,1,1,1,1,1,6,1,6,9,9,9,9,9,9,1,1,6,1,1,1,1,1,1,1,1,1,1,1,1,6,1,1,1,1,1,1,1,1,1,1,1,6,6,6,1,6,1,1,1,1,1,1,1,1,1,6,1,1,1,1,1,1,1,1,1,1,6,6,1,1,1,1,1,1,1,1,6,1,1,1,6,1,1,1,1,1,1,1,1,1,1,1,1,1,1,6,1,6,6,1,1,1,1,6,1,6,1,1,1,1,1,1,6,6,1,6,1,1,6,6,6,6,6,6,1,6,6,6,6,1,6,1,1,6,1,1,1,1,1,6,1,1,1,1,1,1,1,1,6,6,6,6,6,6,1,1,1,6,6,6,1,6,6,6,1,1,6,6,1,1,1,1,1,1,1,1,1,1,6,6,6,6,6,6,1,6,1,6,1,1,1,1,6,6,6,6,6,1,1,1,1,1,1,1,1,1,6,1,1,6,1,6,6,6,6,1,6,1,1,1,1,6,6,6,6,1,1,6,6,1,1,6,6,6,1,6,6,6,1,1,1,1,1,1,6,6,1,1,1,1,1,1,1,6,6,1,6,6,6,6,1,1,6,6,6,6,1,6,1,6,1,6,6,1,1,1,6,1,6,1,6,1,6,1,6,1,1,1,1,6,1,1,1,1,1,1,6,6,6,1,1,1,1,6,1,1,1,1,1,1,6,1,1,1,1,6,6,6,6,1,1,1,1,1,1,1,6,1,1,6,1,1,1,6,1,1,1,6,6,6,6,6,1,1,1,1,6,6,6,6,1,1,1,1,1,1,6,6,1,6,1,1,1,1,1,1,1,6,1,1,1,6,1,1,6,6,1,1,1,1,1,6,1,1,1,1,1,6,1,1,6,6,1,1,1,1,1,1,1,1,1,1,1,1,6,1,1,1,6,6,1,1,6,1,6,1,6,1,1,6,1,1,1,1,6,1,1,1,1,1,6,1,1,1,1,1,6,1,1,1,1,1,1,6,1,6,1,1,1,1,1,1,1,6,1,1,1,1,6,1,1,1,1,6,1,6,1,1,1,6,1,1,1,1,1,1,6,6,6,1,1,1,1,1,6,6,6,1,1,1,1,1,1,1,1,1,1,6,1,1,1,1,6,1,1,1,1,1,6,1,1,1,1,1,1,1,1,1,1,1,1,1,6,1,1,1,1,1,1,1,1,1,1,6,1,6,1,1,1,1,1,1,1,1,1,1,6,1,1,6,1,1,1,1,1,1,1,1,6,1,1,1,1,1,6,1,1,1,6,1,6,6,1,1,1,1,1,6,1,6,1,6,1,1,1,1,1,1,1,1,6,1,6,1,1,1,1,1,1,1,1,1,6,1,1,1,6,1,1,1,1,1,1,1,1,1,1,1,1,1,1,1,6,1,1,6,6,1,6,1,6,1,6,1,6,1,1,9,9,1,1,1,1,1,1,1,6,1,6,1,6,1,1,1,1,1,1,1,1,1,1,1,6,6,6,6,1,6,1,1,6,6,1,1,6,1,6,1,1,1,1,1,6,6,1,1,1,1,1,6,6,6,6,1,1,1,1,1,6,1,1,1,1,1,1,1,6,6,1,1,9,1,6,1,1,6,6,6,6,6,1,1,6,1,6,6,6,1,1,1,6,1,9,1,1,1,1,1,1,1,1,6,1,1,1,6,1,6,1,1,1,6,1,1,1,1,1,6,1,1,1,1,1,1,1,1,6,1,1,1,6,1,1,1,1,1,1,6,6,1,6,6,6,1,1,1,1,1,1,1,6,1,1,1,6,1,1,6,1,1,1,1,1,1,1,1,1,1,1,1,1,6,6,6,6,6,1,1,1,1,1,1,6,1,1,6,1,1,1,1,1,1,1,1,6,1,1,1,1,1,1,1,1,1,1,6,1,1,1,1,6,1,1,1,6,1,1,1,6,6,6,6,1,1,1,1,1,1,1,1,1,1,1,1,1,1,1,1,1,1,1,1,1,6,1,1,9,9,1,1,1,1,1,1,1,1,1,1,1,1,1,1,1,6,1,1,1,1,1,1,1,1,1,1,1,1,1,1,1,1,1,1,1,1,1,1,1,1,1,1,1,1,1,1,1,1,1,1,1,1,1,1,1,1,1,1,1,1,1,1,1,1,1,1,1,1,1,1,1,1,1,1,1,1,1,1,1,1,1,1
267,21525,MOULTON,100,6,6,6,1,6,1,6,6,6,1,6,1,1,1,1,1,1,1,1,6,1,6,1,1,6,6,1,6,6,1,6,6,1,6,6,1,1,1,1,1,1,1,1,6,1,1,1,1,1,6,6,1,6,6,6,1,6,1,1,1,6,6,1,6,1,1,6,6,6,6,6,6,6,6,6,6,6,1,1,6,6,6,6,6,9,9,6,6,6,6,6,6,6,6,6,6,6,6,1,6,1,6,6,1,1,1,1,1,1,1,1,1,6,6,6,1,1,1,6,6,1,1,1,1,6,1,6,6,6,6,6,9,6,6,1,6,6,6,1,1,1,1,1,1,1,1,6,1,1,1,6,1,1,1,1,1,6,1,1,6,6,6,6,1,1,1,6,6,1,1,1,1,1,1,6,6,1,6,6,1,6,1,1,1,6,1,6,6,6,6,6,1,6,1,1,6,6,6,6,6,6,6,6,1,6,1,6,1,1,6,6,6,6,1,1,6,6,6,1,1,1,1,6,6,1,1,1,6,6,1,1,1,1,6,1,1,1,1,6,6,1,1,6,1,6,6,1,1,1,1,6,6,6,1,6,1,1,6,6,6,1,6,6,6,1,1,6,1,1,6,6,1,6,6,6,1,1,1,1,1,6,1,1,1,1,1,6,6,6,6,6,1,6,6,6,6,6,6,1,1,6,6,1,1,6,1,6,1,1,6,6,6,1,1,6,6,1,6,1,1,1,1,1,6,6,1,1,1,1,6,6,1,6,6,1,6,1,6,6,1,6,1,6,1,1,6,6,1,1,1,6,1,6,6,6,6,6,1,1,1,6,1,1,1,1,6,6,6,6,6,6,6,6,6,1,1,1,1,1,1,6,6,1,1,1,1,1,1,1,6,6,6,6,1,1,1,6,1,1,1,6,1,1,1,6,6,6,1,6,6,6,1,6,6,6,6,1,6,1,1,1,1,1,1,6,6,6,6,1,1,1,1,1,6,6,1,1,1,1,1,6,6,1,6,6,6,6,6,1,6,6,6,6,6,6,6,6,1,1,1,1,6,6,1,1,6,6,6,6,1,6,1,6,1,1,1,6,6,1,6,6,1,6,1,6,6,6,6,1,1,6,1,6,1,1,6,6,1,1,1,1,1,6,1,1,1,6,6,6,6,6,6,1,6,1,6,6,6,1,1,6,1,6,6,1,1,6,1,6,1,6,6,1,1,1,6,6,6,1,1,1,6,1,1,6,6,1,6,1,6,6,6,1,6,1,6,1,1,6,6,1,1,1,1,1,1,1,1,1,1,6,6,1,1,1,1,1,1,6,1,6,6,1,1,1,1,6,6,1,1,6,6,1,1,6,1,6,1,6,6,6,6,1,1,6,1,1,1,6,6,1,1,6,1,6,6,1,1,6,1,6,1,1,1,6,6,1,1,6,1,6,6,1,1,1,6,1,6,6,6,1,6,6,6,1,1,6,1,1,1,1,6,1,1,1,1,6,6,6,1,1,6,1,6,6,1,1,1,6,1,1,1,1,1,6,6,6,6,6,1,6,1,6,6,1,1,6,6,1,1,6,1,6,1,1,6,6,6,1,1,6,1,6,6,1,1,6,6,1,1,1,1,6,6,6,6,6,6,6,1,1,1,1,1,1,1,1,6,6,1,1,6,1,1,6,6,6,6,1,6,6,1,6,6,6,6,6,6,6,1,6,1,1,6,6,6,1,1,1,6,6,6,6,6,6,6,6,9,9,9,9,9,9,6,6,6,1,1,6,6,1,1,1,6,6,1,6,1,1,6,6,6,6,6,1,6,1,1,1,1,1,1,6,6,1,6,1,6,6,1,6,6,1,1,6,1,6,1,6,6,6,1,1,6,6,1,1,6,1,6,6,1,1,1,1,1,1,1,1,6,6,1,1,6,6,1,1,1,1,6,6,1,1,1,1,1,6,6,1,6,1,1,6,6,6,6,1,1,6,6,1,1,6,1,1,6,6,6,6,6,6,6,1,6,6,1,1,1,1,1,6,6,6,1,1,1,6,6,1,1,6,6,6,6,6,6,6,6,1,6,1,6,6,1,1,1,6,6,1,1,6,1,6,6,6,6,6,1,1,6,1,6,6,1,1,6,1,1,1,1,6,6,1,1,1,1,6,6,1,6,1,1,6,1,1,6,1,6,6,6,6,1,1,6,1,1,1,6,6,1,1,1,1,6,6,9,1,1,6,6,6,1,6,1,1,6,6,1,6,6,6,6,6,1,1,1,1,6,6,1,1,1,1,6,6,6,1,1,1,1,6,6,6,1,1,1,1,1,1,1,1,1,6,6,6,6,1,6,9,9,9,9,9,9,9,1,1,6,6,1,1,1,1,7,1,6,6,6,1,1,1,6,6,6,6,6,6,6,1,6,6,6,6,6,1,6,6,6,6,6,1,6,1,1,6,6,6,6,1,1,1,1,6,6,6,1,1,1,6,6,1,1,6,6,1,1,1,1,6,6,1,1,1,6,1,1,1,1,6,6,1,1,6,1,1,6,6,6,6,9,9,9,1,1,6,1,6,1,1,6,1,1,1,1,1,1,1,6,6,1,1,1,9,9,9,9,9,9,9,9,9,9,9,9,1,1,1,1,1,1,1,1,1,1,1,1,1,1,1,6,1,1,1,6,6,6,6,1,6,1,1,1,1,1,1,1,1,1,1,1,1,1,1,1,1,1,1,1,1,1,6,1,1,6,6,1
268,21526,MOOLENAAR,200,1,1,1,6,1,6,1,1,1,1,1,6,6,6,6,6,6,6,6,1,6,1,1,1,1,1,6,6,6,1,1,1,1,1,1,6,6,6,6,6,6,6,6,1,6,6,6,6,6,1,1,6,1,1,1,6,1,1,1,1,1,1,6,1,1,1,1,1,1,1,1,1,1,1,1,1,1,1,1,1,1,1,1,1,1,1,1,1,1,1,1,1,1,1,1,1,1,1,1,1,6,1,1,1,6,6,6,6,6,6,6,6,1,1,1,1,6,6,1,1,6,1,6,6,1,1,1,1,1,1,6,1,6,6,1,1,1,1,6,6,6,6,6,6,6,6,1,6,6,6,1,6,6,6,6,6,1,1,1,1,1,1,1,6,6,6,1,1,1,1,1,1,1,1,1,1,1,1,1,1,1,6,1,6,1,1,1,1,6,1,1,1,1,1,1,1,1,1,1,1,1,1,1,6,1,6,1,1,1,1,1,1,1,6,1,1,1,1,1,1,1,1,1,1,1,1,6,1,1,1,1,1,6,1,1,1,1,1,1,1,1,6,1,1,1,1,1,1,1,6,1,1,1,1,1,1,1,1,1,1,1,1,1,1,1,6,1,1,1,1,1,1,1,1,1,1,1,6,6,6,1,6,1,1,1,1,1,1,1,1,1,6,1,1,1,1,1,1,1,1,1,1,1,6,1,1,1,1,1,1,1,1,6,1,1,1,6,1,1,1,1,1,1,1,1,1,1,1,1,1,1,6,1,6,6,1,1,1,1,6,1,6,1,1,1,1,1,1,6,6,1,6,1,1,1,6,6,6,6,6,1,6,6,6,6,1,1,1,1,6,1,1,1,1,1,6,1,1,1,1,1,1,1,6,6,6,6,6,6,1,1,1,1,6,6,6,1,6,6,6,1,1,6,6,1,1,1,1,1,1,1,1,1,1,6,6,6,1,6,6,6,6,6,6,1,1,6,6,6,6,6,6,6,1,1,1,1,1,1,1,1,1,6,1,6,6,6,6,6,6,6,1,6,1,1,1,1,6,6,6,6,1,1,6,6,6,1,6,1,6,6,6,1,6,6,6,1,1,1,6,6,6,1,1,1,1,1,1,6,6,6,1,6,6,6,1,1,6,6,6,6,6,6,6,6,6,1,6,6,6,1,6,6,1,6,1,1,6,6,6,6,6,6,1,1,6,1,1,1,1,1,1,6,6,6,1,1,1,1,6,1,1,1,1,1,1,6,1,1,1,1,6,6,1,6,1,1,1,1,1,1,1,6,1,1,6,1,1,1,1,1,1,1,6,6,6,6,6,1,1,1,1,1,6,6,6,1,1,1,1,1,1,6,6,1,6,1,1,1,1,1,1,1,6,1,1,1,1,1,1,1,6,1,1,1,1,1,6,1,1,1,1,1,1,1,1,6,6,1,1,1,1,1,1,1,1,1,1,1,1,6,1,1,1,6,6,1,1,6,1,1,1,6,1,1,1,1,1,1,1,6,1,1,1,1,1,1,1,1,1,1,1,6,1,1,1,1,1,1,6,1,6,1,1,1,1,1,1,1,6,1,1,1,1,1,1,1,1,1,6,1,1,1,1,1,1,1,1,1,1,1,1,6,6,6,1,1,1,1,1,1,6,6,1,1,1,1,1,1,1,1,1,1,1,1,1,1,1,6,1,1,1,1,1,6,1,1,1,1,1,1,1,1,1,1,1,1,1,1,1,1,1,1,1,1,1,1,1,1,1,1,1,1,1,1,1,1,1,1,1,1,1,6,1,1,6,1,1,1,1,1,1,1,1,6,1,1,1,1,1,6,1,1,1,6,1,6,1,1,1,1,1,1,6,1,6,1,6,1,1,1,1,1,1,1,1,6,1,1,1,1,1,1,1,1,1,1,1,1,1,1,1,6,1,1,1,1,1,1,1,1,1,1,1,1,1,1,1,6,1,1,6,1,1,6,1,6,1,6,1,6,1,1,1,1,1,1,1,1,1,1,1,6,1,6,1,1,1,1,1,1,1,1,1,1,1,1,1,1,6,6,6,1,6,1,1,6,6,1,1,6,1,9,1,1,1,1,1,1,6,1,1,1,1,1,6,6,6,6,1,1,6,6,1,6,1,1,1,1,1,1,1,6,6,1,1,1,1,1,1,6,6,6,6,6,1,6,6,6,1,1,6,6,1,1,1,6,1,1,1,1,1,1,1,1,1,9,1,1,1,1,6,1,6,1,1,1,6,1,1,1,1,1,6,1,1,1,1,1,1,1,1,6,1,1,1,6,1,6,6,1,1,1,6,6,6,6,6,6,1,1,1,1,1,1,1,6,1,1,1,6,1,1,6,1,1,1,1,1,1,1,1,1,1,1,1,1,1,6,6,6,6,1,1,1,1,1,1,6,1,1,1,6,1,6,1,1,1,1,1,6,1,1,1,1,1,1,1,1,1,1,6,1,1,1,1,6,1,1,1,6,1,1,1,6,6,6,6,1,1,1,1,1,9,1,1,1,1,1,1,1,1,1,1,1,1,1,1,1,6,1,1,1,1,1,1,1,1,1,1,1,1,1,1,1,1,1,1,1,6,1,1,1,1,1,1,1,1,1,1,1,1,1,1,1,1,1,1,1,1,1,1,1,1,1,1,1,1,1,1,1,1,1,1,1,1,1,1,1,1,1,1,1,1,1,1,1,1,1,1,1,1,1,1,1,1,1,1,1,1,1,1,1,1,1,1
269,21527,BISHOP,200,1,1,1,6,1,6,1,1,1,1,1,6,6,6,6,6,6,6,6,1,6,1,1,1,1,1,1,6,6,1,1,1,1,1,1,6,6,6,6,6,6,6,6,1,6,6,6,6,6,1,1,6,1,1,1,6,1,1,9,1,1,1,6,1,1,1,1,1,1,1,1,1,1,1,1,1,1,1,1,1,1,1,1,1,1,1,1,1,1,1,1,1,1,1,1,1,1,1,1,1,1,1,1,1,6,6,6,6,6,6,6,6,1,1,1,1,6,6,1,1,6,1,6,6,1,1,1,1,1,1,6,1,6,6,1,1,1,1,6,6,6,6,6,6,6,6,1,6,6,6,1,6,6,6,6,6,1,1,1,1,1,1,1,6,6,6,1,1,1,1,1,1,1,1,1,1,1,1,1,1,1,6,1,6,1,1,1,1,6,1,1,1,6,1,1,1,1,1,1,1,1,1,1,6,1,6,1,1,1,1,1,1,1,6,1,1,1,1,1,1,1,9,1,1,1,1,6,1,1,1,1,1,1,1,1,1,1,1,1,1,1,6,1,6,1,1,1,1,1,6,1,1,6,1,1,9,1,1,1,1,1,1,1,1,1,6,1,1,9,1,1,1,1,1,1,1,1,6,6,6,1,6,1,1,1,1,1,1,1,1,1,6,1,1,1,1,1,1,1,1,1,1,1,6,1,1,1,1,1,1,1,1,6,1,1,1,6,1,1,1,1,1,1,1,1,6,1,1,1,1,1,6,1,6,6,1,1,1,1,6,1,6,1,1,1,1,1,1,6,6,1,6,1,1,1,6,6,6,6,6,1,6,6,1,6,1,6,1,1,6,1,1,1,1,1,6,1,1,1,1,1,1,1,6,6,6,6,6,6,1,1,1,1,6,6,6,1,6,6,6,1,1,6,6,1,1,1,1,1,1,1,1,1,1,6,6,6,1,6,6,6,6,6,6,1,1,6,6,6,6,6,6,6,1,1,1,1,1,1,1,1,1,6,1,6,1,1,6,6,1,1,1,1,1,1,1,1,6,6,6,6,1,1,6,6,6,1,1,1,6,1,6,1,6,6,6,1,1,1,1,1,6,1,1,1,1,1,1,6,6,6,1,6,6,6,1,1,1,6,6,1,6,1,6,6,6,1,1,1,1,1,1,6,1,6,1,1,1,6,6,6,6,1,1,6,6,1,1,9,1,1,1,6,6,6,1,1,1,1,6,1,1,1,1,1,1,6,1,1,1,1,6,6,1,6,1,1,1,1,1,1,1,6,1,6,6,1,1,1,6,1,1,1,6,6,6,6,6,1,1,1,1,6,6,6,6,1,1,1,1,1,1,6,6,1,6,1,1,1,1,1,1,1,6,1,1,1,6,1,1,6,6,1,1,1,1,1,6,1,1,1,1,1,6,1,1,6,6,1,1,1,1,1,1,1,1,1,1,1,1,6,1,1,1,6,6,1,1,6,1,6,1,6,1,1,1,1,1,1,1,6,1,1,1,1,1,1,1,1,1,1,1,6,1,1,1,1,1,1,6,1,6,1,1,1,1,1,1,1,6,1,9,1,1,1,1,1,1,1,6,1,6,1,1,1,6,1,1,1,1,1,1,6,6,6,1,1,1,1,1,6,6,6,1,1,1,1,1,1,1,1,1,1,6,1,1,1,1,6,1,1,1,1,1,6,1,1,1,1,1,1,1,1,1,1,1,1,1,6,1,1,1,1,1,1,1,1,1,1,6,1,6,1,1,1,1,1,1,1,1,1,1,6,1,1,6,1,1,1,1,1,1,1,1,6,1,1,1,1,1,6,1,1,1,6,1,6,1,1,1,1,1,1,6,1,6,1,6,1,1,1,1,1,1,1,1,6,1,6,1,1,1,1,1,1,1,1,1,6,1,1,1,6,1,1,1,1,1,1,1,1,1,1,1,1,1,1,1,6,1,1,6,6,6,6,1,6,1,1,1,6,1,1,9,9,1,1,1,1,1,1,1,6,1,6,1,6,1,1,1,1,1,1,1,1,1,1,1,6,6,6,6,1,6,1,1,6,6,1,1,6,1,6,1,1,1,1,1,1,6,1,1,1,1,1,6,6,6,6,1,1,6,6,1,6,1,1,1,1,1,9,9,9,9,9,9,1,1,6,1,6,6,1,6,6,6,6,1,1,1,1,6,6,1,1,1,6,1,1,1,1,1,1,1,1,1,1,6,1,1,1,6,1,6,1,1,1,6,1,1,1,1,1,6,1,1,1,1,1,1,1,1,6,1,1,9,6,1,6,1,1,1,1,6,1,6,6,1,6,1,1,1,1,1,1,1,6,1,1,1,6,1,1,6,1,1,1,1,1,1,1,1,1,1,1,1,1,1,6,6,6,1,1,1,1,1,1,1,6,1,1,1,1,1,6,1,1,1,1,1,6,1,1,1,1,1,1,1,1,1,1,6,1,1,1,1,6,1,9,1,6,1,1,1,6,6,6,6,1,1,1,1,1,1,1,1,1,1,1,1,1,1,1,1,1,1,1,1,1,6,1,1,1,1,1,1,6,9,9,1,1,1,9,9,9,9,9,1,1,1,1,1,9,9,9,9,9,9,9,9,9,9,9,9,9,9,9,9,9,9,9,9,9,9,9,9,9,9,9,9,9,9,9,1,1,1,1,1,1,1,1,1,1,1,1,1,1,1,1,1,1,1,1,1,6,1,1,1,1,1,1,1,1,6,1,1
270,21528,TROTT,200,1,1,1,6,1,6,1,1,1,1,1,6,6,6,6,6,6,6,6,1,6,1,1,1,1,1,1,6,6,1,1,1,1,1,1,6,6,6,6,6,6,6,6,1,6,6,6,6,6,1,1,6,1,1,1,6,1,1,1,1,1,1,6,1,1,1,1,1,1,1,1,1,1,1,1,1,1,1,1,1,1,1,1,1,1,1,1,1,1,1,1,1,1,1,1,1,9,9,1,1,1,1,1,1,6,6,6,6,9,6,6,6,1,1,1,1,6,6,1,1,6,1,6,6,1,1,1,1,1,1,6,1,9,6,1,1,1,1,6,6,6,6,6,6,6,6,1,6,6,6,1,6,6,6,6,6,1,9,9,9,1,1,1,6,6,6,1,1,1,1,1,1,1,1,1,1,1,1,1,1,1,6,1,6,1,1,1,1,1,1,1,1,1,1,1,1,1,1,1,1,1,1,1,6,1,6,1,1,1,1,1,1,1,6,1,1,1,1,1,1,1,1,1,1,1,1,1,1,1,1,1,1,1,1,1,1,1,1,1,1,1,6,1,1,1,1,1,1,1,1,1,1,6,1,1,1,1,1,1,1,1,1,1,1,1,6,1,1,1,1,1,1,1,1,1,1,1,6,6,6,1,6,1,1,1,1,1,1,1,1,1,6,1,1,1,1,1,1,1,1,1,1,1,6,1,1,1,1,1,1,1,1,6,1,1,1,6,1,1,1,1,1,1,1,1,1,1,1,1,1,1,1,1,6,6,1,1,1,1,6,1,6,1,1,1,1,1,1,6,6,1,6,1,1,1,6,6,6,6,6,1,6,6,6,6,1,1,1,1,6,6,1,1,1,1,6,1,1,1,1,1,1,1,6,6,6,6,6,6,1,1,1,1,6,6,6,1,6,6,6,1,1,6,6,1,1,1,1,1,1,1,1,1,1,6,6,6,1,6,6,6,6,6,1,1,1,6,1,6,6,6,6,6,1,1,1,1,1,1,1,1,1,1,1,6,1,6,1,6,6,6,1,6,1,6,1,1,6,6,6,6,1,1,6,6,6,1,6,6,6,1,6,1,6,6,6,1,1,1,1,1,6,1,1,1,1,1,1,6,6,6,1,6,6,6,1,1,1,6,6,1,6,1,1,6,6,1,6,1,6,1,6,6,1,6,1,1,1,6,6,6,6,6,1,6,6,1,1,1,1,1,1,1,6,6,1,1,1,1,6,1,1,1,1,1,1,6,1,1,1,1,6,6,6,6,1,1,1,1,1,1,1,6,1,1,6,1,9,9,9,9,9,9,9,9,9,9,9,9,9,1,1,1,6,6,6,1,1,1,1,1,1,6,6,1,6,1,1,1,1,1,1,1,6,1,1,1,1,1,1,1,6,1,1,1,1,1,6,1,1,1,9,9,9,1,1,1,6,1,1,1,1,1,1,1,1,1,1,1,1,6,1,1,1,6,6,1,1,6,1,1,1,6,1,1,1,1,1,1,1,6,1,1,1,1,1,1,1,1,1,1,1,6,1,1,1,1,1,1,6,9,6,1,1,1,1,1,1,1,6,1,1,1,1,1,1,1,1,1,6,1,1,1,1,1,1,1,1,1,1,1,1,6,9,6,1,1,1,1,1,1,6,6,1,1,1,1,1,1,1,1,1,1,1,1,1,1,1,6,1,1,1,1,1,6,1,1,1,1,1,1,1,1,1,1,1,1,1,1,1,1,1,1,1,1,1,1,9,9,9,9,9,9,1,1,1,1,1,1,1,1,1,6,1,1,6,1,9,9,9,9,9,9,9,9,9,9,9,1,1,6,1,1,1,6,1,6,1,1,1,1,1,1,6,1,6,1,6,1,1,1,1,1,1,1,1,6,1,1,1,1,1,1,1,1,1,1,1,1,1,1,1,6,1,1,1,1,1,1,1,1,1,1,1,1,1,1,1,6,1,1,6,6,1,6,1,6,1,1,1,6,1,1,1,1,1,1,1,1,1,1,1,6,1,6,1,1,1,1,1,1,1,1,1,1,1,1,1,1,6,6,6,1,6,1,1,6,6,1,1,6,1,1,1,1,1,1,1,1,6,1,1,1,9,9,9,9,9,9,9,9,9,9,9,9,1,1,1,1,1,1,1,1,6,1,1,1,1,1,1,6,6,6,6,6,6,6,6,6,6,1,6,6,1,1,1,1,1,1,1,1,9,9,9,9,1,1,1,1,1,1,6,1,6,1,1,1,6,1,1,1,1,1,6,1,1,1,1,1,1,1,1,6,1,1,1,6,1,6,1,1,1,1,6,6,6,6,6,6,1,1,1,1,1,1,1,6,1,1,1,6,1,1,6,1,9,9,1,1,1,1,1,1,1,1,1,1,1,6,6,6,6,1,1,1,1,1,1,6,1,1,6,6,1,6,1,1,1,1,1,6,1,1,1,1,1,1,1,1,1,1,6,1,1,1,1,6,1,1,1,6,1,1,1,6,6,6,6,1,1,1,1,1,1,1,1,1,1,1,1,1,1,1,1,1,1,1,1,1,6,1,1,1,1,1,1,1,1,1,1,1,1,1,1,1,1,1,1,1,1,1,9,1,1,1,1,1,1,1,1,1,1,1,1,9,9,9,9,9,9,9,9,9,9,9,9,9,9,9,9,9,9,9,9,9,9,9,9,9,9,9,9,9,9,9,9,9,9,9,9,9,9,9,9,9,9,9,9,9,9,1,1,1,1,1,1
271,21529,DINGELL,100,6,6,6,1,6,1,6,6,6,6,6,1,1,1,1,1,1,1,1,6,1,6,1,1,9,9,9,9,9,9,6,6,1,6,6,1,1,1,1,1,1,1,1,6,1,1,1,1,1,6,6,1,6,6,6,1,6,6,1,1,6,6,1,6,1,1,6,6,6,6,6,6,6,6,6,6,6,1,1,6,6,6,6,6,1,1,6,6,6,6,6,6,6,6,6,6,6,6,1,6,1,6,6,1,1,1,1,1,1,1,1,1,6,6,6,6,1,1,6,6,1,6,1,1,6,1,6,6,6,6,1,6,1,1,1,1,6,6,1,1,1,1,1,1,1,1,6,1,1,1,6,1,1,1,1,1,6,1,1,6,6,6,1,1,1,1,6,6,1,1,1,1,1,1,6,6,1,6,6,1,6,1,1,1,6,1,6,6,6,6,6,1,6,1,1,6,6,6,6,6,6,6,6,1,6,1,6,1,1,6,6,6,6,1,6,6,6,6,1,1,1,1,6,6,1,1,1,6,6,1,1,1,1,6,1,1,1,1,6,6,1,1,6,1,6,6,1,1,1,1,6,6,1,1,6,1,1,6,6,6,1,6,6,6,1,1,6,1,1,6,6,1,6,6,6,1,1,1,1,1,6,1,1,1,1,1,6,6,6,6,6,1,6,6,6,6,6,6,1,1,6,6,1,1,6,1,6,1,1,6,6,6,1,6,6,6,1,6,1,6,1,1,1,6,6,1,1,1,1,6,6,6,6,6,1,6,1,6,6,1,6,1,6,1,1,6,6,1,1,1,6,6,6,6,6,6,1,1,1,1,6,1,1,6,1,6,6,6,6,6,6,6,6,6,1,1,1,1,1,1,6,6,1,1,1,1,1,1,1,6,6,6,6,1,1,1,6,1,1,1,6,1,1,1,6,6,6,1,6,6,6,1,6,6,6,6,1,6,1,1,1,1,1,1,6,6,6,6,1,1,1,1,1,6,6,1,1,1,1,1,6,6,1,6,6,6,6,6,1,6,6,6,6,6,6,6,6,1,1,1,1,6,6,1,1,6,6,6,6,1,6,1,6,1,1,1,6,6,1,6,6,1,6,1,6,6,6,6,1,1,6,1,6,1,1,6,6,1,1,1,1,1,6,1,1,1,6,6,6,6,6,6,1,6,1,6,6,6,1,1,1,1,6,6,1,1,6,1,6,1,9,6,6,1,1,6,6,6,1,1,6,6,1,1,6,6,1,6,1,6,6,1,1,6,1,6,1,1,6,6,1,1,1,1,1,1,1,1,1,1,6,6,1,1,1,1,1,1,6,1,6,6,1,1,1,1,6,6,1,1,6,6,1,1,6,1,6,1,6,6,6,6,6,1,6,1,1,6,6,6,1,1,6,1,6,6,1,1,6,1,6,1,1,1,6,6,1,1,6,1,6,6,1,1,1,6,1,6,6,6,1,6,6,6,1,1,6,1,1,6,6,6,1,1,1,1,1,6,6,1,1,6,1,6,6,1,6,1,6,1,1,1,1,6,6,6,6,6,6,1,6,1,6,6,1,1,6,6,1,1,6,1,6,1,1,6,6,6,1,1,6,1,6,6,1,1,6,6,1,1,1,1,6,6,6,6,6,6,6,1,1,1,1,6,1,1,1,6,6,1,1,6,1,1,6,6,6,6,1,6,6,1,1,6,6,6,6,6,6,1,6,1,1,6,6,6,1,9,9,6,6,6,1,6,6,6,6,1,1,1,1,1,6,6,6,6,1,1,6,6,1,1,1,6,6,1,6,1,1,6,6,6,6,6,1,6,1,1,1,1,1,6,6,6,1,6,1,6,6,1,6,6,1,1,6,1,6,1,6,6,6,1,1,6,6,1,1,6,1,6,6,1,1,1,1,1,1,1,1,6,6,6,1,6,6,9,1,1,1,6,6,1,1,1,1,1,6,6,1,6,1,1,6,6,6,6,1,1,6,6,1,1,6,1,1,6,6,6,6,6,6,6,1,6,6,1,1,1,1,1,6,6,6,1,1,1,6,6,1,6,6,6,6,6,6,6,6,6,1,6,1,6,6,1,1,1,6,6,6,1,6,1,6,6,6,6,1,1,1,6,1,1,1,1,1,6,1,1,1,1,6,6,1,1,1,1,6,6,1,6,1,1,6,1,1,6,1,6,6,6,6,1,1,6,1,1,1,6,6,1,1,1,6,6,6,1,1,1,6,6,6,1,6,1,6,6,6,1,6,6,6,6,6,1,1,1,1,6,6,1,1,1,1,6,6,6,1,1,1,6,6,6,6,6,6,1,1,1,1,1,1,1,6,6,6,6,1,6,6,6,1,6,1,1,6,1,1,6,6,1,1,1,1,7,1,6,6,6,1,1,1,6,6,6,6,6,6,6,1,6,6,6,6,6,1,6,6,6,6,6,1,6,1,1,6,6,6,6,1,1,1,1,6,6,6,1,1,6,6,6,1,1,6,6,1,1,1,1,6,6,1,1,1,6,1,1,9,9,6,6,1,1,7,1,1,6,6,6,6,1,6,1,1,1,6,1,6,1,1,6,1,1,1,1,1,1,1,6,6,7,1,1,1,1,1,1,1,1,1,1,1,1,6,1,1,1,1,1,1,1,1,1,1,1,1,1,1,1,1,6,1,1,1,6,6,6,6,1,6,1,1,1,1,1,1,1,1,1,1,1,1,6,1,1,1,1,1,1,1,1,6,1,1,6,6,1
272,21530,LAWRENCE,100,6,6,6,1,6,1,6,6,6,1,6,1,1,1,1,1,1,1,1,6,1,6,1,1,6,6,1,1,1,1,6,6,1,6,6,1,1,1,1,1,1,1,1,6,1,1,1,1,1,6,6,1,6,6,6,9,6,6,9,9,6,6,1,6,1,1,6,6,6,6,6,6,6,6,6,6,6,1,1,6,6,6,6,6,1,1,6,6,6,6,6,6,6,6,6,6,6,6,1,6,1,6,6,1,1,1,1,1,1,1,1,1,6,6,6,6,1,1,6,6,1,6,1,1,6,1,6,6,6,6,1,6,1,1,1,1,6,6,1,1,1,1,1,1,1,1,6,1,1,1,6,1,1,1,1,1,9,1,1,6,6,6,1,1,1,1,6,6,1,1,6,1,1,1,6,6,1,6,6,1,6,1,1,9,9,9,6,6,6,6,6,1,6,1,1,6,6,6,6,6,6,6,6,1,6,1,6,1,1,6,6,6,6,1,6,6,6,9,9,1,1,1,6,6,1,1,6,6,6,1,1,1,1,6,1,9,9,1,6,6,1,1,6,6,6,6,1,1,1,1,6,6,6,1,6,1,1,6,6,6,1,6,6,6,1,1,6,1,1,6,6,1,6,6,6,1,1,1,1,1,6,1,1,1,1,1,6,6,6,6,6,1,6,6,6,6,6,6,1,1,6,6,6,1,6,1,6,1,1,6,6,6,1,6,6,6,1,6,1,6,1,1,1,6,6,6,1,1,1,6,6,1,6,6,1,6,1,6,6,1,6,1,6,1,1,6,6,1,1,1,6,1,6,6,6,6,1,1,1,1,6,1,1,1,1,6,6,6,6,1,6,6,6,6,1,1,6,1,1,1,6,6,1,1,1,1,1,1,1,6,6,6,6,1,1,1,6,1,1,1,6,1,1,1,6,9,9,9,6,6,6,1,6,6,6,6,1,6,1,1,1,1,1,1,6,6,6,6,1,1,1,1,1,6,6,1,1,1,1,1,6,6,1,6,6,6,6,6,1,6,6,6,6,6,6,6,6,1,1,1,1,6,6,1,1,6,6,6,6,1,6,1,6,1,1,1,6,6,1,6,6,1,6,1,6,6,6,6,1,1,6,1,6,1,1,6,6,1,1,1,1,1,1,1,1,1,6,6,6,6,6,6,1,6,1,6,6,6,1,1,1,1,6,6,1,1,6,1,6,1,6,6,6,1,1,6,6,6,1,1,6,6,1,1,6,6,1,6,1,6,6,1,1,6,1,6,1,9,6,6,9,9,9,9,9,9,9,1,1,1,6,6,1,1,1,1,1,1,6,1,6,6,6,1,1,1,6,6,1,1,6,6,1,1,6,1,6,1,6,6,6,6,1,1,6,1,1,6,6,6,1,1,6,1,6,6,1,1,6,1,6,1,1,1,6,6,1,1,6,1,6,6,1,1,1,6,1,6,6,6,1,6,6,6,1,1,6,1,1,6,1,6,1,1,1,6,6,6,6,1,1,6,1,6,6,1,6,1,6,1,1,1,1,6,6,6,6,6,6,1,1,1,6,9,9,9,6,6,1,1,6,1,6,1,1,6,6,6,1,1,6,6,6,6,1,6,6,6,1,1,1,1,6,1,6,6,6,6,6,1,1,1,1,6,1,1,1,6,6,1,1,6,1,6,6,6,6,6,1,6,6,1,6,6,6,6,6,6,6,1,6,1,1,6,6,6,1,1,1,6,6,6,6,6,6,6,6,1,1,1,1,1,6,6,6,1,1,1,6,6,1,1,1,6,6,1,6,1,1,6,6,6,6,6,1,6,1,1,1,1,1,6,6,6,1,6,1,6,6,1,6,6,1,1,6,1,6,1,6,6,6,1,1,6,6,1,1,6,1,6,6,1,1,1,1,1,1,1,6,6,6,6,1,6,6,1,1,1,1,6,6,1,1,1,1,1,6,6,1,6,1,1,6,6,6,6,1,1,6,6,1,1,6,1,1,6,6,6,6,6,6,6,1,6,6,1,1,1,1,1,6,6,6,1,1,1,6,6,1,6,6,6,6,6,6,6,6,6,1,6,1,6,9,1,1,1,6,6,6,1,6,1,6,6,6,6,6,1,1,6,1,1,6,1,1,6,1,1,1,1,6,6,6,1,1,1,6,6,1,6,1,1,6,1,1,6,1,6,6,6,6,1,1,6,1,1,1,6,6,1,1,6,6,6,6,1,1,6,6,6,6,1,6,1,1,6,6,1,6,6,6,6,6,1,1,1,1,6,6,1,6,1,1,6,6,6,1,1,1,6,6,6,6,6,6,1,1,1,1,1,1,1,6,6,6,6,1,6,6,6,1,6,1,1,6,9,9,6,6,1,1,1,1,7,1,6,6,6,1,1,1,6,6,6,6,6,6,6,1,6,6,6,6,6,1,6,6,6,6,6,1,6,1,1,6,6,6,6,6,1,1,1,6,6,6,1,1,6,6,6,1,1,6,6,1,1,1,1,6,6,1,1,1,6,1,1,1,1,6,6,1,1,7,1,6,6,6,6,6,1,6,1,1,1,6,1,6,1,1,6,1,1,1,1,1,1,1,6,6,6,1,1,1,1,1,1,1,1,1,1,1,1,6,1,1,1,1,1,1,1,1,1,1,1,1,1,1,1,1,6,1,1,1,6,6,6,6,1,6,1,1,1,1,1,1,1,1,1,1,1,1,6,1,1,1,1,1,1,1,1,6,1,1,6,6,1
273,21531,EMMER,200,1,1,1,6,1,6,1,1,1,1,1,6,6,6,6,6,6,6,6,1,6,1,1,1,1,1,1,6,6,1,1,1,1,1,1,6,6,6,6,6,6,6,6,1,6,6,6,6,6,1,1,6,1,1,1,6,1,1,1,1,1,1,6,1,1,1,1,1,1,1,1,1,1,1,1,1,1,1,1,1,1,1,1,1,1,1,9,1,1,1,1,1,1,1,1,1,1,1,1,1,1,1,1,1,6,6,6,6,6,6,6,6,1,1,1,1,6,6,1,1,6,1,6,6,1,1,1,1,1,1,6,1,6,6,1,1,1,1,6,6,6,6,6,6,6,6,1,6,6,6,1,6,6,6,6,6,1,1,1,1,1,1,1,6,6,6,1,1,1,1,1,1,1,1,9,1,1,1,1,1,1,6,1,6,1,1,1,1,1,1,1,1,1,1,1,1,1,1,1,1,1,1,1,6,1,6,1,1,1,1,1,1,1,6,1,1,1,1,1,1,1,1,1,1,1,1,9,1,1,1,1,1,1,1,1,1,1,1,1,1,1,6,1,1,1,1,1,6,1,9,1,1,6,1,1,1,1,1,1,1,1,1,1,1,1,6,1,1,1,1,1,1,1,1,1,1,1,6,6,6,1,6,1,1,1,1,1,1,1,1,1,6,1,1,1,1,1,1,1,1,1,1,1,6,1,1,1,1,1,1,1,1,6,1,1,1,6,1,1,1,1,1,1,1,1,6,1,1,1,1,1,6,1,6,6,6,1,1,1,6,1,6,1,1,1,1,1,1,6,6,1,6,1,1,6,6,6,6,6,6,1,6,6,1,6,6,1,1,6,6,1,1,1,1,1,6,1,1,1,1,1,1,1,6,6,6,6,6,6,1,1,1,1,6,6,6,1,6,6,6,1,1,6,6,1,1,1,1,1,1,1,1,1,1,6,6,6,6,6,6,6,6,6,6,1,1,6,1,6,6,6,6,6,1,1,1,1,1,1,1,1,1,1,6,6,1,1,1,6,1,6,6,1,1,6,1,1,6,6,6,6,1,6,6,9,1,1,6,1,6,6,6,1,6,6,6,1,1,6,1,1,6,1,1,1,1,1,1,6,6,1,1,1,6,6,1,1,1,6,6,6,6,6,6,6,6,1,1,1,1,1,1,1,1,6,1,1,1,6,6,6,6,1,1,1,6,1,1,1,1,1,1,1,6,6,1,1,1,1,6,1,1,1,1,1,1,6,1,1,1,1,6,6,1,6,1,1,1,1,1,1,1,6,1,6,6,1,1,1,1,1,1,1,6,6,6,6,6,1,1,1,1,1,6,6,6,1,1,1,1,1,1,6,6,1,6,1,1,1,1,1,1,1,6,1,1,1,1,1,1,1,6,1,1,1,1,1,6,1,1,1,1,1,1,1,1,1,6,1,1,1,1,1,1,1,1,1,1,1,1,6,1,1,1,6,6,1,1,6,1,1,1,6,1,1,6,1,1,1,1,6,1,1,1,1,1,6,1,1,1,1,1,6,1,1,1,1,1,1,6,1,6,1,1,1,1,1,1,1,6,1,1,1,1,6,1,1,1,1,6,1,6,1,1,1,6,1,6,1,1,1,1,6,6,6,1,1,1,1,1,6,1,6,6,1,1,1,1,1,1,1,1,1,6,1,1,1,1,6,1,1,1,1,1,6,1,1,1,1,1,1,1,1,1,1,1,1,1,6,1,1,1,1,1,1,1,1,1,1,1,1,1,1,1,1,6,1,1,1,1,1,1,6,1,1,6,1,1,1,1,1,1,1,1,6,1,6,1,1,1,6,1,1,1,6,1,6,1,1,1,1,1,1,6,1,6,1,6,1,1,1,1,1,1,1,1,6,1,6,1,1,1,1,6,1,1,1,1,6,1,1,1,6,1,1,1,1,1,1,1,1,1,1,1,1,1,1,1,6,1,1,6,6,6,6,1,6,1,1,1,6,1,1,1,1,1,1,1,1,1,1,1,6,1,6,1,6,9,9,9,1,1,1,1,1,1,1,1,6,6,6,6,1,6,1,1,6,6,1,1,6,1,6,1,1,1,1,1,6,6,1,1,1,1,1,6,6,6,6,1,1,6,6,1,6,6,1,1,1,1,1,1,1,6,1,1,1,1,6,1,6,6,1,6,6,1,6,6,6,1,1,6,6,1,1,1,6,1,1,1,1,1,1,1,1,1,1,6,1,1,1,9,9,9,9,1,1,6,1,1,1,1,1,6,1,1,1,1,1,1,1,1,6,6,1,1,6,1,1,1,1,1,1,1,1,6,6,6,6,1,1,1,1,1,1,1,6,1,1,1,6,1,1,6,1,1,1,1,1,1,1,1,1,1,1,1,1,1,6,6,6,1,1,1,1,1,1,1,6,1,1,1,1,1,6,1,1,1,1,1,6,1,1,1,1,1,1,1,1,1,1,6,1,1,1,1,6,1,1,1,6,1,1,1,6,6,6,6,1,1,1,1,1,1,1,1,1,1,1,1,1,6,1,6,1,1,1,1,1,6,1,1,1,1,1,1,1,1,1,1,1,9,1,1,1,1,1,1,1,6,1,1,1,1,1,1,1,1,1,1,1,1,1,1,1,1,1,1,1,1,1,1,1,1,1,1,1,1,1,1,1,1,1,1,1,1,1,1,1,1,1,1,1,1,1,1,1,1,1,1,1,1,1,1,1,1,1,1,1,1,1,1,1,1,1,1
274,21536,NORCROSS,100,6,6,6,1,6,1,6,6,6,1,6,1,1,1,1,1,1,1,1,6,1,6,1,1,6,6,1,1,1,1,6,6,1,6,6,1,1,1,1,1,1,1,1,6,1,1,1,1,1,6,6,1,6,6,6,1,6,1,1,1,6,6,1,6,1,1,6,6,6,6,6,6,6,6,6,6,6,1,1,6,6,6,6,6,1,1,6,6,6,6,6,6,6,6,6,6,6,6,1,6,1,6,6,1,1,1,1,1,1,1,1,1,6,6,6,6,1,1,6,6,1,6,1,1,6,1,6,6,6,6,1,6,1,1,1,1,6,6,1,1,1,1,1,1,1,1,6,1,1,1,6,1,1,1,1,1,6,1,1,6,6,6,6,1,1,1,6,6,1,1,1,1,1,1,6,9,1,6,6,1,6,1,1,1,6,1,6,6,6,6,6,1,6,1,1,6,6,6,6,6,6,6,6,1,6,1,6,1,1,6,6,6,6,1,1,6,6,6,1,1,1,1,6,6,1,6,6,6,6,1,1,1,6,6,1,1,1,1,6,6,1,1,6,6,6,6,1,1,1,6,6,6,6,1,6,1,1,6,6,6,1,6,6,1,1,1,6,1,1,6,6,1,6,6,6,1,1,1,1,1,6,1,1,1,1,1,6,6,6,6,6,1,6,6,6,6,6,6,1,1,6,6,6,1,6,6,9,1,1,6,6,6,6,1,6,6,1,6,1,6,1,1,1,6,6,6,1,1,1,6,6,9,6,6,1,6,1,6,6,1,6,1,6,1,1,6,6,1,1,1,6,6,6,6,6,6,1,1,1,1,6,1,1,6,1,6,6,6,6,6,6,6,6,6,1,1,1,1,1,1,6,6,1,1,1,1,1,1,1,6,6,6,6,1,6,1,1,6,1,1,1,1,1,1,6,1,6,1,6,6,6,1,6,6,6,6,6,6,1,1,1,1,1,1,6,6,6,6,1,1,1,1,1,6,6,1,1,1,1,1,6,6,6,6,6,6,6,6,1,6,6,6,6,6,6,6,6,1,1,1,1,6,6,1,1,6,6,6,6,1,6,1,6,1,1,1,6,6,1,6,6,1,6,1,6,6,6,6,1,1,6,1,6,1,1,6,6,1,1,1,1,1,6,1,1,1,6,6,6,6,6,6,1,6,1,6,6,6,1,1,1,1,6,6,1,1,6,1,6,1,6,6,6,1,1,6,6,6,1,1,6,6,1,1,6,6,1,6,1,6,6,1,1,6,1,6,1,1,6,6,1,1,1,1,1,1,1,1,1,6,6,6,1,1,1,1,1,1,6,1,6,6,6,1,1,1,6,6,1,1,6,6,1,1,6,1,6,1,6,6,6,6,1,1,6,1,1,6,6,6,6,1,6,1,6,6,1,1,1,1,6,1,1,6,6,6,6,1,6,1,6,6,1,1,1,6,1,1,6,6,1,1,6,6,1,1,6,1,1,6,6,6,1,1,1,6,6,6,6,1,1,6,1,6,6,1,6,1,6,1,1,1,1,6,6,6,6,6,1,1,6,1,1,6,1,1,6,6,1,1,6,1,6,1,6,6,6,6,1,1,6,6,6,6,1,6,6,6,1,1,1,1,1,1,1,6,6,6,6,1,6,6,1,1,1,1,1,6,6,1,1,6,1,6,6,6,6,6,1,6,6,1,6,6,6,6,6,6,6,1,6,1,1,6,6,6,1,1,6,6,6,6,6,6,6,6,6,1,1,6,6,6,6,6,6,6,1,1,6,6,1,1,1,6,6,1,6,1,1,6,6,6,6,6,1,6,1,1,1,1,1,6,6,6,1,6,1,6,9,9,6,6,1,1,6,1,6,1,6,6,6,1,1,6,6,1,1,6,6,6,6,1,1,6,1,1,1,1,1,6,6,1,1,6,6,6,1,1,1,6,6,1,1,1,1,1,6,6,1,6,1,1,6,6,6,6,1,1,6,6,1,1,6,1,1,6,6,6,6,6,6,6,1,6,6,1,6,1,1,1,6,6,6,1,1,6,6,6,6,6,6,6,6,6,6,6,9,9,9,9,9,9,9,1,1,1,9,9,9,1,6,6,6,6,6,6,6,1,1,6,1,1,1,1,6,6,1,1,1,1,6,6,6,1,1,1,6,6,6,6,6,1,6,6,6,6,1,6,6,6,6,1,1,6,1,1,6,6,6,1,1,6,6,6,6,1,1,6,6,6,6,1,6,1,1,6,6,1,6,6,6,6,6,1,1,1,1,6,6,1,6,1,1,6,9,6,1,1,1,6,6,6,6,1,1,1,1,1,1,1,1,1,6,6,6,6,1,6,6,6,1,1,1,1,6,1,1,6,6,1,1,1,1,7,1,6,6,6,1,1,1,6,6,6,6,6,6,6,1,6,6,6,6,6,1,6,6,6,6,6,1,6,1,1,6,6,6,6,1,1,1,1,6,6,6,1,1,1,6,6,1,1,6,6,1,1,1,1,1,6,1,1,1,6,1,1,1,1,6,6,1,1,7,1,1,6,6,6,6,1,6,1,1,1,9,1,6,1,1,6,1,1,1,1,1,1,1,6,6,6,1,1,1,1,1,1,1,1,1,1,1,1,6,1,1,1,1,1,1,1,1,1,1,1,1,1,1,1,1,6,1,1,1,6,6,6,6,1,6,1,1,1,1,1,1,1,1,1,1,1,1,6,1,1,1,1,1,1,1,1,6,1,1,6,6,1
275,21537,MacARTHUR,200,1,1,1,6,1,6,1,1,1,1,1,6,6,6,6,6,6,6,6,1,6,1,1,1,1,1,6,6,6,1,1,1,1,1,1,6,6,6,6,6,6,6,9,1,6,6,6,6,6,1,1,6,1,1,1,6,6,1,1,1,1,1,6,1,1,1,1,1,1,1,1,1,1,1,1,1,1,1,1,1,1,1,1,1,1,1,1,1,1,1,1,1,1,1,1,1,6,1,1,1,1,1,1,1,6,6,6,6,6,6,6,6,1,1,1,1,6,6,1,1,6,1,6,6,1,1,1,1,1,1,6,1,6,6,1,1,1,1,6,6,6,6,6,6,6,6,1,6,6,6,1,6,6,6,6,6,1,1,1,1,1,1,6,6,6,6,1,1,1,1,6,9,1,1,1,1,1,1,1,1,1,6,1,6,1,1,1,1,9,1,1,1,6,1,1,1,1,1,1,1,1,1,1,6,1,6,1,1,1,1,1,1,1,6,1,1,1,1,1,1,1,1,1,1,1,1,6,1,1,1,1,1,6,1,1,1,9,1,1,1,1,6,6,6,1,1,1,1,1,6,1,1,6,1,1,1,1,1,1,1,1,1,1,1,1,6,1,1,1,1,1,1,1,1,1,1,1,6,6,6,1,6,1,1,1,1,1,1,1,1,1,6,1,1,1,1,1,1,1,1,1,1,6,6,1,1,1,1,1,1,1,1,6,1,1,1,6,1,1,1,1,1,1,1,1,6,1,1,1,1,1,6,1,1,6,1,1,1,1,6,1,6,1,1,1,1,1,1,6,6,1,6,1,1,1,6,6,6,6,6,1,6,6,6,6,1,6,6,6,6,1,1,1,1,1,6,1,1,1,1,1,1,1,6,6,6,6,6,6,1,1,1,1,6,6,6,1,6,6,6,1,1,6,6,1,1,1,1,1,1,1,1,1,9,6,6,6,6,6,6,6,6,6,1,1,1,6,6,6,1,6,6,6,1,1,1,1,1,1,1,1,1,6,6,6,6,6,6,6,6,6,6,6,1,1,1,1,1,6,1,6,1,6,6,6,6,6,6,6,6,6,6,6,6,1,6,6,6,1,9,6,6,1,1,1,1,1,1,1,6,6,1,6,6,6,1,1,1,6,6,1,6,1,6,6,6,6,6,6,6,6,6,6,6,6,1,1,6,6,6,6,6,6,6,1,6,1,1,1,1,1,1,6,6,6,1,1,1,1,6,1,1,1,1,1,1,6,1,1,1,1,6,6,6,6,1,1,1,1,1,1,1,6,1,1,6,1,1,1,6,1,1,1,6,6,6,9,6,1,1,1,1,6,6,6,6,1,6,1,1,1,1,6,6,1,6,1,1,1,1,1,1,1,6,1,1,1,6,1,1,6,6,1,1,1,1,1,6,1,1,1,1,1,6,1,1,6,6,1,1,1,1,1,1,1,1,1,1,1,1,6,6,1,1,6,6,1,1,9,9,9,1,6,1,1,6,1,1,1,1,6,1,1,1,1,1,6,1,1,1,1,1,6,1,1,1,1,1,1,6,1,6,1,1,1,1,1,1,1,6,1,1,1,1,6,1,1,1,1,6,1,6,1,1,1,6,1,1,1,1,1,1,6,6,6,1,1,1,6,1,6,6,6,1,1,1,1,1,1,1,1,1,1,6,1,1,1,1,6,1,1,1,1,1,6,1,1,1,1,1,1,1,1,1,1,1,1,1,6,1,1,9,1,1,1,1,1,1,1,6,1,6,1,1,1,1,1,1,1,1,1,1,6,1,1,6,1,1,1,1,1,1,1,1,6,1,1,1,1,1,6,1,1,1,6,1,6,1,1,1,1,1,1,6,1,6,1,6,1,1,1,1,1,1,1,1,6,1,6,1,1,1,1,1,1,1,1,1,6,1,1,1,6,1,1,1,1,1,1,1,1,1,1,1,1,1,1,1,6,1,1,6,6,6,6,6,6,1,6,6,6,1,1,1,1,1,1,1,1,1,1,1,6,1,6,1,6,1,1,1,1,1,1,1,1,1,1,1,6,6,6,6,1,6,1,1,6,6,1,1,6,1,6,1,1,1,1,1,6,6,1,1,1,1,1,6,6,6,6,1,1,6,6,1,6,1,1,1,1,1,1,1,6,6,1,1,1,1,6,6,1,6,6,6,6,6,6,6,6,1,6,6,6,1,1,1,6,1,1,1,1,1,1,1,1,1,1,6,1,1,1,6,1,6,1,1,1,6,6,1,1,1,1,6,1,1,1,1,1,1,1,1,6,1,1,1,6,1,6,6,1,1,1,6,6,6,6,6,6,1,1,1,1,1,1,1,6,1,1,1,6,1,1,6,1,1,1,1,1,1,1,9,1,1,1,1,1,6,6,6,6,6,1,1,1,1,1,6,6,1,1,1,6,6,6,1,6,1,1,1,6,1,1,1,1,1,1,1,1,1,1,6,1,1,1,1,6,1,1,1,6,1,1,1,6,6,1,6,1,1,1,1,1,1,1,1,1,1,1,1,1,1,1,1,1,1,1,1,1,6,1,1,1,1,1,1,1,1,1,1,1,1,1,1,1,1,1,1,1,6,1,1,1,1,1,1,1,1,1,1,1,1,1,1,1,1,1,1,1,1,1,1,1,1,1,1,1,1,1,1,1,1,1,1,1,9,1,1,1,1,1,1,1,1,1,1,1,1,1,1,1,1,1,1,1,1,1,1,1,1,1,1,1,1,1,1
276,21538,WATSO,100,6,6,6,1,6,1,6,6,6,6,6,1,1,1,1,1,1,1,1,6,1,6,1,1,6,6,6,1,1,6,9,9,9,6,6,1,1,1,1,1,1,1,1,6,1,1,1,1,1,6,6,1,6,6,6,1,6,6,1,1,6,6,1,6,1,1,6,6,6,6,6,6,6,6,6,6,6,1,1,6,6,6,6,6,1,1,6,6,6,6,6,6,6,6,6,6,6,6,1,6,1,6,6,1,1,1,1,1,1,1,1,1,6,6,6,6,1,1,6,6,1,6,1,1,6,1,6,6,6,6,1,6,1,1,6,1,6,6,1,1,1,1,1,1,1,1,6,1,1,1,6,1,1,1,1,1,6,1,1,6,6,6,6,1,1,1,6,6,1,1,6,1,1,1,6,6,1,6,6,1,6,1,6,1,6,1,6,6,6,6,6,1,6,1,1,6,6,6,6,6,6,6,6,1,6,1,6,1,1,6,6,6,6,1,6,6,6,6,6,1,1,1,6,6,1,6,6,6,6,1,1,1,6,6,6,1,1,1,6,6,1,1,6,6,6,6,1,1,1,6,6,6,6,1,6,1,1,6,6,6,1,6,6,6,1,1,6,6,6,6,6,1,6,6,6,1,1,1,1,1,6,1,6,1,1,1,6,6,6,6,6,1,1,6,6,6,6,6,1,1,6,6,6,1,6,6,6,1,1,6,6,6,1,6,6,6,1,6,1,6,1,1,1,6,6,6,1,1,1,6,6,6,6,6,1,6,1,6,6,1,6,1,6,1,1,6,6,1,1,1,6,1,6,6,6,1,1,6,1,1,6,1,1,6,1,6,6,6,6,1,6,6,6,6,1,1,6,1,1,1,6,6,1,1,1,1,1,1,1,6,6,6,6,1,1,1,6,1,1,1,6,1,1,1,6,6,6,1,6,6,6,1,6,6,6,6,1,6,1,1,1,1,1,1,6,6,6,6,1,1,1,1,1,6,6,1,1,1,1,1,6,6,6,6,6,6,6,6,1,6,6,6,6,6,6,6,6,1,1,1,1,6,6,1,1,6,6,6,6,1,6,1,6,1,1,1,6,6,1,6,6,1,6,1,6,6,9,9,9,9,9,1,6,1,1,6,6,1,1,1,1,1,6,1,1,1,6,6,6,6,6,6,1,6,1,6,6,6,1,1,1,1,6,6,1,1,6,1,6,1,6,6,6,1,1,6,6,6,1,1,6,6,1,1,6,6,1,6,1,6,6,1,1,6,1,6,1,1,6,6,1,1,1,1,1,1,1,1,1,1,6,6,1,1,1,1,1,1,6,1,6,6,6,1,1,1,6,6,1,1,6,6,1,1,6,1,6,1,6,6,6,6,1,1,6,1,1,6,6,6,6,1,6,6,6,6,1,1,6,1,6,6,1,6,6,6,6,1,6,6,6,6,1,1,1,6,1,6,6,6,1,6,6,6,1,1,6,1,1,6,6,6,1,1,1,6,6,6,6,1,1,6,1,6,6,1,6,1,6,1,1,1,1,6,6,6,6,6,6,1,6,1,6,6,1,1,6,6,1,1,6,1,6,1,6,6,6,6,1,1,6,6,6,6,1,6,6,6,1,1,1,1,9,1,1,6,6,6,6,1,6,1,1,6,1,1,1,6,6,1,1,6,1,6,6,6,6,6,1,6,6,1,6,6,6,6,6,6,6,1,6,1,1,6,6,6,1,1,6,6,6,6,6,6,6,6,6,1,1,6,6,6,1,6,6,6,1,1,9,9,9,9,9,9,9,1,6,1,1,6,6,6,6,6,1,6,6,6,1,1,1,6,6,6,1,6,1,6,6,1,6,6,6,1,6,1,6,1,6,6,6,1,1,6,6,1,1,6,6,6,6,1,1,6,1,1,1,1,6,6,6,6,1,6,6,6,1,1,1,6,6,1,1,1,1,1,6,6,1,6,1,1,6,6,6,6,1,1,6,6,1,1,6,1,1,6,6,6,6,6,6,6,1,6,6,1,6,1,1,1,6,6,6,1,6,6,6,6,6,6,6,6,6,6,6,6,6,6,6,6,1,6,6,1,1,1,6,6,6,1,6,6,6,6,6,1,6,1,1,6,1,1,1,1,1,6,6,1,1,1,6,6,6,1,1,1,6,6,6,6,1,1,6,1,1,6,1,6,6,6,6,1,1,6,1,1,6,6,6,1,1,6,6,6,6,1,1,6,6,6,6,1,6,1,6,6,6,1,6,6,6,6,6,1,1,1,1,6,6,1,6,1,1,6,6,6,1,6,6,6,6,6,6,6,6,1,1,1,1,6,1,1,6,6,6,6,1,6,6,6,1,6,6,1,6,1,1,6,6,1,1,1,1,7,1,6,6,6,1,1,1,6,6,6,6,6,6,6,1,6,6,6,6,6,1,6,6,6,6,6,1,6,1,1,6,6,6,6,6,1,1,1,6,6,6,6,1,6,6,6,1,1,6,6,1,1,1,1,6,6,1,1,1,6,1,1,1,1,6,6,1,1,6,1,6,6,6,6,6,1,6,1,9,9,6,1,6,1,1,6,1,1,1,1,1,1,1,6,6,6,1,1,1,1,1,1,1,1,1,1,1,1,6,1,1,1,1,1,1,1,1,1,1,1,1,1,1,1,1,6,1,1,1,6,6,6,6,1,6,1,1,1,1,1,1,1,1,1,1,1,1,6,1,1,1,1,1,1,1,1,6,1,1,6,6,1
277,21539,ZELDIN,200,1,1,1,6,1,6,1,1,1,1,1,6,6,6,6,6,6,6,6,1,6,1,1,1,1,1,1,6,6,1,1,1,1,1,1,6,6,6,6,6,6,6,6,1,6,6,6,6,6,1,1,6,1,1,1,6,1,1,1,1,1,1,6,1,1,1,1,1,1,1,1,1,1,1,1,1,1,1,1,1,1,1,1,1,1,1,1,1,1,1,1,1,1,1,1,1,1,1,1,1,1,1,1,1,6,6,6,6,6,6,6,6,1,1,1,1,6,6,1,1,6,1,6,6,1,1,1,1,1,1,6,1,6,6,1,1,1,1,6,6,6,6,6,6,6,6,1,6,6,6,1,6,6,6,6,6,1,1,1,1,1,1,1,6,6,6,1,1,1,1,1,1,1,1,1,1,1,1,1,1,1,6,1,6,1,1,1,1,1,1,1,1,1,1,1,1,1,1,1,1,6,1,1,6,1,6,1,1,1,1,1,1,1,6,1,1,1,1,1,1,1,1,1,1,1,1,1,1,1,1,1,1,1,1,1,1,1,1,1,1,1,6,1,1,1,1,1,1,1,1,1,1,1,1,1,1,1,1,1,1,1,1,1,1,1,6,1,1,1,1,1,1,1,1,1,1,1,6,6,6,1,6,1,1,9,9,1,1,1,1,1,6,1,1,1,1,1,1,1,1,1,1,1,6,1,1,1,1,1,1,1,1,6,1,1,1,6,1,1,1,1,1,1,1,1,1,1,1,1,1,1,1,1,6,6,1,1,1,1,6,1,6,1,1,1,1,1,1,6,6,1,6,1,1,1,6,6,6,6,6,1,6,6,1,6,1,6,1,6,6,1,1,1,1,1,6,1,1,1,1,1,1,1,6,6,6,6,6,6,1,1,1,1,6,6,6,1,6,6,6,1,1,6,6,1,1,1,1,1,1,1,1,1,1,1,1,6,6,6,6,6,6,6,6,1,1,1,1,1,1,6,1,6,1,9,9,9,1,1,1,1,1,1,6,6,1,6,6,1,1,1,6,1,1,1,1,1,6,6,6,6,1,6,6,6,1,1,6,1,6,6,6,6,6,6,6,1,1,6,1,9,6,1,1,1,1,1,1,6,6,1,6,6,6,6,1,1,1,6,1,1,1,1,6,1,6,1,6,1,1,1,1,6,1,6,1,1,1,6,6,6,6,1,1,6,6,1,1,1,1,1,1,1,6,6,1,1,1,1,6,1,1,1,1,1,1,6,1,1,1,1,6,6,1,6,1,1,1,1,1,1,1,6,1,1,6,1,1,1,1,1,1,1,6,6,6,6,6,1,1,1,1,1,6,6,6,1,6,1,1,1,1,6,6,1,6,1,1,1,1,1,1,1,6,1,1,1,1,1,1,1,6,1,1,1,1,1,6,1,1,1,6,1,1,1,1,1,6,1,1,1,1,1,1,1,6,1,1,1,1,6,1,1,1,6,6,1,1,6,1,6,6,6,1,1,6,1,1,1,1,6,1,1,1,1,1,6,1,6,1,1,1,6,1,1,1,1,1,1,6,1,6,1,1,1,1,1,1,1,6,6,1,1,1,6,1,1,6,1,6,1,6,1,1,1,1,1,1,1,1,1,1,6,6,6,1,1,1,1,1,6,1,6,1,1,1,1,1,1,1,1,1,1,6,1,1,1,1,6,1,1,1,1,1,6,1,1,1,1,1,1,1,1,1,1,1,1,1,6,1,1,1,1,1,1,1,1,1,1,6,1,6,1,1,1,6,1,1,1,1,1,1,6,1,1,6,1,1,1,1,1,1,1,1,6,1,1,1,1,1,6,1,1,1,6,1,6,1,1,1,1,1,1,6,1,6,1,6,1,1,1,1,1,1,1,1,6,1,6,1,1,1,1,6,1,1,1,1,6,1,1,1,6,1,1,1,1,1,1,1,1,1,1,1,1,1,1,1,6,1,1,6,6,6,6,6,6,1,1,1,6,1,1,1,1,1,1,1,1,9,1,1,6,1,6,1,6,1,1,1,1,1,1,1,1,1,1,1,6,6,6,1,1,1,1,1,1,1,1,1,6,1,1,1,1,1,1,1,6,6,1,1,1,9,9,9,9,9,9,9,9,9,9,9,9,1,1,1,1,1,1,1,1,6,1,1,1,1,6,1,6,1,6,6,6,1,6,1,1,1,1,6,6,1,1,1,6,1,1,1,1,1,1,1,1,1,1,6,1,1,1,6,1,6,1,1,1,6,1,1,1,1,1,6,1,1,1,1,1,1,1,1,6,6,1,1,6,1,1,1,1,1,1,6,6,6,6,6,6,1,1,1,1,1,1,1,6,1,1,1,6,1,1,6,1,1,1,1,1,1,1,1,1,1,1,1,1,6,6,6,6,6,1,1,1,1,1,1,6,1,1,1,1,6,6,1,1,1,1,1,6,1,1,1,1,1,1,1,1,1,1,6,1,1,1,1,6,1,1,1,6,1,1,1,6,6,6,6,1,1,1,1,1,1,1,1,1,1,1,1,1,1,1,1,1,1,1,1,1,6,6,1,1,1,1,1,1,1,1,1,1,1,1,1,1,1,1,1,1,6,1,1,1,1,1,1,1,1,1,1,1,1,1,1,1,1,1,1,1,1,1,1,1,1,1,1,1,1,1,1,1,1,1,1,1,1,1,1,1,1,1,1,1,1,1,1,1,1,1,9,9,9,9,9,9,9,9,9,9,9,9,9,9,9,9,1
278,21540,RICE,100,6,9,6,1,6,1,6,6,6,1,6,1,1,1,1,1,1,1,1,6,1,6,1,1,6,6,6,6,6,1,6,6,1,6,6,1,1,1,1,1,1,1,1,6,1,1,1,1,1,6,6,1,6,6,6,6,6,6,1,1,6,6,1,6,1,1,6,6,6,6,6,6,6,6,6,6,6,1,1,6,6,6,6,6,1,1,6,6,6,6,9,6,6,6,6,6,6,6,1,6,1,6,6,1,1,1,1,1,1,1,1,1,6,6,6,6,1,1,6,6,1,9,1,1,6,1,6,6,6,6,6,6,6,6,1,1,6,6,1,1,1,1,1,1,1,1,6,1,1,1,6,1,1,1,1,1,6,1,1,6,6,6,6,1,1,1,6,6,1,1,6,1,1,1,6,6,1,6,6,1,6,1,1,1,6,1,6,6,6,6,6,1,6,1,1,6,6,6,6,6,6,6,6,1,6,1,6,1,1,6,6,6,6,1,1,6,6,6,1,1,1,1,6,6,1,1,6,6,6,1,1,1,6,6,1,1,1,1,6,6,1,1,6,6,6,6,1,1,1,6,6,6,6,1,6,1,1,6,6,6,1,6,6,6,1,1,6,1,1,6,6,9,6,6,6,1,1,1,1,1,6,1,1,1,1,1,6,6,6,6,6,1,1,6,6,6,6,6,1,1,6,6,6,1,6,6,1,9,1,6,6,6,1,6,6,6,1,6,1,6,6,1,1,6,6,6,1,1,1,6,6,6,6,6,1,6,1,6,6,1,6,1,6,1,1,6,6,1,1,1,6,1,6,6,6,6,1,1,1,1,6,1,1,1,1,6,6,6,6,6,6,6,6,6,1,1,1,9,9,9,6,6,1,1,1,1,1,1,1,6,6,6,6,1,1,1,6,1,1,1,6,1,1,1,6,6,6,1,6,6,6,1,6,6,6,6,1,6,1,1,1,1,1,1,6,6,6,6,1,1,1,1,1,6,6,1,1,1,1,1,6,6,6,6,6,6,6,6,1,6,6,6,6,6,6,6,6,1,1,1,1,6,6,1,1,6,6,6,6,1,6,1,6,1,1,1,6,6,1,6,6,1,6,1,6,6,6,6,1,1,6,1,6,1,1,6,6,1,1,1,1,1,6,1,1,1,6,6,6,6,6,6,1,6,1,6,6,6,1,1,6,1,6,6,1,1,6,1,6,1,6,6,6,1,1,6,6,6,1,1,6,6,1,1,6,6,1,6,1,6,6,6,6,6,6,6,1,1,6,6,1,1,1,1,1,1,1,1,1,6,6,6,1,1,1,1,1,1,6,1,6,6,6,1,1,1,6,6,1,1,6,6,1,1,6,1,6,1,6,6,6,6,6,1,6,1,1,6,6,6,6,1,6,1,6,6,1,1,6,1,6,1,1,6,6,6,6,1,6,1,6,6,1,1,1,6,1,1,6,6,1,6,6,6,1,1,6,1,1,1,6,6,1,1,1,6,1,6,6,1,1,6,1,6,6,1,9,1,6,1,9,9,1,1,6,6,6,6,1,1,6,1,6,6,1,1,6,6,1,1,6,1,1,1,6,6,6,6,1,1,6,6,6,6,1,6,6,6,1,1,1,1,1,1,1,6,6,6,6,1,6,6,1,1,1,1,1,6,6,1,1,6,1,6,6,6,6,6,1,6,6,1,1,6,6,6,6,6,1,1,1,1,1,6,6,6,1,1,1,6,6,6,6,6,6,6,6,1,1,9,1,6,1,6,6,1,1,1,6,6,1,1,1,1,6,6,1,1,1,6,6,6,6,9,1,1,1,1,9,9,1,1,6,6,1,6,1,6,9,9,9,9,9,9,9,9,9,9,9,9,9,9,9,6,6,1,1,6,9,6,6,1,1,1,1,9,1,1,6,6,6,1,1,6,6,1,9,9,1,6,6,1,1,1,1,1,6,6,1,6,1,1,6,6,6,6,1,1,6,6,1,1,6,1,1,6,6,6,6,6,6,6,1,6,6,1,9,1,1,1,6,6,6,1,1,1,6,6,6,6,6,6,6,6,6,6,6,6,1,6,1,6,9,1,1,1,6,6,6,1,6,1,1,6,6,6,6,1,1,6,1,6,6,1,1,6,1,1,1,1,6,6,6,1,1,1,6,6,6,6,1,1,6,1,1,6,1,6,6,6,6,1,1,6,1,1,1,6,6,1,1,1,6,1,1,9,9,9,6,6,6,1,1,1,1,6,6,1,6,6,6,6,6,1,1,1,1,6,6,1,1,1,1,6,6,6,1,1,6,6,6,6,6,6,6,6,1,6,1,1,1,1,6,6,6,6,1,6,6,6,1,6,1,1,6,9,9,6,6,1,1,1,1,7,1,6,6,6,1,1,1,6,9,6,6,6,6,6,1,6,6,6,6,6,1,6,6,6,6,6,1,6,1,1,6,6,6,6,1,1,1,1,6,1,9,1,1,1,6,6,1,1,6,6,1,1,1,1,6,6,1,1,1,6,1,1,1,1,6,6,1,1,7,1,1,6,6,6,1,1,6,1,9,1,6,1,6,1,1,9,9,1,1,1,1,1,1,6,6,6,1,1,9,9,9,9,9,9,9,9,9,9,9,9,1,1,1,1,1,1,1,1,1,1,1,1,1,1,1,1,1,1,1,6,6,6,6,1,6,1,9,9,9,9,9,9,9,9,9,1,1,6,1,1,1,1,1,1,1,1,6,1,1,6,6,1
279,21541,STEFANIK,200,1,1,1,6,1,6,1,1,1,1,1,1,6,6,1,6,6,6,6,1,6,1,1,1,1,1,1,6,6,1,1,1,1,1,1,6,6,6,6,6,6,6,6,1,6,6,6,6,6,1,1,6,1,1,1,6,1,1,1,1,1,1,6,1,1,1,1,1,1,1,1,1,1,1,1,1,6,1,1,1,1,1,1,1,1,1,1,1,1,1,1,1,1,1,1,1,1,1,1,1,1,1,1,1,6,6,6,6,6,6,6,6,1,1,1,1,6,6,1,1,6,1,6,6,1,1,1,1,1,1,6,1,6,6,1,1,1,1,6,6,6,6,6,6,6,6,1,6,6,6,1,6,6,6,6,6,1,1,1,1,1,1,1,6,6,6,1,1,1,1,1,1,1,1,1,1,1,1,1,1,1,6,1,6,1,1,1,1,1,1,1,1,1,1,1,1,1,1,1,1,6,1,1,6,6,6,6,1,1,1,1,1,1,6,1,1,1,1,1,1,1,1,1,1,1,1,1,1,1,1,1,1,1,1,1,1,1,1,1,1,1,6,1,1,1,1,1,1,1,1,1,1,1,1,1,1,1,1,1,1,1,1,1,1,1,6,1,1,1,1,1,1,1,1,1,1,1,6,6,6,1,6,1,1,1,1,1,1,1,1,1,6,1,1,1,1,1,1,1,1,1,1,1,6,1,1,1,1,1,1,1,1,6,1,1,1,6,1,1,1,1,1,1,1,1,1,1,1,1,1,1,1,1,6,6,1,1,1,1,6,1,6,1,1,1,1,1,1,6,6,1,6,1,1,6,6,6,6,6,6,1,6,6,6,6,6,6,6,6,6,1,1,1,1,1,6,1,1,1,1,1,1,1,6,6,1,6,6,6,6,1,1,1,6,6,6,1,6,6,6,1,1,6,6,1,1,1,1,1,1,1,1,1,1,6,6,6,6,6,6,1,6,6,6,1,1,6,6,1,1,6,1,6,1,1,1,1,1,1,1,1,1,1,6,6,6,6,6,6,6,6,6,6,1,6,1,1,6,6,6,6,1,6,6,6,1,1,6,1,6,1,6,6,1,1,1,1,1,1,6,6,6,6,1,1,1,6,6,1,1,6,1,6,6,6,6,1,1,6,6,6,1,1,6,1,6,6,6,6,6,1,6,6,1,6,1,6,6,6,6,6,6,6,1,1,6,1,1,1,1,1,1,1,6,6,1,1,1,1,6,1,1,1,1,1,1,6,1,1,1,1,6,6,6,6,1,1,1,1,1,1,1,6,1,1,6,1,1,1,1,1,1,1,6,6,6,6,6,1,1,1,1,1,6,6,6,1,6,1,1,1,1,6,6,1,6,1,1,1,1,1,1,1,6,1,1,1,1,1,1,1,6,1,1,1,1,1,6,1,1,1,1,1,1,1,1,1,6,1,1,1,1,1,1,1,6,1,1,1,1,6,6,1,1,6,6,1,1,6,1,1,1,6,1,1,1,1,1,1,1,6,1,1,1,1,1,1,1,1,1,1,1,6,1,9,1,1,1,1,6,1,6,1,1,1,1,1,1,1,6,6,1,1,1,1,1,1,6,1,6,1,1,1,1,1,1,1,1,9,1,1,1,6,9,6,1,1,1,1,1,1,6,6,1,1,9,9,1,1,1,1,1,1,1,1,1,1,1,6,1,1,1,1,1,6,1,1,1,1,1,1,1,1,1,1,1,1,1,1,1,1,1,1,1,1,1,1,1,1,1,1,1,1,1,1,1,1,1,1,1,1,1,6,1,1,6,1,1,1,1,1,1,1,1,6,1,1,1,1,1,6,1,1,1,6,1,6,6,1,1,1,1,1,6,1,6,1,6,1,1,1,1,1,1,1,1,6,1,1,1,1,1,1,1,1,1,1,1,1,1,1,1,6,1,1,1,1,1,1,1,1,1,1,1,1,1,1,1,6,1,1,6,6,6,6,1,6,1,6,1,6,1,1,1,1,1,1,1,1,1,1,1,6,1,6,1,1,1,1,1,1,1,1,1,1,1,1,1,1,6,6,6,1,6,6,6,6,6,1,1,6,1,1,1,1,1,1,1,1,6,1,1,1,1,1,6,6,6,6,1,1,1,1,1,6,1,1,1,1,1,1,1,1,6,1,1,1,1,1,6,1,1,6,6,6,6,1,6,6,6,6,1,6,1,1,1,1,1,1,1,1,1,1,1,1,1,1,1,1,1,1,6,1,6,1,1,1,6,6,1,1,1,1,6,1,1,1,1,1,1,1,1,6,1,1,1,6,1,1,1,1,1,1,1,1,1,6,1,6,1,1,1,1,1,1,1,6,1,1,1,6,1,1,6,1,1,1,1,1,1,1,1,1,1,1,1,1,6,6,1,6,6,6,6,1,1,6,6,1,6,6,6,6,6,6,1,6,1,6,1,6,1,1,1,1,1,1,1,1,1,1,6,1,1,1,1,6,1,1,1,6,1,1,1,6,6,1,6,1,1,1,1,1,1,1,1,1,1,1,1,1,1,1,1,1,1,1,1,1,6,6,1,1,1,1,1,1,1,1,1,1,1,1,1,1,1,1,1,1,9,1,1,1,1,1,1,1,1,1,1,1,1,1,1,1,1,1,1,1,1,1,1,1,1,1,1,1,1,1,1,1,1,1,1,1,1,1,1,1,1,1,1,1,1,1,1,1,1,1,1,1,1,1,1,1,1,1,1,1,1,1,1,1,6,1,1
280,21542,KATKO,200,1,1,1,6,1,6,1,1,1,1,1,1,6,6,6,6,6,6,6,1,6,1,1,1,1,1,6,6,6,1,1,1,1,1,1,6,6,6,6,6,6,6,6,1,6,6,6,6,6,1,1,6,1,1,1,6,6,1,1,1,1,1,6,1,1,1,1,1,1,1,1,1,1,1,1,1,6,1,1,1,1,1,1,1,1,1,1,1,1,1,1,1,1,1,1,1,1,1,1,1,1,1,1,1,6,6,6,6,6,6,6,6,1,1,1,1,6,6,1,1,6,1,6,6,1,1,1,1,1,1,6,1,6,6,1,1,1,1,6,9,6,6,6,6,6,6,1,6,6,6,1,6,6,6,6,6,1,1,1,1,1,1,6,1,6,6,1,1,1,1,9,1,1,1,1,1,1,1,1,1,1,6,1,6,1,1,1,1,6,1,1,1,6,1,1,1,1,1,1,1,1,1,1,6,1,6,1,1,1,1,1,1,1,6,1,1,1,1,1,1,1,1,1,1,1,1,1,1,1,1,1,1,6,1,1,1,1,1,1,1,1,6,1,1,1,1,1,1,1,1,1,1,1,1,6,1,1,1,1,1,1,1,1,1,1,9,9,1,1,1,1,1,1,1,1,1,1,6,6,6,1,6,1,1,1,1,1,1,1,1,1,6,1,1,1,1,1,1,1,1,1,1,1,6,1,1,1,1,1,1,1,1,6,1,1,1,6,6,1,1,1,1,1,1,1,6,1,1,1,1,1,1,1,6,6,1,1,1,1,9,1,6,1,1,1,1,1,1,1,6,1,6,1,1,6,6,6,6,6,6,1,6,6,6,6,6,6,6,6,6,6,1,6,1,1,6,1,1,1,1,1,1,1,6,6,6,6,6,6,1,1,1,1,6,6,6,1,6,6,6,1,1,6,6,1,1,1,1,1,1,1,1,1,1,6,6,6,6,1,1,1,6,6,1,1,1,6,6,1,1,6,1,6,1,1,1,1,1,1,1,1,1,6,6,6,6,6,6,6,6,6,6,6,1,6,1,1,1,6,1,6,1,6,6,6,1,1,6,1,6,1,6,6,6,6,6,1,1,1,6,1,6,6,1,1,1,6,1,6,1,6,1,6,6,6,1,1,1,1,1,1,1,1,1,1,1,1,6,6,6,1,6,6,6,6,1,6,6,6,6,6,6,1,1,6,6,6,1,1,1,1,1,6,6,6,1,1,1,1,6,1,1,9,9,1,1,6,1,1,1,1,6,6,6,6,6,1,1,1,1,1,1,6,1,1,6,1,1,1,6,1,1,1,6,6,6,6,6,1,1,1,1,1,6,6,6,1,6,1,1,1,1,6,6,1,6,1,1,1,1,1,1,1,6,1,1,1,6,1,1,6,6,1,1,1,1,1,6,1,1,1,1,1,6,1,1,6,6,1,1,1,1,1,1,1,1,1,1,1,1,6,6,1,1,6,6,6,1,6,1,9,1,6,1,1,6,1,1,1,1,6,1,1,1,1,1,6,1,1,1,1,1,6,1,1,1,1,1,1,9,9,9,9,9,9,9,1,1,1,6,1,1,1,1,6,1,1,1,1,6,1,6,1,1,1,6,1,1,1,1,1,1,6,6,6,1,1,1,6,1,6,6,6,1,1,1,1,1,1,1,1,1,1,6,1,1,1,1,6,1,1,1,1,1,6,1,1,1,1,1,1,1,1,1,1,1,1,1,6,1,1,1,1,1,1,1,1,9,9,9,1,9,1,1,1,1,1,1,1,1,1,1,6,1,1,1,6,1,1,1,1,1,1,1,6,1,1,1,1,1,6,1,1,1,6,1,6,1,1,1,9,9,9,9,9,9,9,9,9,9,9,9,9,1,1,1,6,1,6,1,1,1,1,1,1,1,1,1,6,1,1,1,6,1,1,1,1,1,1,1,1,1,1,1,1,1,1,1,6,1,1,6,6,6,6,6,6,1,6,1,6,1,1,1,1,1,1,1,1,1,1,1,6,1,6,1,6,1,1,1,1,1,1,1,1,1,1,1,1,6,6,6,1,6,1,1,6,6,1,1,6,6,1,1,1,1,1,1,1,6,1,1,1,1,1,6,6,6,6,1,1,1,1,1,6,1,1,1,1,1,1,1,1,6,1,1,1,1,6,6,1,1,6,6,6,6,1,6,6,1,6,6,6,1,1,1,1,1,1,9,1,1,1,1,1,9,9,9,1,1,1,6,1,6,1,1,1,6,6,1,6,1,1,6,1,1,1,1,1,1,1,1,6,1,1,1,6,1,1,1,1,1,1,1,1,6,6,6,6,1,1,1,1,1,1,1,6,1,1,1,6,1,1,6,1,1,1,1,1,1,1,1,1,1,1,1,1,6,6,1,6,6,6,6,1,1,6,1,1,1,1,6,6,6,6,1,6,1,6,1,6,6,1,1,1,1,1,1,1,1,1,6,1,1,1,1,6,1,1,1,6,1,1,1,6,6,1,6,1,1,1,1,1,1,1,1,1,1,1,1,1,1,1,1,1,1,1,1,1,6,1,1,1,1,9,1,6,1,1,1,1,1,1,1,1,1,1,1,1,1,1,1,1,1,1,1,1,1,1,1,1,1,1,1,1,1,1,1,1,1,1,1,1,1,1,1,1,1,1,1,1,1,1,9,1,1,1,1,1,1,1,1,1,1,1,1,1,1,1,1,1,1,1,1,1,1,1,1,1,1,1,1,1,1,1,1
281,21543,WALKER,200,1,1,1,6,1,6,1,1,1,1,1,6,6,6,6,6,6,6,6,1,6,1,1,1,1,1,1,6,6,1,1,1,1,1,1,6,6,6,6,9,6,6,6,1,9,6,6,6,6,1,1,6,1,1,1,6,1,1,1,1,1,1,6,1,1,1,1,1,9,9,9,9,9,9,9,9,9,1,1,1,1,1,1,1,1,1,1,1,1,1,1,1,1,1,1,1,1,1,1,1,1,9,9,6,6,6,6,6,6,6,6,6,1,1,1,1,6,6,1,1,6,1,6,6,1,1,1,1,1,1,6,1,6,6,1,1,1,1,6,6,6,6,6,6,6,6,1,6,6,6,1,6,6,6,6,6,1,1,1,1,1,1,1,6,6,6,1,1,1,1,1,1,1,1,1,1,1,1,1,1,1,6,1,6,1,1,1,1,6,1,1,1,1,1,1,1,1,1,1,1,1,1,1,6,1,6,1,1,1,1,1,1,1,6,1,1,1,1,1,1,1,1,1,1,1,1,1,1,1,1,1,1,1,1,1,1,9,1,1,1,1,6,1,6,1,1,1,6,1,1,1,1,1,1,1,1,1,1,1,1,1,1,1,1,9,6,1,1,1,1,1,1,1,1,1,1,1,6,6,6,1,6,1,1,1,1,1,1,1,1,1,6,1,1,1,1,1,1,1,1,1,1,1,6,1,1,1,1,1,1,1,1,6,1,1,1,6,1,1,1,1,1,1,1,1,1,1,1,1,1,1,1,1,1,6,1,1,1,1,9,1,6,1,1,1,1,1,1,6,6,1,6,1,1,1,6,6,6,6,6,1,6,6,1,6,1,1,1,1,6,1,1,1,1,1,6,1,1,1,1,1,1,1,6,6,6,6,6,6,1,1,1,1,6,6,6,1,6,6,6,1,1,6,6,1,1,1,1,1,1,1,1,1,1,6,6,6,1,6,6,6,6,6,1,1,1,1,1,6,6,6,6,6,1,1,1,1,1,1,1,1,1,6,1,6,1,1,6,6,1,1,1,1,1,1,1,1,6,6,6,6,1,1,6,6,1,1,1,1,6,6,6,1,6,6,6,1,1,6,1,1,6,1,1,1,1,1,1,6,6,1,6,1,6,6,1,1,6,6,6,6,6,6,6,6,6,1,1,1,1,1,1,6,1,6,1,1,1,6,6,6,6,6,1,6,6,1,1,1,1,1,1,1,6,6,1,1,1,1,6,1,1,1,1,1,1,6,1,1,1,1,6,6,1,6,1,1,1,1,1,1,1,6,1,6,6,1,1,1,1,1,1,1,6,6,6,6,6,1,1,1,1,1,6,6,6,1,1,1,1,1,1,6,6,1,6,1,1,1,1,1,1,1,6,1,1,1,1,1,1,1,6,1,1,9,1,1,6,1,1,1,1,1,1,1,1,1,6,1,1,1,1,1,1,1,1,1,1,1,1,6,1,1,1,6,6,1,1,6,1,1,1,6,1,1,1,1,1,1,1,6,1,1,1,1,1,1,1,1,1,1,1,6,1,1,1,1,1,1,6,1,6,1,1,1,1,1,1,1,6,1,1,1,1,1,1,1,1,1,6,1,1,1,1,1,6,1,6,1,1,1,1,9,6,6,1,1,1,1,1,1,6,6,1,1,1,1,1,1,1,1,1,1,1,1,1,1,1,6,1,1,1,1,1,6,1,1,1,1,9,1,1,1,1,1,1,1,1,1,1,1,1,1,1,1,1,1,9,9,9,1,6,1,1,1,6,1,1,1,1,1,1,6,1,1,6,1,1,1,1,1,1,1,1,6,1,6,1,1,1,6,1,1,1,6,1,6,1,1,1,1,1,1,6,1,6,1,6,1,1,1,1,1,1,1,1,6,1,1,1,1,1,1,6,1,1,1,1,1,1,1,1,6,1,1,9,1,1,1,1,1,1,1,9,1,1,1,1,6,1,1,6,6,1,6,1,6,1,1,1,6,1,1,1,1,1,1,1,1,1,1,1,6,1,6,1,1,1,1,1,1,1,1,1,1,1,1,1,1,1,6,1,1,1,1,1,1,6,1,1,6,1,9,1,1,1,1,1,1,6,1,1,1,1,1,6,6,6,6,1,1,6,6,1,6,1,1,1,1,1,1,1,1,6,1,1,1,1,1,1,6,6,1,6,6,1,6,1,1,1,1,6,6,1,1,1,1,1,1,1,1,1,1,1,1,1,1,1,1,1,1,6,1,6,1,1,1,6,1,1,1,1,1,6,1,1,1,1,1,1,1,1,6,6,1,1,6,1,6,1,1,1,1,1,1,6,6,6,6,1,1,1,1,1,1,1,6,1,1,1,6,1,1,6,1,1,1,1,1,1,1,1,1,1,1,1,1,1,6,6,6,1,1,1,1,1,1,1,6,1,1,1,1,1,6,1,1,1,1,1,6,1,1,1,1,1,1,1,1,6,1,6,1,1,1,1,6,1,1,1,6,1,1,1,6,6,6,6,1,1,1,1,1,1,1,6,1,1,1,1,1,6,1,1,1,1,1,1,1,6,1,1,1,1,1,1,1,1,1,1,6,1,1,1,1,1,1,1,1,1,1,1,1,1,1,1,1,1,1,1,1,1,1,1,1,1,9,1,1,1,9,1,1,1,1,1,9,1,1,1,1,1,1,1,1,1,1,1,1,1,1,1,1,1,1,1,1,1,1,1,1,1,1,1,1,9,9,9,9,9,1,1,1,6,1,1
282,21544,ROUZER,200,1,1,1,6,1,6,1,1,1,1,1,6,6,6,6,6,6,6,6,1,6,1,1,1,1,1,6,6,6,1,1,1,1,1,1,6,6,6,6,6,6,6,6,1,6,6,6,6,6,1,1,6,1,1,1,6,1,1,1,1,1,1,6,1,1,1,1,1,1,1,1,1,1,1,1,1,1,1,1,1,1,1,1,1,1,1,1,1,1,1,1,1,1,1,1,1,1,1,1,1,1,1,1,1,6,6,6,6,6,6,6,6,1,1,1,1,6,6,1,1,6,1,6,6,1,1,1,1,1,1,6,1,6,6,1,1,1,1,6,6,6,6,6,6,6,6,1,6,6,6,1,6,6,6,6,6,1,1,1,1,1,1,6,6,6,6,1,1,1,1,6,1,1,1,1,1,1,1,1,1,1,6,1,6,1,1,1,1,6,1,1,1,6,1,1,1,1,1,1,1,1,1,1,6,1,6,1,1,1,1,1,1,1,6,1,1,1,1,1,1,1,1,1,1,1,1,6,1,1,1,1,1,6,9,9,1,1,1,1,1,1,6,1,6,1,1,1,6,1,6,1,1,6,1,1,1,1,1,1,1,1,1,1,1,1,6,1,1,1,1,1,1,1,1,1,1,1,6,6,6,1,6,1,1,1,1,1,1,1,1,1,6,1,1,1,1,1,1,1,1,1,1,6,6,1,1,9,1,1,1,1,1,6,1,1,1,6,1,1,1,1,1,1,1,1,6,1,9,1,1,1,6,1,1,6,1,1,1,1,6,1,6,1,1,6,1,1,1,6,6,1,6,1,1,1,6,6,6,6,6,1,6,6,6,6,1,1,1,1,6,1,1,1,1,1,6,1,1,1,1,1,1,1,6,6,6,6,6,6,1,1,1,1,6,6,6,1,6,6,6,1,1,6,6,1,1,1,1,1,1,1,1,1,1,1,1,6,1,6,6,6,6,6,6,1,1,1,1,6,6,6,6,6,1,1,1,1,1,1,1,1,1,6,1,6,1,1,1,6,1,1,1,1,1,6,1,1,6,6,6,6,1,1,6,6,1,1,1,1,6,1,6,1,6,6,6,1,1,6,1,1,6,1,1,1,1,1,1,6,6,6,6,6,6,6,1,1,6,6,6,6,6,1,6,6,6,1,1,1,1,1,1,6,1,6,1,1,1,6,6,6,6,1,1,6,6,1,1,1,1,1,1,6,6,6,1,1,1,1,6,1,1,1,1,1,1,6,1,1,1,1,6,6,1,6,1,9,9,1,1,1,1,6,1,6,6,1,1,1,6,1,1,1,6,6,6,6,6,1,1,1,1,6,6,6,6,1,1,1,1,1,1,6,6,1,6,1,1,1,1,1,1,1,6,1,1,1,6,1,1,6,6,1,1,1,1,1,6,1,1,1,1,1,6,1,1,6,6,1,1,1,1,1,1,1,1,1,1,1,1,6,1,1,1,6,6,1,1,6,1,6,1,6,1,1,6,1,1,1,1,6,1,1,1,1,1,6,1,1,1,1,1,6,1,1,1,1,1,1,6,1,6,1,1,1,1,1,1,1,6,1,1,1,1,6,1,1,1,1,6,1,1,1,1,1,6,1,1,1,1,1,1,6,6,6,1,1,1,1,1,6,6,6,1,1,1,1,1,1,1,1,1,1,6,1,1,1,1,6,1,1,1,1,1,6,1,1,1,1,1,1,1,1,1,1,1,1,1,6,1,1,1,1,1,1,1,1,9,9,9,1,6,1,1,1,6,1,1,1,1,1,1,6,1,1,6,1,1,1,1,1,1,1,1,6,1,6,1,1,1,6,1,1,1,6,1,6,1,1,1,1,1,1,6,1,6,1,6,1,1,1,1,1,1,1,1,6,1,6,1,1,1,1,6,1,9,1,1,6,1,1,1,6,1,1,1,1,1,1,1,1,1,1,1,1,1,1,1,6,1,1,6,6,1,6,1,6,1,6,1,6,1,1,1,1,1,1,1,1,1,1,1,6,1,6,1,6,1,1,1,1,1,1,1,1,1,1,1,6,6,6,1,1,6,1,1,6,6,1,1,6,1,1,1,1,1,1,1,6,6,1,1,1,1,1,6,6,6,6,1,1,6,6,1,6,1,1,1,1,1,1,1,6,6,1,1,1,1,6,1,6,6,1,6,6,1,6,1,1,1,1,6,6,1,1,1,6,1,1,1,1,1,1,1,1,1,1,6,1,1,1,6,1,6,1,1,1,6,1,1,1,1,1,6,1,1,1,1,1,1,1,1,6,6,1,1,6,1,6,1,1,1,1,6,6,6,6,6,6,1,1,1,1,1,1,1,6,1,1,1,6,1,1,6,1,1,1,1,1,1,1,1,1,1,1,1,1,6,6,6,6,1,1,1,1,1,1,1,6,1,1,1,1,1,6,1,1,1,1,1,6,1,1,1,1,1,1,1,1,1,1,6,1,1,1,1,6,1,1,1,6,1,1,1,6,6,6,6,1,1,9,9,9,9,9,9,1,1,1,1,1,1,1,1,1,1,1,1,1,6,1,1,1,1,1,1,1,1,1,1,1,1,1,1,1,1,1,1,1,6,1,1,1,1,1,1,1,1,1,1,1,1,1,1,6,1,1,1,1,1,1,1,1,1,1,1,1,1,1,1,9,9,9,9,1,1,1,1,1,1,1,1,1,1,1,1,1,1,1,1,1,1,1,1,1,1,1,1,1,1,1,1,1,1,1,1
283,21545,ADAMS,100,6,9,6,1,6,1,6,6,6,1,6,1,1,1,1,1,1,1,1,6,1,6,1,1,6,6,6,1,1,1,6,6,1,6,6,1,1,1,1,1,1,1,1,6,1,1,1,1,1,6,6,1,6,6,6,1,6,6,1,1,6,6,1,6,1,1,6,6,6,6,6,6,6,6,6,6,6,1,1,6,6,6,6,6,1,1,6,6,6,6,6,6,6,6,6,6,6,6,1,6,1,6,6,1,1,1,1,1,1,1,1,1,6,6,6,6,1,1,6,6,1,6,1,1,6,1,6,6,6,6,1,6,1,1,1,1,6,6,1,1,1,1,1,1,1,1,6,1,1,1,6,1,1,1,1,1,6,1,1,6,6,6,6,1,1,1,6,6,1,1,1,1,1,1,6,6,1,6,6,1,6,1,1,1,6,1,6,6,6,6,6,1,6,1,1,6,6,6,6,6,6,6,6,1,6,1,6,1,1,6,6,6,6,1,6,6,6,6,1,1,1,1,6,6,1,6,1,6,6,1,1,1,1,6,1,1,1,1,6,6,1,1,6,1,6,6,1,1,1,6,6,6,6,1,6,1,1,6,6,6,1,6,6,6,1,1,6,1,1,6,6,1,6,6,6,1,1,1,1,1,6,1,1,1,1,1,6,6,6,6,6,1,6,6,6,6,6,6,1,1,6,6,1,1,6,1,6,1,1,6,6,6,1,6,6,6,1,6,1,6,1,1,1,6,6,1,1,1,1,6,6,6,6,6,1,6,1,6,6,1,6,1,6,1,1,6,6,1,1,1,6,1,6,6,6,6,1,1,1,1,6,1,1,6,1,6,6,6,6,1,6,6,6,6,1,1,6,1,1,1,6,6,1,1,1,1,1,1,1,6,6,6,6,1,1,1,6,1,1,1,6,1,1,1,6,6,6,1,6,6,6,1,6,6,6,6,1,6,1,1,1,1,1,1,6,6,6,6,1,1,1,1,1,6,6,1,1,1,1,1,6,6,1,6,6,6,6,6,1,6,6,6,6,6,6,6,6,1,1,1,1,6,6,1,1,6,6,6,6,1,6,1,6,1,1,1,6,6,1,6,6,1,6,1,6,6,6,6,1,1,6,1,6,1,1,6,6,1,1,1,1,1,1,1,1,1,6,6,6,6,6,6,1,6,1,6,6,6,1,1,1,1,6,6,1,1,6,1,6,1,6,6,6,1,1,6,6,6,1,1,6,6,1,1,6,6,1,6,1,6,6,1,1,6,1,6,1,1,6,6,1,1,1,1,1,1,1,1,1,1,6,6,1,1,1,1,1,1,6,1,6,6,1,1,1,1,6,6,1,1,6,6,1,1,6,1,6,1,6,6,6,6,6,1,6,1,1,6,6,6,1,1,6,1,6,6,1,1,6,1,6,1,1,6,6,6,1,1,6,1,6,6,1,1,1,6,1,6,6,6,1,6,6,6,1,1,6,1,1,6,6,6,1,1,1,1,6,6,6,1,1,6,1,6,6,1,6,1,6,1,1,1,1,6,6,6,6,6,6,1,6,1,6,6,1,1,6,6,1,1,6,1,6,1,6,6,6,6,1,1,6,6,6,6,1,6,6,1,1,9,9,9,9,9,9,9,9,9,9,9,9,9,9,9,9,1,1,6,6,1,1,6,1,6,6,6,6,6,1,6,6,1,6,6,6,6,6,6,6,1,6,1,1,6,6,6,1,1,6,6,6,6,6,6,6,6,6,1,1,6,6,1,6,6,6,6,1,1,6,6,1,1,1,6,6,1,6,1,1,6,6,6,6,6,1,6,1,1,1,1,1,6,6,6,1,6,1,6,6,1,6,6,1,1,6,1,6,1,6,6,6,1,1,6,6,1,1,6,1,6,6,1,1,1,9,9,1,1,1,6,6,6,1,6,6,1,1,1,1,6,6,1,1,1,1,1,6,6,1,6,1,1,6,6,6,6,1,1,6,6,1,1,6,9,9,9,9,9,9,6,6,6,1,6,6,1,6,1,1,1,6,6,6,1,1,6,6,6,6,6,6,6,6,6,6,6,6,6,1,6,1,6,6,1,1,1,6,6,1,1,6,1,6,6,6,6,6,1,1,6,1,1,1,1,1,6,1,1,1,1,6,6,6,1,1,1,6,6,6,6,1,1,6,1,1,6,1,6,6,6,6,1,1,6,1,1,1,6,6,1,1,1,6,6,6,1,1,6,6,6,6,1,6,1,1,6,6,1,6,6,6,6,6,1,1,1,1,6,6,1,6,1,1,6,6,6,1,1,6,6,6,6,6,6,6,1,1,1,1,1,1,1,6,6,6,6,1,6,6,6,1,6,1,1,6,1,1,6,6,1,1,1,1,7,1,6,6,6,1,1,1,6,6,6,6,6,6,6,1,6,6,6,6,6,1,6,6,6,6,6,1,6,1,1,6,6,6,6,6,1,1,1,6,6,6,1,1,6,6,6,1,1,6,6,1,1,1,1,6,6,9,9,9,9,9,9,1,1,6,6,1,1,7,1,6,6,6,6,6,1,6,1,1,1,6,1,6,1,1,6,1,1,1,1,1,1,1,6,6,1,1,1,1,1,1,1,1,1,1,1,1,1,6,1,1,1,1,1,1,1,1,1,1,1,1,1,1,1,1,6,1,1,1,6,6,6,6,1,6,1,1,1,1,1,1,1,1,1,1,1,1,6,1,1,1,1,1,1,1,1,6,1,1,6,6,1
284,21546,RUSSELL,200,1,1,1,6,1,6,1,1,1,1,1,6,6,6,6,6,6,6,6,1,6,1,9,9,1,1,1,6,6,1,1,1,1,1,1,6,6,6,6,6,6,6,6,1,6,6,6,6,6,1,1,6,1,1,1,6,1,1,1,1,1,1,6,1,1,1,1,1,9,9,1,1,9,1,1,1,1,1,1,1,1,1,1,1,1,1,1,1,1,1,1,1,1,1,1,1,1,1,1,1,6,1,1,6,6,6,6,6,6,6,6,6,1,1,1,1,6,6,1,1,6,1,6,6,1,1,1,1,1,1,6,1,6,9,1,1,1,1,1,1,1,1,1,1,1,6,6,6,6,6,6,1,1,1,6,6,6,9,9,9,1,1,1,6,6,6,1,1,1,1,1,1,1,1,1,1,1,1,1,1,1,6,1,6,1,1,1,1,1,1,1,1,1,1,1,1,1,1,1,1,1,1,1,6,1,6,1,1,1,1,1,1,1,6,1,1,1,1,1,1,1,1,1,1,1,1,9,1,1,1,1,1,1,1,1,1,1,1,1,1,1,6,1,1,1,1,1,6,1,1,1,1,1,1,1,1,1,1,1,1,1,1,1,9,9,9,9,1,1,1,1,1,1,1,1,1,1,6,6,6,1,6,1,1,1,1,1,1,1,1,1,6,1,1,1,1,1,1,1,1,1,1,1,6,1,1,1,1,1,1,1,1,6,1,1,1,6,1,1,1,1,1,1,1,1,1,1,1,1,1,1,1,6,6,6,6,1,1,1,6,1,6,1,1,1,1,1,1,6,6,1,9,1,1,1,6,6,6,6,6,1,6,6,6,6,1,1,1,1,6,6,1,1,1,1,6,1,1,1,1,1,1,1,6,6,6,6,6,6,1,1,1,1,6,6,6,1,6,6,6,1,1,6,6,1,1,1,1,1,1,1,1,1,1,6,6,1,1,6,6,6,6,6,6,1,1,1,1,6,1,6,1,6,1,1,1,1,1,1,1,1,1,1,1,1,1,1,1,6,1,1,1,1,1,1,1,1,6,6,6,6,1,1,6,6,1,1,1,1,6,1,6,1,6,6,6,1,1,6,1,1,6,1,1,1,1,1,1,6,6,1,6,1,6,6,1,1,6,6,6,6,6,6,6,6,6,1,1,1,1,1,1,6,1,6,1,1,1,6,6,6,6,1,1,6,6,1,1,1,1,1,1,1,6,6,1,1,1,1,6,1,1,1,1,1,1,6,1,1,1,1,6,6,6,6,1,1,1,1,1,1,1,6,1,1,6,1,1,1,1,1,1,1,6,6,6,6,6,1,1,1,1,1,6,6,6,1,1,1,1,1,1,6,6,1,6,1,1,1,1,1,1,1,6,1,1,1,1,1,1,1,6,1,1,1,1,1,6,1,1,1,1,1,1,1,1,1,6,1,1,1,1,1,9,9,1,1,1,1,1,6,1,1,1,6,6,1,1,6,1,1,1,6,1,1,1,1,1,1,1,6,1,1,1,1,1,1,1,1,1,1,1,6,1,1,1,1,1,1,6,1,6,1,1,1,1,1,1,1,6,1,1,1,1,1,1,1,1,1,6,1,1,1,1,1,1,1,1,1,1,1,1,9,9,9,1,1,1,1,1,1,6,6,1,1,1,1,1,1,1,1,1,1,1,1,1,1,1,6,1,1,1,1,1,6,9,9,9,1,1,1,9,9,1,1,1,1,1,1,1,1,1,1,1,1,1,1,1,1,1,1,1,1,1,1,1,1,1,1,1,1,1,6,1,1,6,1,1,1,1,1,1,1,1,6,1,1,1,1,1,6,1,1,1,6,1,6,1,1,1,1,1,1,6,1,6,1,6,1,1,1,1,1,1,1,1,6,1,1,1,1,1,1,6,1,1,1,1,9,1,1,1,6,1,1,1,1,1,1,1,1,1,1,1,1,1,1,1,6,1,1,6,6,1,6,6,6,1,1,6,6,1,1,1,1,1,1,1,1,1,1,1,6,1,6,1,1,1,1,1,1,1,1,1,1,1,1,1,1,1,6,1,1,1,1,1,1,6,1,1,6,1,1,1,1,1,1,1,1,6,1,1,1,1,1,6,6,6,6,1,1,6,6,6,6,1,1,1,1,1,1,1,1,6,1,1,1,1,1,1,6,6,1,6,6,6,6,1,1,1,1,1,6,1,1,1,1,1,1,1,1,1,1,1,1,1,1,1,1,1,1,6,1,6,1,1,1,6,6,1,1,1,1,6,1,1,1,1,1,1,1,1,6,6,1,1,6,1,1,1,1,1,1,1,1,1,6,6,6,1,9,9,1,1,1,1,6,1,1,1,6,6,1,6,1,1,1,1,1,1,1,1,1,1,1,1,1,1,6,1,6,1,1,1,1,1,1,1,6,1,1,1,1,1,6,1,1,1,1,1,6,1,9,1,1,1,1,1,1,1,1,6,1,1,1,1,6,1,1,1,6,1,1,1,9,9,9,6,1,1,1,1,1,1,1,1,1,1,1,1,1,1,1,1,1,1,1,1,1,6,1,1,1,1,1,1,1,1,1,1,1,1,1,1,1,1,1,1,1,1,1,1,1,1,1,1,1,1,1,1,1,1,1,1,1,9,9,9,9,9,9,9,9,9,9,9,9,9,9,9,9,9,9,9,1,1,1,1,1,1,1,1,1,1,1,1,1,1,1,9,9,9,9,9,9,9,9,9,9,9,9,9,9,9,9,1
285,21547,COSTELLO,200,1,1,1,6,1,6,1,1,1,1,1,6,6,6,6,6,6,6,6,1,6,1,1,1,1,1,6,6,6,1,1,1,1,1,1,6,6,6,6,6,6,6,6,1,6,6,6,6,6,1,1,6,1,1,1,6,1,1,1,1,1,1,6,1,1,1,1,1,1,1,1,1,1,1,1,1,6,1,1,1,1,1,1,1,1,1,1,1,1,1,1,1,1,1,1,1,1,1,1,1,1,1,1,1,6,6,6,6,6,6,6,6,1,1,1,1,6,6,1,9,6,1,6,6,1,1,1,1,1,1,6,1,6,6,1,1,1,1,6,6,6,6,6,6,6,6,1,6,6,6,1,6,6,6,6,6,1,1,1,1,1,1,6,6,6,6,1,1,1,1,6,1,1,1,1,1,1,1,1,1,1,6,1,6,1,1,1,1,6,1,1,1,6,1,1,1,1,1,1,1,1,1,1,6,6,6,6,1,1,1,1,1,1,6,1,1,1,1,1,1,1,1,1,1,1,1,6,1,1,1,1,1,6,1,1,1,1,1,1,1,1,6,1,6,1,1,1,1,1,6,1,1,6,1,6,1,1,1,1,1,1,1,1,1,1,6,1,1,1,1,1,1,1,1,1,1,1,1,1,6,1,6,1,1,1,1,1,1,1,1,1,6,1,1,1,1,1,1,1,1,1,1,6,6,1,1,1,1,1,1,1,1,6,1,1,1,6,1,1,1,1,1,1,1,1,6,1,1,1,1,1,6,1,1,6,6,1,1,1,6,1,6,1,1,1,1,1,1,6,6,1,6,1,1,6,6,6,6,6,6,1,6,6,6,1,6,6,6,6,1,6,1,1,1,1,6,1,1,1,1,1,1,1,6,6,6,6,6,6,1,1,1,1,6,6,6,1,6,6,6,1,1,6,6,1,9,9,9,9,9,9,9,1,1,9,9,9,9,9,9,9,9,9,9,1,1,6,6,1,1,6,1,6,1,9,9,9,1,1,1,1,1,6,6,6,1,6,6,1,6,6,6,6,1,1,1,1,1,6,1,6,1,6,6,6,6,1,1,6,1,1,1,6,6,6,1,6,1,1,6,6,1,6,1,1,1,6,6,1,1,6,1,6,6,6,6,1,1,6,1,1,1,1,1,1,1,1,6,6,6,1,6,6,1,6,1,6,6,6,6,6,6,6,6,6,6,1,1,1,1,1,1,1,6,6,1,1,1,1,6,1,1,1,1,1,1,6,1,1,1,1,6,6,6,6,6,1,1,1,1,1,1,6,1,1,6,1,1,1,6,1,1,1,6,6,6,6,6,1,1,1,1,6,6,6,6,1,1,1,1,1,1,6,1,1,6,6,1,1,1,1,1,1,6,1,1,1,6,1,1,6,6,1,1,1,1,1,6,1,1,1,1,1,6,1,1,6,6,1,1,1,1,1,1,1,1,1,1,1,1,6,6,1,1,6,6,6,1,6,1,6,1,6,1,1,6,1,1,1,1,6,6,1,1,1,1,6,1,1,1,1,1,6,1,1,1,1,1,1,6,1,6,1,1,1,1,1,1,1,6,1,1,1,1,1,1,1,1,1,6,1,1,1,1,1,6,1,1,1,1,1,1,6,6,6,1,1,1,6,1,6,6,6,1,1,1,1,1,1,1,1,1,1,6,1,1,1,1,6,1,1,1,1,1,6,1,1,1,1,1,1,1,1,1,1,1,1,1,6,1,1,1,1,1,1,1,1,1,1,6,1,1,1,1,1,1,1,1,1,1,1,1,6,1,1,1,6,1,1,1,1,1,1,1,6,1,1,1,1,1,6,1,1,1,6,1,9,9,1,1,1,1,1,6,1,6,1,6,1,1,1,1,1,1,1,1,6,1,6,1,1,1,1,1,1,1,1,1,1,1,1,1,6,1,1,1,9,9,1,1,1,1,1,1,1,1,1,1,6,1,1,6,9,6,6,1,6,1,6,1,6,1,1,1,1,1,1,1,1,1,1,1,6,1,6,1,6,1,1,1,1,1,1,1,1,1,1,1,6,1,6,6,6,6,6,1,6,6,1,6,6,1,9,1,1,1,1,1,6,6,1,1,1,1,1,6,6,6,6,1,1,6,6,1,6,1,1,1,1,1,1,1,1,6,1,1,1,1,6,1,1,6,6,6,1,6,6,6,6,9,9,9,9,9,9,9,9,1,1,1,1,1,1,1,1,1,1,1,1,1,1,6,1,6,1,1,1,6,6,1,1,1,1,6,1,1,1,1,1,1,1,1,6,1,1,1,6,1,1,6,9,9,9,9,9,9,9,9,9,9,9,9,1,1,1,1,6,6,1,1,6,1,1,6,1,1,1,1,1,9,1,1,1,1,1,1,1,6,6,6,1,6,6,6,1,6,6,1,1,6,1,6,6,6,6,1,1,1,6,7,6,1,1,1,1,1,1,1,1,1,1,6,1,1,1,1,6,1,1,1,6,1,1,1,6,6,1,6,1,1,1,1,1,1,1,1,1,1,1,1,1,1,1,1,1,1,1,1,1,6,1,1,1,9,1,1,6,1,1,1,1,1,1,1,1,1,1,1,1,6,1,1,1,1,1,1,1,1,1,1,1,1,1,1,1,1,1,1,1,1,1,1,1,1,1,1,1,1,1,1,1,1,1,1,1,1,1,1,1,1,1,1,1,1,1,1,1,1,1,1,1,1,1,1,1,1,1,1,1,1,1,1,1,6,1,1
286,21548,BOYLE,100,6,6,6,1,6,1,6,6,6,1,6,1,1,1,1,1,1,1,1,6,1,6,9,9,6,6,6,1,1,1,6,6,1,6,6,1,1,1,1,1,1,1,1,6,1,1,1,1,1,6,6,1,6,6,6,1,6,6,1,1,6,6,1,6,1,1,6,6,6,6,6,6,6,6,6,6,6,1,1,6,6,6,6,6,9,9,6,6,6,6,6,6,6,6,6,6,6,6,1,6,1,6,6,1,1,1,1,1,1,1,1,1,6,6,6,6,1,1,6,6,9,9,1,1,6,1,6,6,6,6,1,6,1,1,1,1,6,9,1,1,1,1,1,1,1,1,6,1,1,1,6,9,9,9,9,9,9,1,1,6,6,6,6,1,1,1,6,6,1,1,6,1,1,1,6,6,1,6,6,1,6,1,1,1,6,1,6,6,6,6,6,1,6,1,1,6,6,6,6,6,6,6,6,1,6,1,6,1,1,6,6,6,6,1,1,6,6,6,1,1,1,1,6,6,1,6,6,6,6,1,1,1,6,6,6,1,1,1,6,6,1,1,6,6,6,6,1,1,1,6,6,6,6,1,6,1,1,6,6,6,1,6,9,6,1,1,1,1,1,6,6,1,6,6,6,1,1,1,1,1,6,1,1,1,1,1,6,6,6,6,6,1,6,6,6,6,6,6,1,1,6,6,6,1,6,1,6,1,1,6,6,6,6,1,6,6,1,6,1,6,1,1,1,6,6,6,1,1,1,6,6,6,6,6,1,6,1,6,6,1,6,1,6,1,1,6,6,1,1,1,6,6,6,6,6,6,1,1,6,1,6,1,1,6,1,6,6,6,6,6,6,6,6,6,1,1,1,1,1,1,6,6,1,1,1,1,1,1,1,6,6,6,6,1,1,1,6,6,1,1,1,1,1,1,6,6,6,1,6,6,6,1,6,6,6,6,1,6,1,1,1,1,1,1,6,6,6,6,1,1,1,1,1,6,6,1,1,1,1,1,6,6,6,6,6,6,6,6,1,6,6,6,6,6,6,6,6,1,1,1,1,6,6,1,1,6,6,6,6,1,1,6,6,1,1,1,6,6,1,6,6,1,6,1,6,6,6,6,1,1,6,1,6,1,1,6,6,1,1,1,1,1,6,1,1,1,6,6,6,6,6,6,1,6,1,6,6,6,1,1,1,1,6,6,1,1,6,1,6,1,6,6,6,1,1,6,6,6,1,1,6,1,1,1,6,6,1,6,1,6,6,1,1,6,1,6,1,1,6,6,1,1,1,1,1,1,1,1,1,6,6,6,1,1,1,1,1,1,6,1,6,6,6,1,1,1,6,6,1,1,6,6,1,1,6,1,6,1,6,6,6,6,1,1,6,9,9,9,6,6,6,1,6,1,6,6,1,1,1,1,6,1,1,6,6,6,6,1,6,1,6,6,1,1,1,6,1,1,6,6,1,6,6,6,1,1,6,1,1,6,6,6,1,1,1,6,1,6,6,1,1,6,1,6,6,1,6,1,6,1,1,1,1,1,6,6,6,6,1,1,6,1,1,9,9,9,6,6,1,1,6,1,6,1,6,6,6,6,1,1,6,6,6,6,1,6,6,6,1,1,1,1,6,9,6,6,6,6,6,1,6,1,1,1,1,1,1,6,6,1,1,6,1,6,6,6,6,6,1,6,6,1,1,6,6,6,9,9,9,9,6,1,1,6,6,6,1,1,6,6,6,6,6,6,6,6,6,1,1,1,1,6,6,6,6,6,1,1,9,9,9,9,9,9,9,1,6,1,1,6,6,6,6,6,1,6,1,1,1,1,1,6,6,6,1,6,1,6,6,1,6,6,1,1,6,1,6,1,6,6,6,1,1,6,6,6,1,6,6,6,6,1,1,6,1,1,1,1,6,6,6,1,1,6,6,1,1,1,1,6,6,1,1,1,1,1,6,6,1,6,1,1,6,6,6,6,1,1,9,9,1,1,6,1,1,6,6,6,6,6,6,6,1,6,1,6,6,9,9,9,6,6,6,1,1,6,6,6,6,9,9,9,9,9,9,9,9,9,9,9,9,9,9,1,1,1,6,6,6,1,6,6,6,6,6,6,6,1,1,6,1,1,1,1,1,6,1,1,1,1,6,6,6,1,1,1,9,9,9,6,6,1,6,1,1,6,1,6,6,6,6,1,1,6,1,1,6,6,6,1,1,1,6,6,6,9,9,9,6,6,6,1,6,1,1,6,6,1,6,6,6,6,6,1,1,1,1,6,6,1,6,1,1,6,6,6,1,1,6,6,6,6,6,6,6,1,6,1,1,1,1,1,6,6,6,6,1,6,6,6,1,6,1,1,6,1,1,6,6,1,1,1,1,7,1,6,6,6,1,1,1,6,6,6,6,6,6,6,1,6,6,6,6,6,1,6,6,6,6,6,1,6,1,1,6,6,6,6,1,1,1,1,6,6,6,1,1,1,9,9,9,9,6,6,1,1,1,1,6,6,1,1,1,6,1,1,1,1,6,6,1,1,7,1,1,6,6,6,6,1,6,1,1,1,6,1,6,1,1,6,1,1,1,1,1,1,1,6,6,6,1,1,9,9,9,9,9,9,9,9,9,9,6,1,1,1,1,1,1,1,1,1,1,1,1,1,1,1,1,6,1,1,1,6,6,6,6,1,6,1,1,1,1,1,1,1,1,1,1,1,1,6,1,1,1,1,1,1,1,1,6,1,1,6,6,1
287,21549,RATCLIFFE,200,1,1,1,6,1,6,1,1,1,1,1,6,6,6,6,6,6,6,6,1,6,1,1,1,1,1,6,6,6,1,1,1,1,1,1,6,6,6,6,6,6,6,6,1,6,6,6,6,6,1,1,6,1,1,1,6,1,1,1,1,1,1,6,1,1,1,1,1,1,1,1,1,1,1,1,1,1,1,1,1,1,1,1,1,1,9,1,1,1,1,1,1,1,1,1,1,1,1,1,1,6,1,1,1,6,6,6,6,6,6,6,6,1,1,1,1,9,6,1,1,6,1,6,6,1,1,1,1,1,1,6,1,9,6,1,6,1,1,6,6,6,6,6,6,6,6,1,6,6,6,1,6,6,6,6,6,1,1,1,1,1,1,6,6,6,6,1,1,1,1,6,1,1,1,1,1,1,1,1,1,1,6,1,6,1,1,1,1,1,1,1,1,1,1,1,1,1,1,1,1,1,1,1,6,1,6,1,1,1,1,1,1,1,6,1,1,1,1,1,1,1,1,1,1,1,1,6,1,1,1,1,1,6,1,6,1,1,1,1,1,1,6,1,6,1,1,1,6,1,6,1,1,6,1,1,1,1,1,1,1,1,1,1,1,1,6,1,1,1,1,1,1,1,1,1,1,1,6,6,6,1,6,1,1,9,9,1,1,1,1,1,6,1,1,1,1,1,1,1,1,1,1,6,6,1,1,1,1,6,1,1,1,6,1,1,1,6,1,1,1,1,1,1,1,1,6,1,1,1,1,1,6,1,6,6,1,1,1,1,6,1,6,1,1,1,1,1,1,6,6,1,6,1,1,1,6,6,6,6,6,1,6,6,1,6,1,1,1,1,6,1,1,1,1,1,6,1,1,1,1,1,1,1,9,9,6,6,6,6,1,1,1,1,6,6,6,1,6,6,6,1,1,6,6,1,1,1,1,1,1,1,1,1,1,1,1,6,1,6,6,6,6,6,6,1,1,1,1,6,6,6,1,6,1,1,1,1,1,1,1,1,1,6,1,1,1,1,1,6,1,1,1,1,1,1,1,1,6,6,6,6,1,1,6,6,1,1,1,1,6,1,6,1,6,6,6,1,1,1,1,1,6,1,1,1,1,1,1,6,6,1,6,6,6,6,1,1,6,6,6,6,6,6,6,6,6,6,1,1,1,1,1,6,1,6,1,1,1,6,6,6,6,1,1,6,6,1,1,1,1,1,1,6,6,6,1,1,1,1,6,1,1,1,1,1,1,6,1,1,1,1,6,6,1,6,1,1,1,1,1,1,1,6,1,6,6,1,1,1,6,1,1,1,6,6,6,6,6,1,1,1,1,1,6,6,6,1,1,1,1,1,1,6,6,1,6,1,1,1,1,1,1,1,6,1,1,1,6,1,1,6,6,1,1,1,1,1,6,1,1,1,1,1,6,1,1,1,6,1,1,1,1,1,1,1,1,1,1,1,1,6,1,1,1,6,6,1,1,6,1,9,1,6,1,1,1,1,1,1,1,6,1,1,1,1,1,1,1,6,1,1,1,6,1,1,1,1,1,1,6,1,6,1,1,1,1,1,1,1,6,1,1,1,1,6,1,1,1,1,6,1,6,1,1,1,6,1,1,1,1,1,1,6,6,6,1,1,1,1,1,6,6,6,1,1,1,1,1,1,1,1,1,1,6,1,1,1,1,6,1,1,1,1,1,6,1,1,1,1,1,1,1,1,1,1,1,1,1,6,1,1,1,1,1,1,1,1,1,1,9,1,6,9,1,1,6,1,1,1,1,1,1,6,1,1,6,1,1,1,1,1,1,1,1,6,1,6,1,1,1,6,1,1,1,6,1,6,1,1,1,1,1,1,6,1,6,1,6,1,1,1,1,1,1,1,1,6,1,6,1,1,1,1,6,1,1,1,1,6,1,1,1,6,1,1,1,1,1,1,1,1,1,1,1,9,9,1,1,6,1,1,6,6,1,6,1,6,1,1,1,6,1,1,1,1,1,1,1,1,1,1,1,6,1,6,1,6,1,1,1,1,1,1,9,1,1,1,1,6,1,6,1,1,1,1,1,6,6,1,1,6,1,9,1,9,9,1,1,9,6,1,1,1,1,1,6,6,6,6,1,1,6,6,1,6,1,1,1,1,1,1,1,9,6,1,1,1,1,6,1,6,6,1,6,6,1,6,1,1,1,1,6,6,1,1,1,6,1,1,1,1,1,1,1,1,1,1,6,1,1,1,6,1,6,1,1,1,6,1,1,1,1,1,6,1,1,1,1,1,1,1,1,6,6,1,1,6,1,6,1,1,1,1,6,6,1,6,6,6,1,1,1,1,1,1,1,6,1,1,1,6,1,1,6,1,1,1,1,1,1,1,1,1,1,1,1,1,1,6,6,6,6,1,1,1,1,1,1,6,1,1,1,1,1,6,1,1,1,1,1,6,1,1,1,1,1,1,9,1,6,1,6,1,1,1,1,6,1,1,1,6,1,1,1,6,6,6,6,1,1,1,1,1,1,1,1,9,9,1,1,1,6,1,1,1,1,1,1,1,6,1,1,9,9,1,9,9,9,9,1,6,1,1,1,1,1,1,1,1,6,6,1,9,9,9,9,9,9,9,9,9,9,9,9,9,9,9,9,9,9,9,9,9,9,9,9,9,9,9,9,9,9,9,9,9,9,9,9,1,1,1,1,1,1,1,1,1,1,1,9,9,9,9,9,9,9,9,9,9,9,9,9,9,9,9,9
288,21550,HURD,200,1,1,1,6,1,6,1,1,1,1,1,6,6,6,6,6,6,6,6,1,6,1,1,1,1,1,6,6,6,1,1,1,1,1,1,6,6,6,6,6,6,6,6,1,6,6,6,6,6,1,1,6,1,1,1,6,1,1,1,1,1,1,6,1,1,1,1,1,1,1,1,1,1,1,1,1,1,1,1,1,1,1,1,1,1,1,1,1,1,1,1,1,1,1,1,1,1,1,1,1,1,1,1,1,6,6,6,6,6,1,6,6,1,1,1,9,9,6,1,1,6,1,6,6,1,1,1,1,1,1,6,1,6,6,1,1,1,1,6,6,6,6,6,6,6,6,1,6,6,6,1,6,6,6,6,6,1,1,1,1,1,1,6,6,6,6,1,1,1,1,6,1,1,1,1,1,1,1,1,1,1,6,1,6,1,1,1,1,6,1,1,1,6,1,1,1,1,1,1,1,1,1,1,6,1,6,1,1,1,1,1,9,9,6,1,1,1,1,1,1,1,1,1,1,1,1,6,1,9,1,1,1,6,1,1,9,9,9,1,1,1,6,1,6,1,1,1,1,1,1,1,1,1,1,6,1,1,1,1,1,1,1,1,1,1,6,1,1,1,1,1,1,1,1,1,1,1,6,6,6,1,6,1,1,1,1,1,1,1,1,1,6,1,1,1,1,1,1,1,1,1,1,6,6,1,1,1,1,1,1,1,1,6,1,1,1,6,1,1,1,1,1,1,1,1,6,1,1,1,1,1,6,1,6,6,1,1,1,1,6,1,6,1,9,9,1,1,1,6,6,1,6,1,1,1,6,6,6,6,6,1,6,6,6,6,1,1,1,1,6,1,1,1,1,1,6,1,1,1,1,1,1,1,6,6,6,6,6,6,1,1,1,1,6,6,6,1,6,6,6,1,1,6,6,1,1,1,1,1,1,1,1,1,1,6,6,6,1,6,6,6,6,6,1,1,6,1,1,6,1,6,6,6,1,1,1,1,1,1,1,1,1,6,1,6,6,6,6,6,6,6,1,6,1,1,1,1,6,6,6,6,1,1,6,6,6,1,6,1,6,1,6,6,6,6,6,1,1,1,1,1,6,1,1,1,1,1,1,6,6,6,1,6,6,6,1,1,1,6,6,6,6,6,1,1,6,6,6,1,1,1,1,6,1,6,1,1,1,6,6,6,6,6,1,1,6,1,1,1,1,1,1,1,6,6,1,1,1,1,6,1,1,1,1,1,1,6,1,1,1,1,6,6,6,6,1,1,1,1,1,1,1,6,1,1,6,1,1,1,1,1,1,1,6,6,6,6,6,1,1,1,1,6,6,6,6,1,1,1,9,1,1,6,6,1,6,1,1,1,1,1,1,1,6,1,1,1,1,1,1,6,6,1,1,9,9,9,9,9,9,9,1,1,6,1,1,6,6,1,1,1,1,1,1,1,1,1,1,1,1,6,1,1,1,6,6,1,1,6,1,1,1,6,1,1,6,1,1,1,1,6,1,1,1,1,1,6,1,1,1,1,1,6,1,1,1,1,1,1,6,1,6,1,1,1,1,1,1,1,6,1,1,1,1,1,1,1,1,1,6,1,6,1,1,1,1,1,1,1,1,1,1,6,6,6,1,1,1,1,1,6,6,6,1,1,1,1,1,1,1,1,1,1,6,1,1,1,1,6,1,1,1,1,1,6,1,1,1,1,1,1,1,1,1,1,1,1,1,6,1,1,1,1,1,1,1,1,1,1,6,1,9,1,1,1,1,1,1,1,1,1,1,6,1,1,6,1,1,1,1,1,1,1,1,6,1,1,1,1,1,6,1,1,1,6,1,6,1,1,1,1,1,1,6,1,6,1,6,1,1,1,1,1,1,1,1,6,1,6,1,1,1,1,1,1,1,1,1,6,1,1,1,6,1,1,1,1,1,1,1,1,1,1,1,1,1,1,1,6,1,1,6,6,1,6,1,6,1,6,1,6,1,1,1,1,1,1,1,1,1,1,1,6,1,6,1,6,1,1,1,1,1,1,1,1,1,1,1,6,6,6,6,1,6,1,1,6,6,1,1,6,1,1,1,1,1,1,1,6,6,1,1,1,1,1,6,6,6,6,1,1,6,6,1,6,1,1,9,1,1,1,1,6,6,1,1,1,1,6,6,6,6,6,6,6,6,6,6,6,1,6,6,6,1,1,1,6,1,1,9,1,1,1,1,1,1,1,6,1,1,1,6,1,6,1,1,6,6,6,1,1,1,1,6,1,1,1,1,1,1,1,1,6,6,1,1,6,1,6,6,1,1,1,6,6,1,6,6,6,1,1,1,1,1,1,1,6,1,1,1,6,1,1,6,1,1,1,1,1,1,1,1,1,1,1,1,1,6,6,6,6,6,1,1,1,1,1,1,6,1,1,6,6,1,6,1,1,1,1,1,6,1,1,1,1,1,1,1,1,1,1,6,1,1,1,1,6,1,1,1,6,1,1,1,6,6,6,6,1,1,9,9,9,1,1,1,1,1,1,1,1,1,1,1,1,1,1,1,1,6,1,1,1,1,1,1,1,1,1,1,1,1,1,1,1,1,1,1,1,6,1,1,1,1,1,1,1,1,1,1,1,1,1,1,1,1,1,1,1,1,1,1,1,1,1,1,1,1,1,1,9,1,1,1,1,1,1,1,6,1,1,1,1,1,9,1,1,1,1,1,1,1,1,1,1,1,1,1,1,1,1,1,1,1,1,1
289,21551,BABIN,200,1,1,1,6,1,6,1,1,1,1,1,6,6,6,6,6,6,6,6,1,6,1,1,1,1,1,1,6,6,1,1,1,1,1,1,6,6,6,6,6,6,6,6,1,6,6,6,6,6,1,1,6,1,1,1,6,1,1,1,1,1,1,6,1,1,1,1,1,1,1,1,1,1,1,1,1,1,1,1,1,1,1,1,1,1,1,1,1,1,1,1,1,1,1,1,1,1,1,1,1,6,1,1,6,6,6,6,6,6,6,6,6,1,1,1,1,6,6,1,1,6,1,6,6,1,1,1,1,1,1,6,1,6,6,1,1,1,1,6,6,6,6,6,6,6,6,1,6,6,6,1,6,6,6,6,6,1,1,1,1,1,1,1,6,6,6,1,1,1,1,1,1,1,1,1,1,1,1,1,1,1,6,1,6,1,1,1,1,6,1,1,1,1,1,1,1,1,1,1,1,1,1,1,6,1,6,1,1,1,1,1,1,1,6,1,1,1,1,1,1,1,1,1,1,1,1,6,1,1,1,1,1,6,1,1,1,1,1,1,1,1,6,1,6,1,1,1,6,1,6,1,1,1,1,1,1,1,1,1,1,1,1,1,1,1,6,6,1,1,1,1,1,1,1,1,1,1,6,6,6,1,6,1,1,1,1,9,9,9,9,9,9,9,1,1,1,1,1,1,1,1,1,1,6,1,1,1,1,9,1,1,1,6,1,1,1,6,1,6,1,6,1,1,1,1,1,1,1,1,1,1,6,1,6,6,1,1,1,1,6,1,6,1,1,6,1,1,1,6,6,1,6,1,1,1,6,6,6,6,6,1,6,6,6,6,1,1,1,1,6,1,1,1,1,1,6,1,1,1,1,1,1,1,6,6,6,6,6,6,1,1,1,1,6,6,6,1,6,6,6,1,1,6,6,1,1,1,1,1,1,1,1,1,1,1,1,6,1,6,6,6,6,6,6,1,1,1,1,6,6,9,6,6,1,1,1,1,1,1,1,1,1,6,1,1,1,1,1,6,1,1,1,1,1,1,1,1,6,6,6,6,1,1,6,6,1,1,6,1,6,1,6,1,6,6,6,1,1,1,1,1,6,1,1,1,1,1,1,6,6,1,6,1,6,6,1,1,6,6,6,6,6,6,6,6,6,1,1,1,6,1,1,6,1,6,1,1,1,6,6,6,6,1,1,6,6,1,1,1,1,1,1,6,6,6,1,1,1,1,6,1,1,1,1,1,1,6,1,1,1,1,6,6,1,6,1,1,1,1,1,1,1,6,1,1,6,1,1,1,6,1,1,1,6,6,6,6,6,1,1,1,1,6,6,6,6,1,1,1,1,1,1,6,6,1,6,1,1,1,1,1,1,1,6,1,1,1,6,1,1,6,6,1,1,9,1,1,6,1,1,1,1,1,6,1,1,1,6,1,1,1,1,1,1,1,1,1,1,1,1,6,1,1,1,6,6,1,1,6,1,6,1,6,1,1,6,1,1,1,1,6,1,1,1,1,1,6,1,1,1,1,1,6,1,1,1,1,1,1,6,1,6,1,1,1,6,1,1,1,6,1,1,1,1,1,1,1,1,1,6,1,1,1,1,1,1,1,1,1,1,1,1,6,6,6,1,1,1,1,1,1,9,9,9,9,1,1,1,1,1,1,1,1,6,1,1,1,1,6,1,1,1,1,1,6,1,1,1,1,1,1,1,1,1,1,1,1,1,1,1,1,1,1,1,1,1,1,1,1,1,1,1,1,1,1,1,1,1,1,1,1,9,6,1,1,6,1,1,1,1,1,1,1,1,6,1,6,1,1,1,6,1,1,1,6,1,6,1,1,1,1,1,1,6,1,6,1,6,1,1,1,1,1,1,1,1,6,1,6,1,1,1,1,6,1,1,1,1,1,1,1,1,6,1,1,1,1,1,1,1,1,1,1,1,1,1,1,1,6,1,1,6,6,1,6,1,6,9,1,1,6,1,1,1,1,1,1,1,1,1,1,1,6,1,6,1,6,1,1,1,1,1,1,1,1,1,1,1,6,6,6,6,1,6,1,1,6,6,6,1,6,1,1,1,1,1,1,1,1,6,1,1,1,1,1,6,6,6,6,1,1,6,6,1,6,1,1,1,1,1,1,1,1,6,1,1,1,1,6,1,6,6,6,6,6,1,6,1,1,1,1,6,6,1,1,1,6,9,1,1,1,1,1,1,1,1,1,6,1,1,1,6,1,6,1,1,1,6,1,1,1,1,1,6,1,1,1,1,1,1,1,1,6,6,1,1,6,1,1,1,1,1,1,6,6,1,6,6,6,1,1,1,1,1,1,1,6,1,1,1,6,1,1,6,1,1,1,1,1,1,1,1,1,1,1,1,1,1,6,6,6,1,1,1,1,1,1,1,6,1,1,1,1,1,6,1,1,1,1,1,6,1,1,1,1,1,1,1,1,1,1,6,1,1,1,1,6,1,1,1,6,9,1,1,6,6,6,6,1,1,1,1,1,1,1,1,1,1,1,1,1,1,1,1,1,1,1,1,1,6,1,1,1,1,9,1,1,1,1,1,1,1,1,1,1,1,1,1,1,1,1,1,1,1,1,1,1,1,1,1,1,1,1,1,6,1,1,1,1,1,1,1,1,1,1,1,1,1,1,1,1,1,1,1,1,1,1,1,1,1,9,1,1,1,1,1,1,1,1,1,1,1,1,1,1,1,1,1,1,1,1,1,1,1,1,1
290,21552,LOVE,200,1,1,1,6,1,6,1,1,1,1,1,6,6,6,6,6,6,6,6,1,6,1,1,1,1,1,1,6,6,1,1,1,1,1,1,6,6,6,6,6,6,6,6,1,6,6,6,6,6,1,1,6,1,1,1,6,1,1,1,1,1,1,6,1,1,1,1,1,1,1,1,1,1,1,1,1,1,1,1,1,1,1,1,1,1,1,9,9,9,9,1,1,1,1,1,1,1,1,1,1,1,1,1,1,6,6,6,6,6,6,6,6,1,1,1,1,6,6,1,1,6,1,6,6,1,1,1,1,1,1,6,1,6,6,1,1,1,1,6,6,6,6,6,6,6,6,1,6,6,6,1,6,6,6,6,6,1,1,1,1,1,1,1,6,6,6,1,1,1,1,1,1,1,1,1,1,1,1,1,1,1,6,1,6,1,1,1,1,1,1,1,1,6,1,1,1,1,1,1,1,1,1,1,6,1,6,1,1,1,1,1,1,1,6,1,1,1,1,1,1,1,1,1,1,1,1,1,1,1,1,1,1,1,1,1,1,1,1,1,1,1,6,1,1,1,1,1,6,1,1,1,1,1,1,1,1,1,1,1,1,1,1,1,1,1,6,1,1,1,1,1,1,1,1,1,1,1,6,6,6,1,6,1,1,1,1,1,1,1,1,1,6,1,1,1,1,1,1,1,1,1,1,1,6,1,1,1,1,1,1,1,1,6,1,1,1,6,1,1,1,1,1,1,1,1,6,1,1,1,1,1,6,1,6,6,1,1,1,1,6,1,6,1,1,1,1,1,1,6,6,1,6,1,1,1,6,6,6,6,6,1,6,6,1,6,1,6,1,1,1,1,1,1,1,1,6,1,1,1,1,1,1,1,6,6,6,6,6,6,1,1,1,1,6,6,6,1,6,6,6,1,1,6,6,1,1,1,1,1,1,1,1,1,1,1,1,6,1,6,6,6,6,6,6,1,1,1,1,6,6,6,1,6,1,1,1,1,1,1,1,1,1,6,1,1,1,1,6,6,1,6,1,1,1,1,1,1,6,6,6,6,1,1,6,6,1,1,1,1,6,1,6,1,6,6,6,1,1,1,1,1,6,1,1,1,1,1,1,6,6,1,6,1,6,6,1,1,6,6,6,1,6,6,6,6,6,6,1,1,1,1,1,6,1,6,1,1,1,6,6,6,6,1,1,6,6,1,1,1,1,1,1,1,6,6,1,1,1,1,6,1,1,1,1,1,1,6,1,1,1,1,6,6,1,6,1,1,1,1,1,1,1,6,1,1,6,1,1,1,1,1,1,1,6,6,6,6,6,1,1,1,1,1,6,6,6,1,1,1,9,1,1,6,6,1,6,1,1,1,1,1,1,1,6,1,1,1,1,1,1,6,6,1,1,1,1,1,6,1,1,1,1,1,1,1,1,1,6,1,1,1,1,1,1,1,1,1,1,1,1,6,1,1,1,6,6,1,1,6,1,1,9,6,1,1,1,1,1,1,1,6,1,1,1,1,1,1,1,1,1,1,1,6,1,1,1,1,1,1,6,1,6,1,1,1,1,1,1,1,6,1,1,1,1,1,1,1,1,1,6,1,6,1,1,1,6,1,1,9,1,1,1,6,6,6,1,1,1,1,1,1,6,6,1,1,1,1,1,1,1,1,1,1,1,1,1,1,1,6,1,1,1,1,1,6,1,1,1,1,1,1,1,1,1,1,1,1,1,1,1,1,1,1,1,1,1,1,1,1,6,1,6,1,1,1,1,1,1,1,1,1,1,6,1,1,6,1,1,1,1,1,1,1,1,6,1,1,1,1,1,6,1,1,1,6,1,6,1,1,1,1,1,1,6,1,6,1,6,1,1,1,1,1,1,1,1,6,1,6,1,1,1,1,6,1,1,1,1,1,1,1,1,6,1,1,1,1,1,1,1,1,1,1,1,1,1,1,1,6,1,1,6,6,1,6,1,6,1,6,1,6,1,1,1,1,1,1,1,1,1,1,1,6,1,6,6,6,1,1,1,1,1,1,1,1,1,1,1,1,1,6,6,1,6,1,1,1,6,6,1,6,1,1,1,1,1,1,1,1,6,1,1,1,1,1,6,6,6,6,1,1,6,6,1,6,1,1,1,1,1,1,1,1,6,1,1,1,1,1,1,6,1,6,6,6,1,6,6,6,1,1,6,6,1,1,1,6,1,1,1,1,1,1,1,1,1,1,1,1,1,1,6,1,6,1,1,1,6,6,1,1,1,1,6,1,1,1,1,1,1,1,1,6,1,1,1,6,1,1,6,1,1,1,6,6,1,6,6,6,1,1,1,1,1,1,1,6,1,1,1,6,1,1,6,1,1,1,1,1,1,1,1,1,1,1,1,1,6,6,6,6,6,1,1,1,1,1,1,6,1,1,1,1,1,6,1,1,1,1,6,6,1,1,1,1,1,1,1,1,1,1,6,1,1,1,1,6,1,1,1,6,1,1,1,6,6,1,6,1,1,1,1,1,1,1,1,1,1,1,1,1,6,1,1,1,1,1,1,1,6,1,1,9,9,1,9,9,1,1,1,1,9,1,1,1,1,1,1,1,1,1,9,9,9,9,9,9,9,9,9,9,9,9,9,9,9,9,9,9,9,9,9,9,9,9,9,9,9,9,9,9,9,9,9,9,9,9,9,9,9,9,9,9,9,9,9,9,9,9,9,9,9,9,9,9,9,9,9,9,9,9,9,9,9,9,9
291,21553,BRAT,200,1,1,1,6,1,6,1,1,1,1,1,6,6,6,6,6,6,6,6,1,6,1,1,1,1,1,1,6,6,1,1,1,6,1,1,6,6,6,6,6,6,6,6,1,6,9,6,6,6,1,1,6,1,1,1,6,1,1,1,1,1,1,6,1,1,6,1,1,1,1,1,1,1,1,1,1,1,1,1,1,1,1,1,1,1,1,1,9,1,1,1,1,1,1,1,1,1,1,1,1,6,1,1,6,6,6,6,6,6,6,6,6,1,1,1,1,6,6,1,1,6,1,6,6,1,1,1,1,1,1,6,1,6,6,1,1,1,1,6,6,6,6,6,6,6,6,1,6,6,6,1,6,6,6,6,6,1,1,1,1,1,1,1,6,6,6,1,1,1,1,1,1,1,1,1,1,1,1,1,1,1,6,1,6,1,1,1,1,1,1,1,1,1,1,1,1,1,1,1,1,1,1,1,6,1,6,1,1,1,1,1,1,1,6,1,1,1,1,1,1,1,1,1,1,1,1,1,1,1,1,1,1,1,9,9,1,1,1,1,1,1,6,1,9,1,1,1,6,1,1,1,1,1,1,1,1,1,1,1,1,1,1,1,1,1,6,6,1,1,1,1,1,1,1,1,1,1,6,6,6,1,6,1,1,1,1,1,1,1,1,1,6,1,1,1,1,1,1,1,1,1,1,1,6,1,1,1,6,6,1,1,1,6,1,1,1,6,1,6,1,6,1,1,1,1,1,1,1,1,1,1,1,1,6,6,1,1,1,1,6,1,6,1,1,6,1,1,1,6,6,1,6,1,1,1,6,6,6,6,6,1,6,6,1,6,1,1,1,1,6,1,1,1,1,1,6,1,1,1,1,1,1,1,6,6,6,6,6,6,1,1,1,1,6,6,6,1,6,6,6,1,6,6,6,1,6,1,1,1,1,1,1,9,1,1,1,6,1,6,6,6,6,6,6,1,1,1,1,6,6,6,6,6,1,1,1,1,1,1,1,1,1,1,1,1,1,1,1,6,1,1,1,1,1,1,1,1,6,6,6,9,1,1,6,6,1,1,1,1,6,6,6,1,6,6,6,1,1,6,1,1,6,1,1,1,1,1,1,6,6,1,6,1,6,6,1,1,6,6,6,6,6,6,6,9,6,1,1,1,1,1,1,6,1,6,1,1,1,6,6,6,6,1,1,6,6,1,1,1,1,1,1,1,6,6,6,1,1,1,6,1,1,1,1,1,1,6,1,1,1,1,6,6,1,6,1,1,1,1,1,1,1,6,1,6,6,1,1,1,1,1,1,1,6,6,6,6,6,1,1,1,1,1,6,6,6,1,1,1,1,1,1,6,6,1,6,1,1,1,1,1,1,1,6,1,1,1,1,1,1,1,6,1,1,1,1,1,6,1,1,1,1,1,1,1,1,9,6,1,1,1,1,1,1,1,1,1,1,1,1,6,1,1,9,6,6,1,1,6,1,1,1,6,1,1,1,1,1,1,1,6,1,1,1,1,1,1,1,1,6,1,1,6,1,1,1,1,1,1,6,1,6,1,1,1,1,1,1,1,9,1,1,1,1,1,1,1,1,1,6,1,1,1,1,1,1,1,6,1,1,1,1,6,6,6,1,1,1,1,1,1,1,6,6,1,1,1,1,1,1,1,1,1,1,1,1,1,1,6,1,1,1,1,1,6,1,1,1,1,1,1,1,1,1,1,1,1,1,1,1,1,1,1,1,1,1,1,1,1,1,1,6,1,1,1,6,1,1,1,1,1,1,6,1,1,6,1,1,1,1,1,1,1,1,6,1,6,1,1,1,6,1,1,1,6,1,6,1,1,1,1,1,1,6,1,6,1,6,1,1,1,1,1,1,1,1,6,1,1,1,1,1,1,6,1,1,1,1,1,1,1,1,6,1,1,1,1,1,1,1,1,1,1,1,1,1,1,1,6,1,1,6,6,1,6,1,6,1,1,1,6,1,1,1,1,1,1,1,9,1,1,6,6,1,6,1,1,1,1,1,1,1,1,1,1,1,1,1,1,1,6,1,1,1,1,1,1,1,1,1,6,6,1,1,1,1,1,1,1,6,1,1,1,1,1,6,6,6,6,1,1,6,6,1,6,1,1,1,1,1,1,1,1,6,1,1,1,1,1,1,6,6,1,6,6,1,6,1,1,1,1,6,6,1,1,1,1,1,1,1,1,1,1,1,1,1,1,1,1,1,1,6,1,6,1,1,1,6,1,1,1,1,1,6,1,1,1,1,1,1,1,1,6,6,1,1,6,1,6,1,1,1,1,6,6,6,6,1,6,1,1,1,1,1,1,1,6,1,1,1,6,1,1,6,1,1,1,1,1,1,1,1,6,1,1,1,1,1,6,6,6,1,1,1,1,1,1,1,6,1,1,1,1,1,6,1,1,1,1,1,6,1,1,1,1,1,1,1,1,6,1,6,1,1,1,1,6,1,1,1,6,1,1,1,6,6,6,6,1,1,1,1,1,1,1,1,1,1,1,1,1,6,1,1,1,1,1,1,1,6,1,1,1,1,6,1,1,1,1,1,6,1,1,1,1,1,1,1,6,1,6,1,9,9,9,9,9,9,9,9,9,9,1,6,1,1,1,1,1,1,1,6,1,1,1,1,1,1,1,6,1,1,1,1,1,1,1,1,1,1,1,1,1,1,1,1,1,1,1,6,6,1,1,1,6,1,1,1,6,1,1,1,1,1,1,1
292,21554,BEYER,100,6,6,6,1,6,9,6,6,6,6,6,1,1,1,1,1,1,1,1,6,1,6,1,1,6,6,6,1,1,1,6,6,1,6,6,1,1,1,1,1,1,1,1,6,1,1,1,1,1,6,6,1,6,6,6,1,6,1,1,1,6,6,1,6,1,1,6,6,6,6,6,6,6,6,6,6,6,1,1,6,6,6,6,6,1,1,6,6,6,6,6,6,6,9,6,6,6,6,1,6,1,6,6,1,1,1,1,1,1,1,1,1,6,6,6,1,1,1,6,6,1,6,1,1,6,1,6,6,6,6,1,6,9,1,1,1,6,6,1,1,1,1,1,1,1,1,6,1,1,1,6,1,1,1,1,1,6,1,1,6,6,6,6,9,9,9,9,9,1,1,6,1,1,1,9,9,9,6,6,1,6,1,1,1,6,1,6,6,6,6,6,1,6,1,1,6,6,6,6,6,6,6,6,1,6,1,6,1,1,6,6,6,6,1,1,6,6,6,1,1,1,1,6,6,1,1,6,6,6,1,9,1,6,6,1,1,1,1,6,6,1,1,6,6,6,6,1,1,1,6,6,6,6,1,6,1,1,6,6,6,1,6,6,6,1,1,6,6,1,6,6,1,6,6,6,1,1,1,1,1,6,1,6,1,1,1,6,6,6,6,6,1,6,6,6,6,6,6,1,1,6,6,6,1,6,6,6,1,1,6,6,6,1,6,6,6,1,6,1,1,1,1,9,6,6,6,1,1,1,6,6,6,6,6,1,6,1,6,6,9,6,1,6,1,1,6,6,1,1,1,6,1,6,6,6,6,1,1,1,1,6,1,1,6,6,6,6,6,6,6,6,6,6,6,1,1,1,1,1,1,6,6,1,1,1,1,1,1,1,6,6,6,6,1,1,1,6,1,1,1,6,1,1,1,6,6,6,1,6,6,6,1,6,6,6,6,1,6,1,1,1,1,1,1,6,6,6,6,1,1,1,1,1,6,6,1,1,1,1,1,6,6,6,6,6,6,6,6,6,6,6,6,6,6,6,6,6,1,1,1,1,1,6,1,1,6,6,6,6,1,6,1,6,1,1,1,6,6,1,6,6,1,6,1,6,6,6,6,1,1,6,1,6,1,1,6,6,1,6,1,1,6,6,1,6,1,6,6,6,6,6,6,1,6,1,6,6,6,1,1,1,1,6,6,1,1,6,1,6,1,6,6,6,1,1,6,6,6,1,1,6,6,1,1,6,6,1,6,1,6,6,1,1,6,1,6,1,1,6,6,1,1,1,1,1,1,1,1,1,1,6,6,9,1,1,1,1,1,6,1,6,6,6,1,1,1,6,6,1,1,6,6,1,1,6,1,6,1,6,6,6,6,6,1,6,1,1,6,6,6,6,1,6,1,6,6,1,1,6,1,6,1,1,6,6,6,6,1,6,1,6,6,1,1,1,6,1,6,6,6,1,6,6,6,1,1,6,1,1,6,6,6,1,1,1,6,1,6,6,1,1,6,1,6,6,1,6,1,6,1,1,1,1,1,6,6,6,6,6,1,6,1,6,6,1,1,6,6,1,1,6,1,1,1,9,6,6,6,1,1,6,6,6,6,1,6,6,6,1,1,1,1,6,9,6,6,6,6,1,1,6,1,1,6,1,1,1,6,6,1,1,6,1,6,6,6,9,6,1,6,6,1,1,6,6,6,6,6,6,1,6,1,1,6,6,6,1,1,6,9,9,9,9,9,9,9,6,1,1,6,6,6,6,6,6,6,1,1,6,6,1,1,1,1,6,1,6,1,1,6,6,6,6,6,1,6,6,6,1,1,1,6,6,6,1,6,1,6,6,1,6,6,1,1,6,1,6,1,1,6,6,1,1,6,6,1,1,6,6,6,6,1,1,1,1,1,1,1,1,6,6,1,1,6,6,1,1,1,1,6,6,1,1,1,1,1,6,6,1,6,1,1,1,6,1,6,1,1,6,6,1,1,6,1,1,6,6,6,6,6,6,6,1,9,6,1,6,9,9,9,9,9,9,9,9,9,9,9,9,9,9,9,9,9,9,9,6,6,1,6,1,6,6,1,1,1,6,6,6,1,6,1,6,6,6,6,6,1,1,9,9,9,6,1,1,6,1,1,1,1,6,6,6,1,1,1,6,6,6,6,1,1,6,1,1,6,1,6,6,6,6,1,1,6,1,1,6,6,6,1,1,1,6,6,6,1,1,9,6,6,6,1,1,1,1,6,6,1,6,6,6,6,6,1,1,1,1,6,6,1,1,1,1,6,6,6,1,1,6,6,6,6,6,6,6,6,1,6,1,1,1,1,6,6,6,6,1,6,6,6,1,6,1,1,6,1,1,6,6,1,1,1,1,7,1,6,6,6,1,1,1,6,6,6,6,6,6,6,1,6,6,6,6,6,1,6,6,6,6,6,1,6,1,1,6,6,6,6,6,1,1,1,6,6,6,1,1,6,6,6,1,1,6,6,1,1,1,1,6,6,1,1,1,6,1,1,1,1,6,6,1,1,6,1,6,6,6,6,6,1,6,1,1,1,9,1,6,1,1,9,9,1,9,9,9,9,9,6,6,6,1,9,1,1,1,1,1,1,1,1,1,1,6,1,1,1,1,6,1,1,1,1,1,1,1,1,1,1,1,1,1,1,1,6,6,6,6,1,6,1,1,1,1,1,1,1,1,1,1,1,1,1,1,1,1,1,1,1,1,1,1,1,1,6,6,1
293,21555,COMSTOCK,200,1,1,1,6,1,6,1,1,1,1,1,6,6,9,6,6,6,6,6,1,6,1,1,1,1,1,1,6,6,1,1,1,1,1,1,6,6,6,6,6,6,6,6,1,6,6,6,6,6,1,1,6,1,1,1,6,1,1,1,1,1,1,6,1,1,1,1,1,1,1,1,1,1,1,1,1,1,1,1,1,1,1,1,1,1,1,1,1,1,1,1,1,1,1,1,1,1,1,1,1,1,9,9,1,6,6,6,6,6,6,6,6,1,1,1,1,6,6,1,1,6,9,6,6,1,1,1,1,1,1,6,1,6,6,1,1,1,1,6,6,6,6,6,6,6,6,1,6,6,6,1,9,6,6,6,6,1,1,1,1,1,1,1,6,6,6,1,1,1,1,1,1,1,1,1,1,1,1,1,1,1,6,1,6,1,1,1,1,1,1,1,1,1,1,1,1,1,1,1,1,1,1,1,6,1,6,1,1,9,1,1,1,1,6,1,1,1,1,1,1,1,1,1,1,1,1,1,1,1,1,1,1,1,1,1,1,1,1,1,1,9,6,1,1,1,1,1,1,1,1,1,1,1,1,6,1,1,1,1,1,1,1,1,1,1,6,1,1,1,1,1,1,1,1,1,1,1,6,6,6,1,6,1,1,1,1,1,1,1,1,1,6,1,1,1,1,1,1,1,1,1,1,1,6,1,1,1,1,1,9,9,9,9,9,1,1,6,1,1,1,1,1,1,1,1,1,1,1,1,9,1,1,1,1,6,1,1,1,1,6,1,6,1,1,1,1,1,1,6,6,1,6,1,1,1,6,6,6,6,6,1,6,6,6,6,1,6,6,1,6,6,1,1,1,1,6,1,1,1,1,1,1,1,6,6,6,6,6,6,1,1,1,1,6,6,6,1,6,6,6,1,1,6,6,1,1,1,1,1,1,1,1,9,1,6,6,6,1,6,6,6,6,6,6,1,1,6,6,1,1,6,1,6,1,1,1,1,1,1,1,1,1,1,1,1,6,6,6,6,6,6,1,6,1,1,1,1,6,6,6,6,1,1,6,6,6,1,6,1,6,6,6,6,6,6,6,1,6,1,6,6,6,1,1,1,1,1,1,6,9,1,1,6,9,6,1,1,6,6,6,6,6,6,6,6,6,6,6,1,6,1,6,6,1,6,1,1,6,6,6,6,6,6,1,6,6,1,1,1,1,1,1,1,6,6,1,1,1,1,6,1,1,1,1,1,1,6,1,1,1,1,6,6,6,6,6,1,1,1,1,1,1,6,1,1,6,1,1,1,1,1,1,9,6,6,6,6,9,1,1,1,1,1,6,6,6,1,1,1,1,1,1,6,6,1,6,1,1,1,1,1,1,1,6,1,1,1,1,1,1,1,6,1,1,1,1,1,6,1,1,1,1,1,1,1,1,1,6,1,1,1,1,1,1,1,1,1,1,1,1,6,1,1,1,6,1,6,1,6,1,1,1,6,1,1,1,1,1,1,1,6,1,1,1,1,1,1,1,1,1,1,1,6,1,1,1,1,1,1,6,1,6,1,1,1,1,1,1,1,6,1,1,1,1,1,1,1,1,9,6,1,1,1,1,1,1,1,1,1,1,1,1,6,6,6,1,1,1,1,1,1,6,6,1,1,1,1,1,1,1,1,1,1,1,1,1,1,1,6,1,1,1,1,1,6,1,1,1,1,1,1,1,1,1,1,1,1,1,1,1,1,1,1,1,1,1,1,1,1,1,1,1,1,1,1,1,1,1,1,1,1,1,6,1,1,1,6,1,1,1,1,1,1,1,6,1,1,1,1,1,6,1,1,1,6,1,6,1,1,1,1,1,1,6,1,6,1,6,1,1,1,1,1,1,6,1,6,1,1,1,1,1,1,1,1,9,1,1,1,1,1,1,6,1,1,1,1,1,1,9,9,9,9,9,9,9,1,1,6,1,1,6,6,1,6,1,6,9,6,1,6,1,1,1,1,1,1,1,1,1,1,1,6,1,6,1,1,1,1,1,1,1,1,1,1,1,1,1,1,1,6,6,1,6,1,1,6,6,1,1,6,1,1,1,1,1,1,1,1,6,1,1,1,1,1,6,6,6,6,1,1,6,6,1,6,1,1,1,1,1,1,1,1,6,1,1,1,1,1,1,6,6,6,6,6,6,6,6,6,1,1,6,6,1,1,1,1,1,1,1,1,9,9,1,1,1,1,1,1,1,1,6,1,6,1,1,1,6,6,1,1,1,1,6,1,1,1,1,1,1,1,1,6,1,1,1,6,1,1,1,1,1,1,1,1,6,6,1,6,1,1,1,1,1,1,1,6,1,1,1,6,1,1,6,1,1,1,1,1,1,1,1,1,1,1,1,1,6,6,6,6,6,1,1,1,1,1,6,6,1,1,6,1,1,6,1,1,1,1,1,6,1,1,1,1,1,1,1,1,1,1,6,1,1,1,1,6,1,1,1,6,1,1,1,6,6,6,6,1,1,1,1,1,1,1,1,1,1,1,1,1,1,1,1,1,1,1,1,1,6,1,1,1,9,9,9,9,1,1,1,1,9,1,1,1,1,1,9,9,9,1,9,9,9,9,9,9,9,9,9,9,9,9,9,9,9,9,9,9,9,9,9,9,9,9,9,9,9,9,9,9,9,9,9,9,9,9,9,9,9,9,1,1,1,1,1,1,1,1,1,1,1,1,1,1,1,1,1,1,1,1,1,1,1,1,1
294,21556,NEWHOUSE,200,1,1,1,6,1,6,1,1,1,1,1,6,6,6,6,6,6,6,6,1,6,1,1,1,1,1,1,6,6,1,1,1,1,1,1,6,6,6,6,6,6,6,6,1,6,6,6,6,6,1,1,6,1,1,1,6,1,1,1,1,1,1,6,1,1,1,1,1,1,1,1,1,1,1,1,1,1,1,1,1,1,1,1,1,1,1,1,1,1,1,1,1,1,1,1,1,1,1,1,1,1,1,1,1,6,6,6,6,6,6,6,6,1,1,1,1,6,6,1,1,6,1,6,6,1,1,1,1,1,1,6,1,6,6,1,1,1,1,6,6,6,6,6,6,6,6,1,6,6,6,1,6,6,6,6,6,1,1,1,1,1,1,1,6,6,6,1,1,1,1,1,1,1,1,1,1,1,1,1,1,1,6,1,6,1,1,1,1,1,1,1,1,1,1,1,1,1,1,1,1,1,1,1,6,1,6,1,1,1,1,1,1,1,6,1,1,1,1,1,1,9,9,9,9,9,9,9,9,9,9,9,9,9,9,9,9,9,9,1,1,1,6,1,1,9,9,9,9,9,9,9,9,9,9,9,9,9,9,9,9,9,9,9,9,9,9,9,9,9,9,9,9,9,9,9,9,9,9,9,9,9,9,9,9,1,1,1,1,1,1,1,6,1,1,1,1,1,1,1,1,1,1,1,6,1,1,1,1,1,1,1,1,6,1,1,1,6,1,1,1,1,1,1,1,1,1,1,1,1,1,1,1,1,6,6,1,1,1,1,6,1,6,1,1,1,1,1,1,6,6,1,6,1,1,1,6,6,6,6,6,1,6,6,1,6,1,1,1,6,6,6,1,1,1,1,6,1,1,1,1,1,1,1,6,6,6,6,6,6,1,1,1,1,6,6,6,1,6,6,6,1,1,6,6,1,1,1,1,1,1,1,1,1,1,6,6,6,6,6,6,6,6,6,6,1,1,6,1,6,6,6,1,6,1,1,1,1,1,1,1,1,1,1,6,6,1,6,6,6,6,6,6,6,1,1,1,1,6,6,6,6,1,6,6,6,1,1,6,1,6,1,6,1,1,6,6,1,1,1,6,1,6,1,1,1,1,1,1,6,6,1,6,9,6,6,1,1,6,6,6,6,6,1,6,6,6,6,6,1,1,1,6,6,1,6,1,1,1,6,6,6,6,1,1,6,6,1,1,1,1,1,1,1,6,6,1,1,1,1,6,1,1,1,1,1,1,6,1,1,1,1,6,6,1,6,1,1,1,1,1,1,1,6,1,1,6,1,1,1,1,1,1,1,6,6,6,6,6,1,1,1,1,1,6,6,6,1,1,1,1,1,1,6,6,1,6,1,1,1,1,1,1,1,6,1,1,9,1,1,1,1,6,1,1,1,1,1,6,1,1,1,1,1,1,1,1,6,6,1,1,1,1,1,1,1,1,1,1,1,1,6,1,1,1,6,6,1,1,6,1,1,1,6,1,1,1,1,1,1,1,6,1,1,1,1,1,6,1,1,1,1,1,6,1,1,1,1,1,1,6,1,6,1,1,1,1,1,1,1,6,1,1,1,1,1,1,1,1,1,6,1,1,1,1,1,1,1,1,1,1,1,1,6,6,6,1,1,1,1,1,1,6,6,1,1,1,1,1,1,1,1,1,1,1,1,1,1,1,6,1,1,1,1,1,6,1,1,1,1,1,1,1,1,1,1,1,1,1,1,1,1,1,1,1,1,1,1,1,1,1,1,1,1,1,1,6,1,1,1,1,1,1,6,1,1,6,1,1,1,1,1,1,1,1,6,1,1,1,1,1,6,1,1,1,6,1,6,1,1,1,1,1,1,6,1,6,1,6,1,1,1,1,1,1,1,1,6,1,1,1,1,1,1,6,1,1,1,1,1,1,1,1,6,1,1,1,1,1,1,1,1,1,1,1,1,1,1,1,6,1,1,6,6,6,6,1,6,1,6,1,6,1,1,1,1,1,1,1,1,1,1,1,6,1,6,1,1,1,1,1,1,1,1,1,1,1,1,1,1,6,6,6,6,6,1,1,6,6,6,1,6,1,9,1,1,1,1,1,1,6,1,1,1,1,1,6,6,6,6,1,1,6,6,1,6,1,1,1,1,1,1,1,1,6,1,1,1,1,1,1,6,6,1,6,6,1,6,6,6,1,1,6,6,1,1,1,1,1,1,1,1,1,1,1,1,1,1,1,1,1,1,6,1,6,1,1,1,6,6,1,1,1,1,6,1,1,1,1,1,1,1,1,6,1,1,1,6,1,1,1,1,1,1,6,6,1,6,6,6,1,1,1,1,1,1,1,6,1,1,1,6,1,1,6,1,1,1,1,1,1,1,1,1,1,1,1,1,6,6,6,6,6,1,1,1,1,1,1,6,1,1,1,1,1,6,1,1,1,1,1,6,1,1,1,1,1,1,1,1,1,1,6,1,1,1,1,6,1,1,1,6,1,1,1,6,6,6,6,1,1,1,1,1,1,1,1,1,1,1,1,1,1,1,1,1,9,9,9,9,6,1,1,1,1,1,1,1,1,1,9,9,1,1,1,1,1,1,1,1,1,1,1,1,1,1,1,1,1,1,1,1,1,1,1,1,1,1,1,1,1,1,1,1,1,1,1,1,1,1,1,1,1,1,9,1,1,1,1,1,1,9,9,9,9,1,1,1,1,1,1,1,1,1,1,1,1,1,1,1,1,1,1,1,1,1,1
295,21557,MOONEY,200,1,1,1,6,1,6,1,1,1,1,1,6,6,6,6,6,6,6,6,1,6,1,1,1,1,1,1,6,6,1,1,1,1,1,1,6,6,6,6,1,6,6,6,1,6,6,6,6,6,1,1,6,1,1,1,6,1,1,1,1,1,1,6,1,1,1,1,1,1,1,1,1,1,1,1,1,1,1,1,1,1,1,1,1,1,1,1,1,1,1,1,1,1,1,1,1,1,1,1,1,6,1,1,6,6,6,6,6,6,6,6,6,1,1,1,1,6,6,1,1,6,1,6,6,1,1,1,1,1,1,6,1,6,6,1,6,1,1,6,6,6,6,6,6,6,6,1,6,6,6,1,6,6,6,6,6,1,1,1,1,1,1,1,6,6,6,1,1,1,1,1,1,1,1,1,1,1,1,1,1,1,6,1,6,1,1,1,1,1,1,1,1,1,1,1,1,1,1,1,1,1,1,1,6,1,6,1,1,1,1,1,1,1,6,1,1,1,1,1,1,1,1,1,1,1,1,1,1,1,1,1,1,1,1,6,1,1,1,1,1,1,6,1,1,1,1,1,1,1,1,1,1,1,1,1,1,1,1,1,1,1,1,1,1,1,1,6,1,1,1,1,1,1,1,1,1,1,6,6,6,1,6,1,1,1,1,1,1,1,1,1,6,1,1,1,1,1,1,1,1,1,1,1,6,1,1,1,1,6,1,1,1,6,1,1,1,6,1,1,1,1,1,1,1,1,1,1,1,1,1,1,1,1,1,6,1,1,1,1,6,1,6,1,1,6,1,1,1,6,6,1,6,1,1,1,6,6,6,6,1,1,1,6,6,6,1,1,1,1,1,1,1,1,1,1,6,1,1,1,6,1,1,1,6,6,6,6,6,6,1,1,1,1,6,6,6,1,6,6,6,1,1,6,6,1,9,9,9,1,1,1,1,1,1,1,1,6,1,6,6,6,6,6,1,1,1,1,1,6,1,6,6,6,1,1,1,1,1,1,1,1,1,1,1,1,6,1,1,1,1,1,1,1,1,1,1,1,6,6,6,6,1,1,6,6,1,1,1,1,6,1,6,1,1,6,6,1,1,6,1,1,6,1,1,1,1,1,1,6,6,1,1,1,6,6,1,1,1,6,6,1,1,1,1,6,6,1,1,1,1,1,1,6,1,6,1,1,1,6,6,6,6,1,1,1,6,1,1,1,1,1,1,1,6,6,1,1,1,1,6,1,1,1,1,1,1,6,1,1,1,1,6,6,6,6,1,1,1,1,1,1,1,6,1,6,6,1,1,1,1,1,1,1,6,6,6,6,6,1,1,1,1,1,6,6,6,1,1,1,9,1,1,6,6,1,6,1,1,1,1,1,1,1,6,1,1,1,1,1,1,1,6,1,1,1,1,1,6,1,1,1,1,1,1,1,1,1,6,1,1,1,1,1,1,1,1,1,1,1,1,6,1,1,1,6,6,1,1,6,1,1,1,6,1,1,1,1,1,1,1,6,1,1,1,1,1,1,1,6,6,1,1,6,1,1,1,1,1,1,6,1,6,1,9,9,9,1,1,1,6,1,1,1,1,1,1,1,1,1,6,1,1,1,1,1,1,6,6,1,1,1,1,6,6,6,1,1,1,1,1,1,1,6,6,1,1,1,1,1,1,1,1,1,1,1,1,1,1,6,1,6,1,1,1,6,9,1,1,1,1,6,1,1,1,1,1,1,1,1,1,1,1,1,1,1,1,1,1,1,1,1,1,1,1,1,6,1,1,1,1,1,1,6,1,1,6,1,6,1,1,1,1,1,1,6,1,1,1,1,1,6,1,1,1,6,1,6,1,1,1,1,1,1,6,1,6,1,6,1,1,1,9,9,9,9,1,6,1,1,1,6,1,1,6,1,1,1,1,1,1,1,1,6,1,1,1,1,1,1,1,1,1,1,1,1,1,1,1,6,1,1,6,6,1,6,1,6,1,6,1,6,1,1,1,1,1,1,1,1,1,1,1,6,1,6,1,1,1,1,1,1,1,1,1,1,1,1,1,1,1,1,1,1,1,1,1,1,1,1,1,6,1,1,1,1,1,1,1,1,9,1,1,1,1,1,6,6,1,6,1,1,1,6,1,6,1,1,1,1,1,1,1,1,6,1,1,1,1,1,1,6,6,1,6,6,1,6,1,1,1,1,6,6,1,1,1,1,1,1,1,1,6,1,1,1,1,1,1,1,1,1,6,1,6,1,1,1,6,1,1,1,1,1,6,1,1,1,1,1,1,1,1,6,6,1,1,6,1,1,1,1,1,1,1,1,6,6,1,6,1,9,9,1,1,1,1,6,1,1,1,6,1,1,6,1,1,1,1,1,1,1,1,1,1,1,1,1,1,6,6,6,1,1,1,1,1,1,1,6,1,1,1,1,1,6,1,1,1,1,1,6,1,1,1,1,1,1,1,1,6,1,6,1,1,1,1,6,1,1,1,6,1,1,1,6,6,6,6,1,1,1,1,1,1,1,1,1,1,1,6,1,6,1,1,1,1,1,1,1,6,1,1,1,1,1,1,1,1,1,1,6,1,1,1,1,1,1,1,1,1,6,1,9,9,1,1,1,1,1,1,1,1,1,6,1,1,1,1,1,1,1,1,1,1,1,1,1,1,1,1,1,1,1,1,1,1,1,1,1,6,1,1,1,1,1,1,1,1,1,1,1,1,1,1,6,1,1,1,1,1,1,1,6,1,1,6
296,21559,GROTHMAN,200,1,1,1,6,1,6,1,1,1,1,1,6,6,6,6,6,6,6,6,1,6,1,1,1,1,1,1,6,6,1,1,1,6,1,1,6,6,6,6,6,6,6,6,1,6,6,6,6,6,1,1,6,1,1,1,6,1,1,1,1,1,1,6,1,1,1,1,1,1,1,1,1,1,1,1,1,1,1,1,1,1,1,1,1,1,1,1,1,1,1,1,1,1,1,1,1,1,1,1,1,6,1,1,6,6,6,6,6,6,6,6,6,1,1,1,1,6,6,1,1,6,1,6,6,1,1,1,1,1,1,6,1,6,6,1,1,1,1,6,6,6,6,6,6,6,6,1,6,6,6,1,6,6,6,6,6,1,1,1,1,1,1,1,6,6,6,1,1,1,1,9,1,1,1,6,1,1,1,1,1,1,6,1,6,1,1,1,1,6,1,1,1,1,1,1,1,1,1,1,1,1,1,1,6,1,6,1,1,1,9,9,9,9,9,9,1,1,1,1,1,1,1,1,1,6,1,6,1,1,1,1,1,9,1,1,1,1,1,1,9,1,6,1,1,1,1,1,6,1,1,1,1,1,1,1,1,1,1,1,1,1,1,1,1,1,6,1,1,1,1,1,1,1,1,1,1,1,6,6,6,1,6,1,1,1,1,1,1,1,1,9,6,1,1,1,1,1,1,1,1,1,1,6,6,1,1,1,1,6,1,1,1,6,1,1,1,6,1,1,1,1,1,1,1,1,1,1,1,1,1,1,6,1,6,6,1,1,1,1,6,1,6,1,1,1,1,1,1,6,6,1,6,1,1,9,6,6,6,6,6,1,6,6,1,6,1,1,1,1,6,1,1,1,1,1,6,1,1,1,1,1,1,1,6,6,6,6,6,6,1,1,1,1,6,6,6,1,6,6,6,1,1,6,6,1,1,1,1,1,1,1,1,1,1,1,1,6,1,6,6,6,6,6,6,1,1,1,1,6,6,6,6,6,1,1,1,1,1,1,1,1,1,6,1,1,1,1,1,6,1,1,1,1,1,1,1,1,6,6,6,6,1,6,6,6,1,1,1,1,6,1,6,1,1,6,6,1,1,1,1,1,6,1,1,1,1,1,1,6,6,1,1,1,6,6,1,1,6,6,6,6,6,6,6,6,6,1,1,1,1,1,1,6,1,6,1,1,1,6,6,6,1,1,1,6,6,1,1,6,1,1,1,6,6,6,1,9,1,1,6,6,1,1,1,1,1,6,1,1,1,1,6,6,1,6,1,1,1,1,1,1,1,6,1,1,6,1,1,1,6,1,1,1,6,6,6,6,6,1,1,1,1,1,6,6,6,1,1,1,1,1,1,6,6,1,6,1,1,1,1,1,1,1,6,1,1,1,1,1,1,1,6,1,1,9,1,1,6,1,1,1,1,1,6,1,1,6,6,1,1,1,1,1,1,1,1,1,1,1,1,6,1,1,1,6,6,1,1,6,1,6,1,6,6,1,1,1,1,1,1,6,1,1,1,1,1,6,1,1,1,1,1,6,1,1,1,1,1,1,6,1,6,1,1,6,6,1,1,6,6,1,1,1,1,1,1,1,1,9,6,1,1,1,1,1,1,1,6,1,1,1,1,6,6,6,1,1,1,1,1,1,6,6,1,9,1,1,1,1,1,1,1,1,1,1,1,1,1,6,1,1,1,1,1,6,1,1,1,9,9,1,1,6,1,1,1,1,1,1,1,1,1,1,1,1,1,1,1,1,6,1,6,1,1,1,1,1,1,1,1,1,1,6,9,1,6,1,1,1,1,1,1,1,1,6,1,6,1,1,1,6,1,1,1,6,1,6,1,1,1,1,1,1,6,1,6,1,6,1,1,1,1,1,1,1,1,6,1,1,1,1,1,1,6,1,1,1,1,6,1,1,1,6,1,1,1,1,1,1,1,1,1,1,1,1,1,9,9,9,9,9,6,6,1,6,1,6,1,6,1,6,1,1,1,1,1,1,1,1,1,1,1,6,1,6,1,1,1,1,1,1,1,1,1,6,1,1,1,6,6,6,1,1,1,1,1,1,1,1,1,6,1,1,1,1,1,1,1,9,6,1,1,1,1,1,6,6,6,6,1,1,6,6,1,6,1,1,1,1,1,1,1,6,6,1,1,1,1,1,1,6,6,1,6,6,1,6,1,1,1,1,1,6,1,1,1,1,9,1,1,1,1,1,1,1,1,1,6,1,1,1,6,1,6,1,1,1,6,1,1,1,1,1,6,1,1,1,1,1,1,1,1,6,6,1,1,6,1,6,1,9,9,9,9,9,9,9,9,9,9,6,1,1,1,1,1,6,1,1,1,6,1,1,6,1,1,1,1,1,1,1,1,1,1,1,1,1,1,6,6,6,1,1,1,1,1,1,1,6,1,6,1,1,1,6,1,1,1,1,1,6,1,1,1,1,1,1,1,1,6,1,6,1,1,1,1,6,6,1,1,6,1,1,1,6,6,6,6,1,1,1,1,1,1,1,1,6,1,1,1,1,1,1,1,1,1,1,1,1,6,1,1,6,1,1,1,1,6,1,1,1,1,1,1,1,1,1,1,1,1,1,1,1,1,1,1,1,6,6,1,1,6,1,1,1,1,1,1,1,1,1,1,1,1,1,6,1,6,1,1,1,1,1,1,1,1,1,1,1,1,1,1,1,1,1,7,1,1,1,1,1,1,1,1,1,1,1,1,1,1,1,1,6,1,1,1
297,21560,DONOVAN,200,1,1,1,6,1,6,1,1,1,1,1,6,6,6,6,6,6,6,6,1,6,1,1,1,1,1,1,6,6,1,1,1,1,1,1,6,6,6,6,6,6,6,6,1,6,6,6,6,6,1,1,6,1,1,1,6,1,1,1,1,1,1,6,1,1,1,1,1,1,1,1,1,1,1,1,6,1,1,1,1,1,1,1,1,1,1,1,1,1,1,1,1,1,1,1,1,6,1,1,1,1,1,1,1,6,6,6,6,6,6,6,6,1,1,1,1,6,6,1,6,6,1,6,6,1,1,1,1,1,1,6,1,6,6,1,1,1,1,6,6,6,6,6,6,6,6,1,6,6,6,1,6,6,6,6,6,1,1,1,1,1,1,1,6,6,6,1,6,1,1,1,1,1,1,1,1,1,1,1,1,1,6,1,6,1,1,1,1,1,1,1,1,1,1,1,1,1,1,1,1,1,1,1,6,1,6,1,1,1,1,1,1,1,6,1,1,1,1,1,1,1,1,1,1,1,1,1,1,1,1,1,1,1,1,1,1,1,1,1,1,1,6,1,1,1,1,1,1,1,1,1,1,1,1,6,1,1,1,1,1,1,1,1,1,1,6,1,1,1,1,1,1,1,1,1,1,1,6,6,6,1,6,1,1,1,1,1,1,1,1,1,6,1,1,1,1,1,1,1,1,1,1,1,6,1,1,1,1,1,1,1,1,6,1,1,1,6,1,1,1,1,1,1,1,1,1,1,1,1,1,1,1,1,6,6,1,1,1,1,6,6,6,1,1,1,1,1,1,6,6,1,6,1,1,1,6,6,6,6,6,1,6,6,6,6,1,1,1,6,6,1,1,1,1,1,6,1,1,1,1,1,1,1,6,6,6,6,6,6,1,1,1,1,6,6,6,1,6,6,6,1,1,6,6,1,1,1,1,1,1,1,1,1,1,6,6,6,6,6,6,6,6,6,1,1,1,6,6,1,6,6,1,6,1,9,9,9,1,1,1,1,1,1,6,6,6,6,6,6,6,6,6,6,6,6,1,1,6,6,6,6,1,6,6,6,6,1,6,1,1,1,6,6,6,6,6,6,1,1,6,6,6,1,1,1,1,1,1,6,6,6,6,6,6,6,6,6,6,6,1,6,6,1,6,1,6,6,6,6,6,6,6,6,6,6,1,1,6,6,6,6,6,6,1,1,6,1,1,1,1,1,1,1,6,6,1,1,1,1,6,1,1,1,1,1,1,6,1,1,1,1,6,6,6,6,1,1,1,1,1,1,1,6,1,1,6,1,1,1,1,1,1,1,6,6,6,6,6,1,1,1,1,1,6,6,6,1,6,1,1,1,1,6,6,1,6,1,1,1,1,1,1,1,6,1,1,1,1,1,1,1,6,1,1,1,1,1,6,1,1,1,1,1,1,1,1,1,6,6,1,1,1,1,1,1,6,1,1,1,1,6,1,1,1,6,6,6,1,6,1,1,6,6,1,1,1,1,1,1,1,6,6,1,1,1,1,1,1,1,1,1,1,6,1,1,1,1,1,1,6,1,6,1,1,1,1,1,1,1,6,6,1,1,1,1,1,1,6,1,6,1,1,1,1,1,1,1,1,1,1,1,1,6,6,6,1,1,1,6,1,1,6,6,1,1,1,1,1,1,1,1,1,1,1,1,1,1,1,6,1,1,1,1,1,6,1,1,1,1,1,1,1,1,1,1,1,1,1,1,1,1,1,1,1,1,1,1,1,1,1,1,1,1,1,1,1,1,1,1,1,1,1,6,1,1,6,1,1,1,1,1,1,1,1,6,1,1,1,1,1,6,1,1,1,6,1,6,1,1,1,1,1,1,6,1,6,1,6,1,1,1,1,1,1,1,1,6,1,1,1,1,1,1,1,1,1,1,1,1,1,1,1,6,1,1,1,9,9,1,1,1,1,1,1,1,1,1,1,6,1,1,6,6,6,6,6,6,1,6,6,6,1,1,1,1,1,1,1,1,1,1,1,6,1,6,1,1,1,1,1,1,1,1,1,1,1,1,1,1,6,6,6,1,6,1,1,6,6,1,1,6,1,1,1,1,1,1,1,1,6,1,1,1,9,9,9,9,9,9,9,9,9,9,9,9,1,1,1,1,1,1,1,1,6,1,1,1,1,1,1,1,1,6,6,6,6,6,6,6,1,1,6,6,1,1,1,1,1,1,1,1,9,9,1,1,1,1,1,1,1,1,6,1,6,1,1,1,6,1,1,1,1,1,6,1,9,9,9,9,9,9,9,6,1,1,1,6,1,1,1,1,1,1,1,1,1,6,6,6,1,1,1,1,1,1,1,6,1,1,1,6,1,1,6,1,1,1,1,1,1,1,1,1,1,1,1,1,6,6,6,6,6,1,1,1,6,6,1,6,6,6,6,6,6,6,1,1,1,6,1,6,1,1,1,1,1,1,1,1,1,1,6,1,1,1,1,6,1,1,1,6,1,1,1,1,6,6,6,1,1,1,1,1,1,1,1,1,1,1,1,1,1,1,1,1,1,1,1,1,6,6,1,1,1,1,1,6,1,1,1,1,1,1,1,1,1,1,1,1,1,9,9,1,1,1,1,1,1,1,1,1,1,1,1,1,1,1,1,1,1,1,1,1,1,1,1,1,1,1,1,1,1,1,1,1,1,1,1,1,1,1,1,1,1,1,1,1,1,1,1,1,1,1,1,1,1,1,1,1,1,1,1,1,6,1,1
298,21561,KELLY,200,1,1,1,6,1,6,1,1,1,1,1,6,6,6,6,6,6,6,6,1,6,1,1,1,1,1,1,6,6,1,1,1,1,1,1,6,6,6,6,6,6,6,6,1,6,6,6,6,6,1,1,6,1,1,1,6,1,1,1,1,1,1,6,1,1,1,1,1,1,1,1,1,1,1,1,1,1,1,1,1,1,1,1,1,1,1,1,1,1,1,1,1,1,1,1,1,1,1,1,1,1,1,1,6,6,6,6,6,6,6,6,6,1,1,1,1,6,6,1,1,6,1,6,6,1,1,1,1,1,1,6,1,6,6,1,1,1,1,6,6,6,6,6,6,6,6,1,6,6,6,1,6,6,6,6,6,1,1,1,1,1,1,1,6,6,6,1,1,1,1,1,1,1,1,1,1,1,1,1,1,1,6,1,6,1,1,1,1,1,1,1,1,1,1,1,1,1,1,1,1,1,1,1,6,1,6,1,1,1,1,1,1,1,6,1,1,1,1,1,1,1,1,1,1,1,1,1,1,1,1,1,1,1,1,1,1,1,1,1,1,1,6,1,1,1,1,1,6,1,1,1,1,1,1,1,1,1,1,1,1,1,1,1,1,1,6,6,1,1,1,1,1,1,1,1,1,1,6,6,6,1,6,1,1,1,1,1,1,1,1,1,6,1,1,1,1,1,1,1,1,1,1,1,6,1,1,1,1,1,1,1,1,6,1,1,1,6,1,6,1,1,1,1,1,1,1,1,1,1,1,1,1,1,6,6,1,1,1,1,6,1,6,1,1,1,1,1,1,6,6,1,6,1,1,1,6,6,6,6,6,1,6,6,6,6,1,1,1,1,6,1,1,1,1,1,6,1,1,1,1,1,1,1,6,6,6,6,6,6,1,1,1,1,6,6,6,1,6,6,6,1,1,6,6,1,1,1,1,1,1,1,1,1,1,1,1,6,1,6,6,6,6,6,6,1,1,1,1,6,6,6,6,6,1,1,1,1,1,1,1,1,1,1,1,1,6,1,1,6,6,1,1,1,1,1,1,1,6,6,6,6,1,1,6,6,6,1,1,1,6,1,6,1,6,6,6,1,1,6,1,1,6,1,1,1,1,1,1,6,6,1,6,1,6,6,1,1,6,6,6,6,6,6,6,6,6,1,1,1,1,1,1,6,1,6,1,1,1,6,6,6,6,1,1,6,6,1,1,1,1,1,1,1,6,6,1,1,1,1,6,1,1,1,1,1,1,6,1,1,1,1,6,6,1,6,1,1,1,1,1,1,1,6,1,6,6,1,1,1,1,1,1,1,6,6,6,6,6,1,1,1,1,1,6,6,6,1,1,1,1,1,1,6,6,1,6,1,1,1,1,1,1,1,6,1,1,1,1,1,1,1,6,1,1,1,1,1,6,1,1,1,1,1,1,1,1,1,6,1,1,1,1,1,1,1,1,1,1,1,1,6,1,1,1,6,6,1,1,6,1,1,1,6,1,1,1,1,1,1,1,6,1,1,1,1,1,1,1,1,1,1,1,6,1,1,1,1,1,1,6,1,6,1,9,9,1,1,1,1,6,1,1,1,1,1,1,1,1,1,6,1,1,1,1,1,6,1,1,1,1,1,1,6,6,6,1,1,1,1,1,1,1,6,1,1,1,1,1,1,1,1,1,1,1,1,1,1,1,6,1,1,1,1,1,6,9,9,1,1,1,1,1,1,1,1,1,1,1,1,1,1,1,1,1,1,1,1,1,1,1,1,6,1,1,1,1,1,1,1,1,1,1,6,1,1,6,1,1,1,1,1,1,1,1,6,1,6,1,1,1,6,1,1,1,6,1,6,1,1,1,1,1,1,6,1,6,1,6,1,1,1,1,1,1,1,1,6,1,1,1,1,1,1,6,1,1,1,1,1,1,1,1,6,1,1,1,1,1,1,1,1,1,1,1,1,1,1,1,6,1,1,6,1,1,6,1,6,1,6,1,6,1,1,1,1,1,1,1,1,1,1,1,6,1,6,1,6,1,1,1,1,1,1,1,1,1,1,1,6,6,6,6,1,6,1,1,6,6,1,1,6,1,1,1,1,1,1,1,6,6,1,1,1,1,1,6,6,6,6,1,1,6,6,6,6,1,1,1,1,1,1,1,1,6,1,1,1,1,1,1,6,6,1,6,6,1,6,1,1,1,1,6,6,1,1,1,1,1,1,1,1,1,1,9,9,1,1,1,1,1,1,6,1,6,1,1,1,6,1,1,1,1,1,6,1,1,1,1,1,1,1,1,6,6,1,1,6,1,1,1,1,1,1,1,1,1,6,6,6,1,1,1,1,1,1,1,6,1,1,1,6,1,1,6,1,1,1,1,1,1,1,1,6,1,1,1,1,1,6,6,6,1,1,1,1,1,1,1,6,1,1,1,1,1,6,1,1,1,1,1,6,1,1,1,1,1,1,1,1,6,1,6,1,1,1,1,6,1,1,1,6,1,1,1,6,6,6,6,1,1,1,1,1,1,1,1,1,1,1,1,1,6,1,1,1,1,1,1,1,6,1,1,1,1,1,1,1,1,1,1,1,1,1,1,1,1,1,1,1,1,1,1,1,1,1,1,1,1,1,1,1,1,1,1,1,1,1,1,1,1,1,1,1,1,1,1,1,1,1,1,1,1,1,1,1,1,1,1,1,1,1,1,1,1,1,1,1,1,1,1,1,1,1,1,1,1,1,1,1,1,1,1,1,1,1,1
299,21562,LaHOOD,200,1,1,1,6,1,6,1,1,1,1,1,6,6,6,6,6,6,6,6,1,6,1,1,1,1,1,6,6,6,1,1,1,1,1,1,6,6,6,6,6,6,6,6,1,6,6,6,6,6,1,1,6,1,1,1,6,1,1,1,1,1,1,6,1,1,1,1,1,1,1,1,1,1,1,1,1,1,1,1,1,1,1,1,1,1,1,1,1,1,1,1,1,1,1,1,1,1,1,1,1,1,1,1,6,6,6,6,6,6,6,6,6,1,1,1,1,6,6,1,1,6,1,6,6,1,1,1,1,1,1,6,1,6,6,1,1,1,1,6,6,6,6,6,6,6,6,1,6,6,6,1,6,6,6,6,6,1,1,1,1,1,1,6,6,6,6,1,1,1,1,6,1,1,1,1,1,1,1,1,1,1,6,1,6,1,1,1,1,6,1,1,1,1,1,1,1,1,1,1,1,1,1,1,6,1,6,1,1,1,1,1,1,1,6,1,1,1,1,1,1,1,1,1,1,1,1,6,1,1,1,1,1,6,1,1,1,1,1,1,1,1,6,1,6,1,1,1,6,1,6,1,1,6,1,1,1,1,1,1,1,1,1,1,1,1,6,1,1,1,1,1,1,1,1,1,1,1,6,6,6,1,6,1,1,1,1,1,1,1,1,1,6,1,1,1,1,1,1,1,1,1,1,6,6,1,1,1,1,1,1,1,1,6,1,1,1,6,1,1,1,1,1,1,1,1,6,1,1,1,1,1,6,1,6,6,1,1,1,1,6,1,6,1,1,1,1,1,9,6,6,1,6,1,1,1,6,6,6,6,6,1,6,6,1,6,1,1,1,6,1,1,1,1,1,1,6,1,1,1,1,1,1,1,6,6,6,6,6,6,1,1,1,1,6,6,6,1,6,6,6,1,1,6,6,1,1,1,1,1,1,1,1,1,1,1,1,6,6,6,6,6,6,6,6,1,1,1,1,6,6,6,6,6,1,1,1,1,1,1,1,1,1,6,6,1,6,1,6,6,1,1,6,1,1,1,1,1,6,6,6,6,1,6,6,6,6,1,6,1,6,1,9,1,6,6,6,1,1,6,1,1,6,1,1,1,1,1,1,6,6,9,6,1,6,6,1,1,1,6,6,6,1,1,6,6,6,1,1,1,1,1,1,6,1,6,1,1,1,6,6,6,6,1,1,1,6,1,1,1,1,1,1,6,6,6,1,1,1,1,6,1,1,1,1,1,1,6,1,1,1,1,6,6,1,6,1,1,1,1,1,1,1,6,1,1,6,1,1,1,6,1,1,1,6,6,6,6,6,1,1,1,1,6,6,6,6,1,1,1,1,1,1,6,6,1,6,1,1,1,1,1,1,1,6,1,1,1,6,1,1,6,6,1,1,1,1,1,6,1,9,1,1,1,6,1,1,6,6,1,1,1,1,1,1,1,1,1,1,1,1,6,1,1,1,6,6,1,1,6,1,6,1,6,1,1,6,1,1,1,1,6,1,1,1,1,1,6,1,1,1,1,1,6,1,1,1,1,1,1,6,1,6,1,1,1,1,1,1,1,6,1,1,1,1,6,1,1,1,1,6,1,6,1,1,1,6,1,1,1,1,1,1,6,6,6,1,1,1,1,1,6,6,6,1,1,1,1,1,1,1,1,1,1,6,1,1,1,1,6,1,1,1,1,1,6,1,1,1,1,1,1,1,1,1,1,1,1,1,6,1,1,1,1,1,1,1,1,1,1,6,1,1,1,9,1,1,1,1,1,1,1,1,6,1,1,6,1,1,1,1,1,1,1,1,6,1,1,1,1,9,6,1,1,1,6,1,6,1,1,1,1,1,1,6,1,6,1,6,1,1,1,1,1,1,1,1,6,1,6,1,1,1,1,6,1,1,1,1,1,1,1,1,6,1,1,1,1,1,1,1,1,1,1,1,1,1,1,1,6,1,1,6,6,6,6,1,6,1,6,1,6,1,1,1,1,1,1,1,1,1,1,1,6,1,6,1,6,1,1,1,1,1,1,1,1,1,1,1,6,6,6,1,1,6,1,1,6,6,1,1,6,1,6,1,1,1,1,1,6,6,1,1,1,1,1,6,6,6,6,1,1,6,6,1,6,1,1,1,1,1,1,1,6,6,1,1,1,1,6,1,6,6,1,6,6,1,6,1,1,1,1,6,6,1,1,1,1,1,1,1,1,1,1,1,1,9,9,9,1,1,1,6,1,6,1,1,1,6,1,1,1,1,1,6,1,1,1,1,1,1,1,1,6,6,1,1,6,1,6,1,1,1,1,6,6,6,6,6,6,1,1,1,1,1,1,1,6,1,1,1,6,1,1,6,1,1,1,1,1,1,1,1,1,1,1,1,1,1,6,6,6,6,1,1,1,1,1,1,6,1,1,1,1,1,6,1,1,1,1,1,6,1,1,1,1,1,1,1,1,1,9,6,1,1,1,1,6,1,1,1,6,1,1,1,6,6,6,6,1,1,1,1,1,1,1,1,1,1,1,1,1,1,1,1,1,1,1,1,1,6,1,1,1,1,1,1,1,1,1,1,1,1,1,1,1,1,1,1,1,6,1,1,1,1,1,1,1,1,1,1,1,1,1,1,1,1,1,1,1,1,1,1,1,1,1,9,1,1,1,1,1,1,1,1,1,1,1,1,1,1,1,1,1,1,1,1,1,1,1,1,1,1,1,1,1,1,1,1,1,1,1,1,1,1,1,1
300,21563,WESTERMAN,200,1,1,1,6,1,6,1,1,1,1,1,6,6,6,6,6,6,6,6,1,6,1,1,1,1,1,1,6,6,1,1,1,1,1,1,6,6,6,6,6,6,6,6,1,6,6,6,6,6,1,1,6,1,1,1,6,1,1,1,1,1,1,6,1,1,1,1,1,1,1,1,1,1,1,1,1,1,1,1,1,1,1,1,1,1,1,1,1,1,1,1,1,1,1,1,1,1,1,1,1,1,1,1,1,6,6,6,6,6,6,6,6,1,1,1,1,6,6,1,1,6,1,6,6,1,1,1,1,1,1,6,1,6,6,1,1,1,1,6,6,6,6,6,6,6,6,1,6,6,6,1,6,6,6,6,6,1,1,1,1,1,1,1,6,6,6,1,1,1,1,6,1,1,1,1,1,1,1,1,1,1,6,1,6,1,1,1,1,1,1,1,1,1,1,1,1,1,1,1,1,1,1,1,6,1,6,1,1,1,1,1,1,1,6,1,1,1,1,1,1,1,1,1,1,1,1,1,1,1,1,1,1,1,1,1,1,1,1,1,1,1,6,1,1,1,1,1,6,1,1,1,1,1,1,1,1,1,1,1,1,1,1,1,1,1,6,1,1,1,1,1,1,1,1,1,1,1,6,6,6,1,6,1,1,1,1,1,1,1,1,1,6,1,1,1,1,1,1,1,1,1,1,1,6,1,1,1,1,1,1,1,1,6,1,1,1,6,1,1,1,1,1,1,1,1,1,1,1,1,1,1,6,1,1,6,1,1,1,1,6,1,6,1,1,1,1,1,1,6,6,1,6,1,1,1,6,6,6,6,6,1,6,6,1,6,1,1,1,1,6,1,1,1,1,1,6,1,1,1,1,1,1,1,6,6,6,6,6,6,1,1,1,1,6,6,6,1,6,6,6,1,1,6,6,1,1,1,1,1,1,1,1,9,1,1,1,6,1,6,6,6,6,6,6,1,1,1,1,6,6,6,1,6,1,1,1,1,1,1,1,1,1,1,1,1,6,1,1,6,1,1,1,1,1,6,1,1,6,6,6,6,1,1,6,6,6,1,1,1,6,1,6,1,6,6,6,1,1,6,1,1,6,1,1,1,1,1,1,6,6,1,6,1,6,6,1,1,6,6,6,6,6,1,6,6,6,1,1,1,1,1,1,6,1,6,1,1,1,6,6,6,6,1,1,6,6,1,1,1,1,1,1,1,6,6,1,1,1,1,6,1,1,1,1,1,1,6,1,1,1,1,6,6,1,6,1,1,1,1,1,1,1,6,1,1,6,1,1,1,6,1,1,1,6,6,6,6,6,1,1,1,1,1,6,6,6,1,1,1,9,1,1,6,6,1,6,1,1,1,1,1,1,1,6,1,1,1,1,1,1,1,6,1,1,1,1,1,6,1,1,1,1,1,1,1,1,1,6,1,1,1,1,1,1,1,1,1,1,1,1,6,1,1,1,6,6,1,1,6,1,1,1,6,1,1,6,1,1,1,1,6,1,1,1,1,1,1,1,1,1,1,1,6,1,1,1,1,1,1,6,1,6,1,1,1,1,1,1,1,6,1,1,1,1,1,1,1,1,1,6,1,1,1,1,1,1,1,1,1,1,1,1,6,6,6,1,1,1,1,1,1,6,6,1,1,1,1,1,1,1,1,1,1,1,1,1,1,1,6,1,1,1,1,1,6,1,1,1,1,1,1,1,1,1,1,1,1,1,1,1,1,1,1,1,1,1,1,1,1,1,1,6,1,1,1,6,1,1,1,1,1,1,6,1,1,6,1,1,1,1,1,1,1,1,6,1,1,1,1,1,6,1,1,1,6,1,6,1,1,1,1,1,1,6,1,6,1,6,1,1,1,1,1,1,1,1,6,1,1,1,1,1,1,6,1,1,1,1,1,1,1,1,6,1,1,1,1,1,1,1,1,1,1,1,1,1,1,1,6,1,1,6,6,1,6,1,6,1,6,1,6,1,1,1,1,1,1,1,1,1,1,1,6,1,6,1,1,1,1,1,1,1,1,1,1,1,1,1,1,6,6,1,1,6,1,1,6,6,1,1,6,1,1,9,9,9,1,1,1,6,1,1,1,1,1,6,6,6,6,1,1,6,6,1,6,1,1,1,1,1,1,1,1,6,1,1,1,1,1,1,6,6,1,6,6,1,6,1,1,1,1,6,6,1,1,1,9,1,1,1,1,1,1,1,1,1,1,1,1,1,1,6,1,6,1,1,1,6,1,1,1,1,1,6,1,1,1,1,1,1,1,1,6,6,1,1,6,1,6,1,1,1,1,6,6,6,6,6,6,1,1,1,1,1,1,1,6,1,1,1,6,1,1,6,1,1,1,1,1,1,1,1,1,1,1,1,1,1,6,6,6,1,1,1,1,1,1,1,6,1,1,1,1,1,6,1,1,1,1,1,6,1,1,1,1,1,1,1,1,6,1,6,1,1,1,1,6,1,1,1,6,1,1,1,6,6,6,6,1,1,1,1,1,1,1,1,1,1,1,1,1,1,1,1,1,1,1,1,1,6,1,1,1,1,1,1,1,1,1,1,1,1,1,1,1,1,1,1,1,1,1,1,1,1,1,1,1,1,1,1,1,1,1,1,1,1,1,1,1,1,1,1,1,1,1,1,1,1,1,1,1,1,1,9,1,1,1,1,1,1,1,1,1,1,1,1,1,1,1,1,1,1,1,1,1,1,1,1,1,1,1,1,1,6,1,1
301,21564,DAVIDSON,200,1,1,1,6,1,6,1,1,1,1,1,6,6,6,6,6,6,6,6,1,6,1,1,1,1,1,1,6,6,1,1,1,1,1,1,6,6,6,6,6,6,6,6,1,6,6,6,6,6,1,1,6,1,1,1,6,1,1,1,1,1,1,6,1,1,1,1,1,1,1,1,1,1,1,1,9,1,1,1,1,1,1,1,1,1,1,1,1,1,1,1,1,1,1,1,1,1,1,1,1,6,1,1,1,6,6,6,6,6,6,6,6,1,1,1,1,6,6,1,1,6,1,6,6,1,1,1,1,1,1,6,1,9,6,1,1,1,1,6,6,6,6,6,6,6,6,1,6,6,6,1,6,6,6,6,6,1,1,1,1,1,1,1,6,6,6,1,1,1,1,1,1,1,1,1,1,1,1,1,1,1,6,1,6,1,1,1,1,1,1,1,1,1,1,1,1,1,1,1,1,6,1,1,6,1,6,1,1,1,1,1,1,1,6,1,1,1,1,1,1,1,1,1,1,1,1,1,1,1,1,1,1,1,1,1,1,1,1,1,1,1,6,1,1,1,1,1,6,1,1,1,1,1,1,1,1,1,1,1,1,1,1,1,1,1,6,6,1,1,1,1,1,1,1,1,1,1,6,6,9,1,6,1,1,1,1,1,1,1,1,1,6,1,1,1,1,1,1,1,1,1,1,1,6,1,1,1,1,1,1,1,1,6,1,1,1,6,1,1,1,1,1,1,1,1,1,1,1,1,1,1,1,6,1,6,1,1,1,1,6,1,6,1,1,1,1,1,9,6,6,1,6,1,1,1,6,6,6,6,6,1,6,6,1,6,1,1,1,1,1,1,1,1,1,1,6,1,1,1,1,1,1,1,6,6,6,6,6,6,1,1,1,1,6,6,6,1,6,6,6,1,6,6,6,1,6,1,1,1,1,1,1,1,1,1,1,6,1,6,6,6,6,6,6,1,1,1,1,6,6,6,6,6,1,1,1,1,1,1,1,1,1,1,1,1,1,1,1,6,1,1,1,1,1,1,1,1,6,6,6,6,6,1,6,6,1,1,1,1,6,1,6,1,6,6,6,1,1,6,1,1,6,1,1,1,1,1,1,6,6,1,6,1,6,6,1,1,6,6,6,6,6,6,6,6,6,1,1,1,1,1,1,6,1,6,1,1,1,6,6,6,6,1,1,6,6,1,6,1,1,1,1,6,6,6,1,1,1,1,6,1,1,1,1,1,1,6,1,1,1,1,6,6,1,6,1,1,1,1,1,1,1,6,1,6,6,1,1,1,1,1,1,1,6,6,6,6,6,1,1,1,1,1,6,6,6,1,1,1,1,1,1,6,6,1,6,1,1,1,1,1,1,1,6,1,1,1,1,1,1,1,6,1,1,1,1,1,6,1,1,1,6,1,1,1,1,1,6,1,1,1,1,1,1,1,1,1,1,1,1,6,1,1,1,6,6,1,1,6,1,1,1,6,6,1,1,1,1,1,1,6,1,1,1,1,1,1,1,1,6,1,1,6,1,1,1,1,1,1,6,1,6,1,1,1,1,9,1,6,6,1,1,1,1,1,1,1,1,1,6,1,1,1,1,1,1,1,6,1,1,1,1,6,6,6,1,1,1,1,1,1,1,6,6,1,1,1,1,1,1,1,1,1,1,1,1,1,1,6,1,1,1,1,1,6,1,1,1,1,1,1,1,1,1,1,1,1,1,1,1,1,1,1,1,1,1,1,1,1,1,1,6,1,1,1,6,1,1,1,1,1,1,6,1,1,6,1,1,6,1,1,1,1,1,6,1,6,6,1,1,6,1,1,1,6,1,6,1,1,1,1,1,1,6,1,6,1,6,1,1,1,1,1,1,1,1,6,1,6,1,6,1,1,6,1,1,1,1,1,1,1,1,6,1,1,1,1,1,1,1,1,1,1,1,1,1,1,1,6,1,1,6,1,1,6,1,6,1,1,1,6,1,1,1,1,1,1,1,1,1,9,1,6,1,6,1,1,1,1,1,1,1,1,1,6,1,1,1,1,1,6,1,1,1,1,1,6,1,1,1,6,6,1,1,1,1,1,1,1,6,1,1,1,1,1,6,6,6,6,1,1,6,6,1,6,1,1,1,1,1,1,1,1,6,1,1,1,1,1,1,6,6,1,6,6,1,6,1,1,1,1,6,6,6,1,1,1,1,1,1,1,1,1,1,1,6,1,1,9,9,1,6,1,6,1,1,1,6,1,1,1,1,1,6,1,1,1,1,1,1,6,1,6,6,1,1,6,1,6,1,1,1,1,1,1,1,6,6,6,1,1,1,1,1,1,1,6,1,1,1,6,1,1,6,1,1,1,1,1,1,1,1,1,1,1,1,1,1,6,6,6,1,1,1,1,1,1,1,6,1,1,1,1,1,6,1,1,1,1,1,6,1,1,1,1,1,1,1,1,6,1,6,1,1,1,1,6,1,1,1,6,1,1,1,6,6,6,6,1,1,1,1,1,1,1,6,1,1,1,1,6,6,1,6,6,1,1,1,1,6,1,1,1,1,1,1,1,1,1,1,6,1,1,1,1,1,1,1,9,6,6,1,6,6,1,1,1,1,6,1,6,6,1,9,1,9,1,1,1,1,1,1,1,1,1,1,1,1,1,1,1,1,1,1,1,1,1,1,1,1,1,1,1,1,1,1,1,1,6,1,1,1,1,1,6,1,1,1,1,1,1,1,1,1,1,6
302,21565,COMER,200,1,1,1,6,1,6,1,1,1,1,1,6,6,6,6,6,6,6,6,1,6,1,1,1,1,1,1,6,6,1,1,1,1,1,1,6,6,6,6,6,6,6,6,1,6,6,6,6,6,1,1,6,1,1,1,6,1,1,1,1,1,1,6,1,1,1,1,1,1,1,1,1,1,1,1,1,1,1,1,1,1,1,1,1,1,1,1,1,1,1,1,1,1,1,1,1,1,1,1,1,1,1,1,1,6,6,6,6,6,6,6,6,1,1,1,1,6,6,1,1,6,1,6,6,1,1,1,1,1,1,6,1,6,6,1,1,1,1,6,6,6,6,6,6,6,6,1,6,6,6,1,6,6,6,6,6,1,1,1,1,1,1,1,6,6,6,1,1,1,1,1,9,9,9,1,1,1,1,1,1,1,6,1,6,1,1,1,1,6,1,1,1,1,1,1,1,1,1,1,1,1,1,1,6,1,6,1,1,1,1,1,1,1,6,1,1,1,1,1,1,1,1,1,1,1,1,6,1,1,1,1,1,1,1,1,1,1,1,1,1,1,6,1,6,1,1,1,1,1,6,1,1,1,1,1,1,1,1,1,1,1,1,1,1,1,6,6,1,1,1,1,1,1,1,1,1,1,6,6,6,1,6,1,1,1,1,1,1,1,1,1,6,1,1,1,1,1,1,1,1,1,1,6,6,1,1,1,1,1,1,1,1,6,1,1,1,6,1,1,1,1,1,1,1,1,6,1,1,1,1,1,6,1,6,6,1,1,1,1,6,1,6,1,1,1,1,1,1,6,6,1,6,1,1,6,6,6,6,6,6,1,6,6,1,6,1,1,1,1,1,1,1,1,1,1,6,1,1,1,1,1,1,1,6,6,6,6,6,6,1,1,1,1,6,6,6,1,6,6,6,1,1,6,6,1,1,1,1,1,1,1,1,1,1,1,1,6,1,6,6,6,6,6,6,1,1,1,1,6,6,6,6,6,1,1,1,1,1,1,1,1,1,6,1,1,6,1,1,6,1,1,1,1,1,1,1,1,6,6,6,6,1,1,6,6,1,1,1,1,6,1,6,1,6,6,6,1,1,6,1,1,6,1,1,1,1,1,1,6,6,1,6,1,6,6,6,1,6,6,6,6,6,6,6,6,6,1,1,1,1,1,1,6,1,6,1,1,1,6,6,6,6,1,1,6,6,1,1,1,1,1,1,6,6,6,1,1,1,1,6,1,1,1,1,1,1,6,1,1,1,1,6,6,1,6,1,1,1,1,1,1,1,6,1,6,6,1,1,1,6,1,1,1,6,6,6,6,6,1,1,1,1,6,6,6,6,1,1,1,1,1,1,6,6,1,6,6,1,1,1,1,1,1,6,1,1,1,1,1,1,1,6,1,1,1,1,1,6,1,1,1,1,1,6,1,1,6,6,1,1,1,1,1,1,1,1,1,1,1,1,6,1,1,1,6,6,1,1,6,1,1,1,6,1,1,1,1,1,1,1,6,1,1,1,1,1,6,1,1,1,1,1,6,1,1,1,1,1,1,6,1,6,1,1,1,1,1,1,1,6,1,1,1,1,6,1,1,1,1,6,1,6,1,1,1,6,1,6,1,1,1,1,9,6,6,1,1,1,1,1,1,1,6,1,1,1,1,1,1,1,1,1,1,1,1,1,1,1,6,1,1,1,1,1,6,1,1,1,1,1,1,1,1,1,1,1,1,1,1,1,1,1,1,1,1,1,1,1,1,6,1,6,1,1,1,6,1,1,1,1,1,1,6,1,1,6,1,1,1,1,1,1,1,1,6,1,6,1,1,1,6,1,1,1,6,1,6,1,1,1,1,1,1,6,1,6,1,6,1,1,1,1,1,1,1,1,6,1,1,1,1,1,1,6,1,1,1,1,1,1,1,1,6,1,1,1,1,1,1,1,1,1,1,1,1,1,1,1,6,1,1,6,6,1,6,1,6,1,6,1,6,1,1,1,1,1,1,1,1,1,1,1,6,1,6,1,1,1,1,1,1,1,1,1,1,1,1,1,6,6,6,1,1,1,1,1,6,1,1,1,6,1,6,1,1,1,1,1,1,6,1,1,1,1,1,6,6,6,6,1,1,6,6,6,1,1,1,1,1,1,1,1,6,6,1,1,1,1,1,1,6,6,1,6,6,1,6,1,1,1,1,6,6,1,1,1,6,1,1,1,1,1,1,1,1,1,1,6,1,1,1,6,1,6,1,1,1,6,1,1,1,1,1,6,1,1,1,1,1,1,9,9,6,6,1,1,6,1,6,1,1,1,1,1,1,6,6,6,6,1,1,1,1,1,1,1,6,1,1,1,6,1,1,6,1,1,1,1,1,1,1,1,1,1,1,1,1,1,6,6,6,1,1,1,1,1,1,1,6,1,1,1,1,1,1,1,1,1,1,1,6,1,1,1,1,1,1,1,1,1,1,6,1,1,1,1,6,1,1,1,6,1,1,1,6,6,6,6,1,1,1,1,1,1,1,1,1,1,1,1,1,1,1,1,1,1,1,1,1,6,1,1,1,1,1,1,1,1,1,1,1,1,1,1,1,1,1,1,1,6,1,1,1,1,1,1,1,1,1,1,1,1,1,1,1,1,1,1,1,1,1,1,1,1,1,1,1,1,1,1,1,1,1,9,1,1,1,1,1,1,1,1,1,1,1,1,1,1,1,1,1,1,1,1,6,1,1,1,1,1,1,1,1,6,1,1
303,21566,EVANS,100,6,6,6,1,6,1,6,6,6,7,6,1,1,1,1,1,1,1,1,6,1,6,1,1,6,6,1,1,1,1,9,9,9,6,6,1,1,1,1,1,1,1,1,6,1,1,1,1,1,6,6,1,6,9,6,1,6,6,1,1,6,6,1,6,1,1,6,6,6,6,6,6,6,6,6,6,9,1,1,6,6,6,6,6,1,1,6,6,6,6,6,6,6,6,6,6,6,6,1,6,1,6,6,1,1,1,1,1,1,1,1,1,6,6,6,6,1,1,6,6,1,6,1,1,6,1,6,6,6,6,1,6,9,1,1,1,6,6,1,1,1,1,1,1,1,1,6,1,1,1,6,1,1,1,1,1,6,1,1,6,6,6,6,1,1,1,6,6,1,1,6,1,1,1,6,6,1,6,6,1,6,1,1,1,6,1,6,6,6,6,6,1,6,1,1,6,6,6,6,6,6,6,6,1,6,1,6,1,1,6,6,6,6,1,6,6,6,6,6,9,1,1,6,6,1,1,6,6,6,1,1,1,6,6,1,1,1,1,6,6,1,1,6,1,6,6,1,1,1,1,6,6,1,1,6,1,1,6,6,6,1,6,6,6,1,1,6,6,6,6,6,1,6,6,6,1,1,1,1,1,6,1,6,1,1,1,6,6,6,6,6,1,6,6,6,6,6,6,1,1,6,6,6,1,6,6,6,1,1,6,6,6,1,6,6,6,1,6,1,1,1,1,1,6,6,6,1,1,1,6,6,1,6,6,1,6,1,6,6,1,6,1,6,1,1,6,6,1,1,1,6,1,6,6,6,1,1,1,1,1,6,1,1,6,1,6,6,6,6,1,6,6,6,6,1,1,1,1,1,1,6,6,1,1,1,1,1,1,1,6,6,6,6,1,1,1,6,1,1,1,6,1,1,1,6,6,6,1,6,6,6,1,6,6,6,6,1,6,1,1,1,1,1,1,6,6,6,6,1,1,1,1,1,6,6,1,1,1,1,1,6,6,1,6,6,6,6,6,6,6,6,6,6,6,6,6,6,1,1,1,1,6,6,1,1,6,6,6,6,1,6,1,6,1,1,1,6,6,1,6,6,1,6,1,6,6,6,6,1,1,6,1,6,1,1,6,6,1,1,1,1,1,6,1,1,1,6,6,6,6,6,6,1,6,1,6,6,6,1,1,1,1,6,6,1,1,6,1,6,1,6,6,6,1,1,6,6,6,1,1,6,6,1,1,6,6,1,6,1,6,6,1,1,6,1,6,1,1,6,6,1,1,1,1,1,1,1,1,1,1,6,6,1,1,1,1,1,1,6,1,6,6,1,1,1,1,6,6,1,1,6,6,1,1,6,1,6,1,6,6,6,6,6,1,6,1,1,1,6,6,1,1,6,1,6,6,1,1,1,1,6,1,1,1,6,6,6,1,6,1,6,6,1,1,1,6,1,1,6,6,1,6,6,6,1,1,6,1,1,6,1,6,1,1,1,6,6,6,6,1,1,6,1,6,6,1,6,1,6,1,1,1,1,6,6,6,6,6,6,1,6,1,6,6,1,1,6,6,1,1,6,1,6,1,1,6,6,6,1,1,6,1,6,6,1,6,6,6,1,1,1,1,6,6,6,6,6,6,6,1,1,1,1,6,1,1,1,6,6,1,1,6,1,1,6,6,6,6,1,6,6,1,6,6,7,6,6,6,6,1,6,1,1,6,6,6,1,1,6,6,6,6,6,6,6,6,6,1,1,1,6,1,6,6,6,1,1,1,6,6,1,1,1,6,6,1,6,1,1,6,6,6,6,6,1,6,1,1,1,1,1,6,6,6,1,6,1,6,1,1,6,6,1,1,6,1,6,1,6,6,6,1,1,6,6,1,1,6,6,6,6,1,1,1,1,1,1,1,1,6,6,6,1,6,6,1,1,1,1,6,6,1,1,1,1,1,6,6,1,6,1,1,6,6,6,6,1,1,6,6,1,1,6,1,1,6,6,6,6,6,6,6,1,6,6,1,1,9,9,9,6,6,6,1,1,6,6,6,1,6,6,6,6,6,6,6,6,6,6,6,1,6,6,1,1,1,6,6,1,1,6,1,6,6,6,1,1,1,1,6,1,1,1,1,1,6,1,1,1,1,6,6,6,1,1,1,6,6,6,6,1,1,6,1,1,6,1,6,6,6,6,1,1,6,1,1,1,6,6,1,1,1,6,6,6,1,1,1,6,6,6,1,6,1,1,6,6,1,6,6,6,6,6,1,1,1,1,6,6,1,6,1,1,6,6,6,1,1,6,6,6,6,6,6,6,1,1,1,1,1,1,1,6,6,6,6,1,6,6,6,1,6,1,1,6,1,1,6,6,1,1,1,1,7,1,6,6,6,1,1,1,6,6,6,6,6,6,6,1,6,6,6,6,6,1,6,6,6,6,6,1,6,1,1,6,6,6,6,6,1,1,1,6,6,6,1,1,1,6,6,1,1,6,6,1,1,1,1,6,6,1,1,1,6,1,1,1,1,6,6,1,1,6,1,6,6,6,6,6,1,6,1,1,1,6,1,6,1,1,6,1,1,1,1,1,1,1,6,6,1,1,1,1,1,1,1,1,1,1,1,1,1,6,1,1,1,1,1,1,1,1,1,1,1,1,1,1,1,1,6,1,1,1,6,6,6,6,1,6,1,1,1,1,1,1,1,1,1,1,1,1,6,1,1,1,1,1,1,1,1,6,1,1,6,6,1
304,21700,ARRINGTON,200,1,1,1,6,1,6,1,1,1,1,1,6,6,6,6,6,6,6,6,1,6,1,1,1,1,1,1,6,6,1,1,1,1,1,1,6,6,6,6,6,6,6,6,1,6,6,6,6,6,1,1,6,1,1,1,6,1,1,1,1,1,1,6,1,1,1,1,1,1,1,1,1,1,1,1,1,1,1,1,1,1,1,1,1,1,1,1,1,1,1,1,1,1,1,1,1,1,1,1,1,1,1,1,6,6,6,6,6,6,6,6,6,1,1,1,1,6,6,1,1,6,1,6,6,1,1,1,1,1,1,6,1,6,6,1,1,1,1,6,6,6,6,6,6,6,6,1,6,6,6,1,6,6,6,6,6,1,1,1,1,1,1,1,6,6,6,1,1,1,1,1,1,1,1,1,1,1,1,1,1,1,6,1,6,1,1,1,1,1,1,1,1,1,1,1,1,1,1,1,1,1,1,1,6,1,6,1,1,1,1,1,1,1,6,1,1,1,1,1,1,1,1,1,1,1,1,1,1,1,1,1,1,1,1,1,9,1,1,1,1,1,6,1,1,1,1,1,6,1,1,1,1,1,1,1,1,1,1,1,1,1,1,1,1,1,6,1,1,1,1,1,1,1,1,1,1,1,6,6,6,1,6,1,1,1,1,1,1,1,1,1,6,1,1,1,1,1,1,1,1,1,1,1,6,1,1,1,1,1,1,1,1,6,1,1,1,6,1,1,1,1,1,1,1,1,1,1,1,1,1,1,1,1,6,6,1,1,1,1,6,1,6,1,1,1,1,1,1,6,6,1,6,1,9,1,6,6,6,6,6,1,6,6,6,6,1,1,1,1,6,1,1,1,1,1,6,1,1,1,1,1,1,1,6,6,6,6,6,6,1,1,1,1,6,6,6,1,6,6,6,1,1,6,6,1,1,1,1,1,1,1,1,1,1,6,6,6,1,6,6,6,6,6,6,1,1,6,1,6,6,6,6,6,1,1,1,1,1,1,1,1,1,1,1,1,1,1,1,6,1,1,1,1,1,1,1,1,6,6,6,6,1,1,6,6,1,1,1,1,6,1,6,1,6,6,6,1,1,1,1,1,6,1,1,1,1,1,1,6,6,1,6,6,6,6,1,1,6,6,6,6,6,6,6,6,6,1,1,1,1,1,1,6,1,6,1,1,1,6,6,6,9,1,1,1,6,1,1,1,1,1,1,1,6,6,6,1,1,1,6,1,1,1,1,1,1,6,1,1,1,1,6,6,1,6,1,1,1,1,1,1,1,6,1,1,6,1,1,1,1,1,1,1,6,6,6,6,6,1,1,1,1,1,6,6,6,1,1,1,1,1,1,6,6,1,6,1,1,1,1,1,1,1,6,1,1,1,1,1,1,1,6,1,1,1,1,1,6,1,1,1,1,1,1,1,1,1,6,1,1,1,1,1,1,1,1,1,1,1,1,6,1,1,1,6,6,1,1,6,1,1,1,6,1,1,1,1,1,1,1,6,1,1,1,1,1,1,1,1,1,1,1,6,1,1,1,1,1,1,6,1,6,1,1,1,1,1,1,1,6,1,9,1,1,1,1,1,1,1,6,1,1,1,1,1,1,1,1,9,1,1,1,6,6,6,1,1,1,1,1,1,6,6,1,1,1,1,1,1,1,1,1,1,1,1,1,1,1,6,1,1,1,9,1,6,1,1,1,1,1,1,1,1,1,1,1,1,1,1,1,1,1,1,1,1,1,1,1,1,1,1,1,1,1,1,1,1,1,1,1,1,1,6,1,1,6,1,1,1,1,1,1,1,1,6,1,1,1,1,1,6,1,1,1,6,1,6,1,1,1,1,1,1,6,1,6,1,6,1,1,1,1,1,1,9,1,6,1,1,1,1,1,1,1,1,1,1,1,1,1,1,1,6,1,1,1,1,1,1,1,1,1,1,1,1,1,1,1,6,1,1,6,6,1,6,1,6,1,1,1,6,1,1,1,1,1,1,1,1,1,1,1,9,9,6,1,1,1,1,1,1,1,1,1,1,1,1,1,1,6,6,1,1,6,1,1,6,6,1,1,6,1,9,1,1,1,1,1,1,6,1,1,1,1,1,6,6,6,6,1,1,6,6,1,6,1,1,1,1,1,1,1,1,6,1,1,1,1,1,1,6,6,1,6,6,1,6,1,1,1,1,6,6,1,1,1,1,1,1,1,1,1,1,1,1,1,1,1,1,1,1,6,1,6,1,1,1,6,1,1,1,1,1,6,1,1,1,1,1,1,1,1,6,6,1,1,6,1,6,1,1,1,1,6,6,6,6,6,6,1,1,1,1,1,1,1,6,1,1,1,6,1,1,6,1,1,1,1,1,1,1,1,1,1,1,1,1,1,6,6,6,1,1,1,1,1,1,1,6,1,1,1,1,1,6,1,1,1,1,1,6,1,9,9,1,1,1,1,1,1,1,6,1,1,1,1,6,1,1,1,6,1,1,1,6,6,6,6,1,1,1,1,1,1,1,1,1,1,1,1,1,1,1,1,1,1,1,1,1,6,1,1,1,1,1,1,1,1,1,1,1,1,1,1,1,1,1,1,1,9,1,1,1,1,1,1,1,1,1,1,1,1,1,1,1,1,1,1,1,1,1,1,1,1,1,1,1,1,1,1,1,1,1,9,1,1,1,1,1,1,1,1,1,1,1,1,1,1,1,9,9,9,9,9,9,9,9,9,9,9,9,9,9,9,9,9
305,21701,BACON,200,1,1,1,6,1,6,1,1,1,1,1,6,6,6,6,6,6,6,6,1,6,1,1,1,1,1,1,6,6,1,1,1,1,1,1,6,6,6,6,6,6,6,6,1,6,6,6,6,6,1,1,6,1,1,1,6,1,1,1,1,1,1,6,1,1,6,1,1,1,1,1,1,1,1,1,1,1,1,1,1,1,1,1,1,1,1,1,1,1,1,1,1,1,1,1,1,1,1,1,1,1,1,1,1,6,6,6,6,6,6,6,6,1,1,1,1,6,6,1,1,6,1,6,6,1,1,1,1,1,1,6,1,6,6,1,1,1,1,6,6,6,6,6,6,6,6,1,6,6,6,1,6,6,6,6,6,1,1,1,1,1,1,1,6,6,6,1,1,1,1,1,1,1,1,1,1,1,1,1,1,1,6,1,6,1,1,1,1,1,1,1,1,1,1,1,1,1,1,1,1,1,1,1,6,1,6,1,1,1,1,1,1,1,6,1,1,1,1,1,1,1,1,1,1,1,1,1,1,1,1,1,1,1,1,1,1,1,1,1,1,1,6,1,1,1,1,1,1,1,1,1,1,1,1,1,1,1,1,1,1,1,1,1,1,1,6,1,1,1,1,1,1,1,1,1,1,1,6,6,6,1,6,1,1,1,1,1,1,1,1,1,6,1,1,1,1,1,1,1,1,1,1,1,6,1,1,1,1,1,1,1,1,6,1,1,1,6,1,1,1,1,1,1,1,1,1,1,1,1,1,1,1,1,6,6,1,1,1,1,6,1,6,1,1,1,1,1,1,6,6,1,6,1,1,6,6,6,6,6,6,1,6,6,6,6,6,6,1,1,6,1,1,1,1,1,6,1,1,1,1,1,1,1,6,6,6,6,6,6,1,1,1,1,6,6,6,1,6,6,6,1,1,6,6,1,1,1,1,1,1,1,1,1,1,1,6,6,1,6,6,1,6,6,6,1,1,6,1,6,1,6,6,6,1,1,1,1,1,1,1,1,1,1,1,6,6,1,1,6,6,6,1,1,1,1,1,1,6,6,6,6,1,1,6,6,6,1,6,1,6,1,6,1,1,6,6,1,1,6,1,1,6,1,1,1,1,1,1,6,6,6,1,1,6,6,1,1,1,6,6,1,6,1,6,6,6,6,1,1,1,1,1,1,1,6,1,1,1,6,6,6,6,1,1,1,6,1,1,1,1,1,1,1,6,6,1,1,1,1,6,1,1,1,1,1,1,6,1,1,1,1,6,6,6,6,1,1,1,1,1,1,1,6,1,1,6,1,1,1,1,1,1,1,6,6,6,6,6,1,1,1,1,1,6,6,6,1,1,1,1,1,1,6,6,1,6,1,1,1,1,1,1,1,6,1,1,1,1,1,1,1,6,1,1,1,1,1,6,1,1,1,1,1,1,1,1,1,6,1,1,1,1,1,1,1,1,1,1,1,1,6,1,1,1,1,6,1,1,6,1,1,1,6,1,1,1,1,1,1,1,6,1,1,1,1,1,1,1,1,6,1,1,6,1,1,1,1,1,1,6,1,6,1,1,1,1,1,1,1,6,1,1,1,1,1,1,1,1,1,6,1,1,1,1,1,9,1,1,1,1,1,1,6,6,6,1,1,1,1,1,1,6,6,1,1,1,1,1,1,1,1,1,1,1,1,1,1,1,6,1,1,1,1,1,6,1,1,1,1,1,1,1,1,1,1,1,1,1,1,1,1,1,1,1,1,1,1,1,1,1,1,1,1,1,1,1,1,1,1,1,1,1,6,1,1,6,1,1,1,1,1,1,1,1,6,1,6,1,1,1,6,1,1,1,6,1,6,1,1,1,1,1,1,6,1,6,1,6,1,1,1,1,1,1,1,1,6,1,1,1,1,1,1,1,1,1,1,1,1,1,1,1,6,1,1,1,1,1,1,1,1,1,1,1,1,1,1,1,6,1,1,6,6,6,6,1,6,1,6,1,6,1,1,1,1,1,1,1,1,1,1,1,6,1,6,1,1,1,1,1,1,1,1,1,1,1,1,1,1,6,6,1,1,6,1,1,6,6,1,1,6,1,1,1,1,1,1,1,1,6,1,1,1,1,1,6,6,6,6,1,1,6,6,6,6,1,1,1,1,1,1,1,1,6,1,1,1,1,1,1,1,6,6,6,6,1,6,1,1,1,1,6,6,1,1,1,1,1,1,1,1,1,1,1,1,1,1,1,1,1,1,6,1,6,1,1,1,6,1,1,1,1,1,6,1,1,1,1,1,1,1,1,6,1,1,1,6,1,1,1,1,1,1,1,1,1,6,6,6,1,1,1,1,1,1,1,6,1,1,1,6,1,1,6,1,1,1,1,1,1,1,1,1,1,1,1,1,1,6,6,6,6,1,1,1,1,1,1,6,1,1,1,6,1,1,1,1,1,1,1,6,1,1,1,1,1,1,1,1,1,1,6,1,1,1,1,6,1,1,1,6,1,1,1,6,6,6,6,1,1,1,1,1,1,1,1,1,1,1,1,1,1,1,1,1,1,1,1,1,6,1,1,1,1,1,1,1,1,1,1,1,1,1,1,1,1,1,1,1,1,1,1,1,1,1,1,1,1,1,1,1,1,1,1,1,1,1,1,1,1,1,1,1,1,1,1,1,1,1,1,1,1,1,1,1,1,1,1,1,1,1,1,1,1,1,1,1,1,1,1,1,1,1,1,1,1,1,1,1,1,1,1,1,1,1,1
306,21702,BANKS,200,1,1,1,6,1,6,1,1,1,1,1,6,6,6,6,6,6,6,6,1,6,1,1,1,1,1,1,6,6,1,1,1,1,1,1,6,6,6,6,6,6,6,6,1,6,6,6,6,6,1,1,6,1,1,1,6,1,1,1,1,1,1,6,1,1,1,1,1,1,1,1,1,1,1,1,1,1,1,1,1,1,1,1,1,1,1,1,1,1,1,1,1,1,1,1,1,1,1,1,1,1,1,1,6,6,6,6,6,6,6,6,6,1,1,1,1,6,6,1,1,6,1,6,6,1,1,1,1,1,1,6,1,6,6,1,1,1,1,6,6,6,6,6,6,6,6,1,6,6,6,1,9,6,6,6,6,1,1,1,1,1,1,1,6,6,6,1,1,1,1,1,1,1,1,1,1,1,1,1,1,1,6,1,6,1,1,1,1,1,1,1,1,1,1,1,1,1,1,1,1,1,1,1,6,1,6,1,1,1,1,1,1,1,6,1,1,1,1,1,1,1,1,1,1,1,1,1,1,1,1,1,1,1,1,1,1,1,1,1,1,1,6,1,1,1,1,1,6,1,1,1,1,1,1,1,1,1,1,1,1,1,1,1,1,1,6,6,1,1,1,1,1,1,1,1,1,1,6,6,6,1,6,1,1,1,1,1,1,1,1,1,6,1,1,1,1,1,1,1,1,1,1,1,6,1,1,1,1,1,1,1,1,6,1,9,1,6,1,6,1,1,1,1,1,1,1,1,1,1,1,1,1,1,6,6,1,1,1,1,6,1,6,1,1,1,1,1,1,6,6,1,6,1,1,1,6,6,6,6,6,1,6,6,6,6,1,1,1,1,6,1,1,1,1,1,6,1,1,1,1,1,1,1,6,6,6,6,6,6,1,1,1,1,6,6,6,1,6,6,6,1,1,6,6,1,1,1,1,1,1,1,1,1,1,1,1,6,1,6,6,6,6,6,6,1,1,1,1,6,1,6,6,6,1,1,1,1,1,1,1,1,1,1,1,1,1,1,1,6,1,1,1,1,1,1,1,1,6,6,6,6,1,1,6,6,1,1,1,1,6,1,6,1,6,6,6,1,1,6,1,1,6,1,1,1,1,1,1,6,6,1,1,1,6,6,1,1,6,6,6,6,6,6,6,6,6,1,1,1,1,1,1,6,1,6,1,1,1,6,6,6,6,1,1,6,6,1,1,1,1,1,1,1,6,6,1,1,1,1,6,1,1,1,1,1,1,6,1,1,1,1,6,6,1,6,1,1,1,1,1,1,1,6,1,6,6,1,1,1,1,1,1,1,6,6,6,6,6,1,1,1,1,1,6,6,6,1,1,1,1,1,1,6,6,1,6,1,1,1,1,1,1,1,6,1,1,1,1,1,1,1,6,1,1,1,1,1,6,1,1,1,1,1,1,1,1,1,6,1,1,1,1,1,1,1,1,1,1,1,1,6,1,1,1,6,6,1,1,6,1,1,1,6,1,1,1,1,1,1,1,6,1,1,1,1,1,1,1,1,1,1,1,6,1,1,1,1,1,1,6,1,6,1,1,1,1,1,1,1,6,1,1,1,1,1,1,1,1,1,6,1,1,1,1,1,1,1,6,1,1,1,1,6,6,6,1,1,1,1,1,1,6,6,1,1,1,1,1,1,1,1,1,1,1,1,1,1,1,6,1,1,1,1,1,6,1,1,1,1,1,1,1,1,1,1,1,1,1,1,1,1,1,1,1,1,1,1,1,1,1,1,1,1,1,1,1,1,1,1,1,1,1,6,1,1,6,1,1,1,1,1,1,1,1,6,1,6,1,1,1,6,1,1,1,6,1,6,1,1,1,1,1,1,6,1,6,1,6,1,1,1,1,1,1,1,1,6,1,1,1,1,1,1,1,1,1,1,1,1,1,1,1,6,1,1,1,1,1,1,1,1,1,1,1,1,1,1,1,6,1,1,6,6,1,6,1,6,1,1,1,6,1,1,1,1,1,1,1,1,1,1,1,6,1,6,1,1,1,1,1,1,1,1,1,1,1,1,1,1,1,1,1,1,1,1,1,1,1,6,1,6,1,1,1,1,1,1,1,1,6,1,1,1,1,1,6,6,6,6,1,1,6,6,1,6,1,1,1,1,1,1,1,1,6,1,1,1,1,1,1,6,6,1,6,6,1,6,1,1,1,6,6,6,1,1,1,1,1,1,1,1,1,1,1,1,9,9,9,1,1,1,6,1,6,1,1,1,6,1,1,1,1,1,6,1,1,1,1,1,1,1,1,6,6,1,1,6,1,1,1,1,1,1,1,1,1,6,6,6,1,1,1,1,1,1,1,6,1,1,1,6,1,1,6,1,1,1,1,1,1,1,1,1,1,1,1,1,1,6,6,6,1,1,1,1,1,1,1,6,1,1,1,1,1,6,1,1,1,1,1,6,1,1,1,1,1,1,1,1,6,1,6,1,1,1,1,6,1,1,1,6,1,1,1,6,6,6,6,1,1,1,1,1,1,1,1,1,1,1,1,1,6,1,1,1,1,1,1,1,6,1,1,1,1,1,1,1,1,1,1,6,1,1,1,1,1,1,1,1,1,1,1,1,1,1,1,1,1,1,1,1,1,1,1,1,1,1,1,1,1,1,1,1,1,1,1,1,1,1,1,1,1,1,1,1,1,1,1,1,1,1,1,1,1,1,1,1,1,1,1,1,1,1,1,1,1,1,1,1,1,1,1,1,1,1,1
307,21703,BARRAGÁN,100,6,6,6,1,6,1,6,6,6,1,6,1,1,1,1,1,1,1,1,6,1,6,1,1,6,6,6,1,1,6,6,6,1,6,6,1,1,1,1,1,1,1,1,6,1,1,1,1,1,6,6,1,6,6,6,1,6,6,1,1,6,6,1,6,1,1,6,6,6,6,6,6,6,6,6,6,6,1,1,6,6,6,6,6,1,1,6,6,6,6,6,6,6,6,6,6,6,6,1,6,1,6,6,1,1,1,1,1,1,1,1,1,6,6,6,6,1,1,6,6,1,6,1,1,6,1,6,6,6,6,1,6,9,1,1,1,6,6,1,1,1,1,1,1,1,1,6,1,1,1,6,1,1,1,1,1,6,1,1,6,6,6,6,1,1,1,6,6,9,1,6,1,1,1,6,6,1,6,6,1,6,1,1,1,6,1,6,6,6,6,6,1,6,1,1,6,6,6,6,6,6,6,6,1,6,1,6,1,1,6,6,6,6,1,6,6,6,6,1,1,1,1,6,6,1,1,6,6,6,1,1,1,6,6,1,1,1,1,6,6,1,1,6,6,6,6,1,6,1,6,6,6,6,1,6,1,1,6,6,6,1,6,6,6,1,1,6,1,1,6,6,1,6,6,6,1,1,1,1,1,6,1,1,1,1,1,6,6,6,6,6,1,6,6,6,6,6,6,1,1,6,6,6,1,6,6,6,1,1,6,6,6,1,6,6,6,1,6,1,6,1,1,1,6,6,6,1,1,1,6,6,6,6,6,1,6,1,6,6,1,6,1,6,1,1,6,6,1,1,1,6,1,6,6,6,1,1,1,1,1,6,1,1,6,1,6,6,6,6,6,6,6,6,6,1,1,6,1,1,1,6,6,1,1,1,1,1,1,1,6,6,6,6,1,1,1,6,1,1,1,6,1,1,1,6,6,6,1,6,6,6,1,6,6,6,6,1,6,1,1,1,1,1,1,6,6,6,6,1,1,1,1,1,6,6,1,1,1,1,1,6,6,6,6,6,6,6,6,1,6,6,6,6,6,6,6,6,1,1,1,1,6,6,1,1,6,6,6,6,1,6,1,6,1,1,1,6,6,1,6,6,1,6,1,6,6,6,6,1,1,6,1,6,1,1,6,6,1,1,1,1,1,6,1,1,1,6,6,6,6,6,6,1,6,1,6,6,6,1,1,1,1,6,6,1,1,6,1,6,1,6,6,6,1,1,6,6,6,1,1,6,6,1,1,6,6,1,6,1,6,6,1,1,6,1,6,1,1,6,6,1,1,1,1,1,1,1,1,1,6,9,9,9,9,9,9,9,9,9,9,6,6,6,1,1,1,6,6,1,9,9,9,9,9,9,9,9,9,6,6,6,6,1,1,6,1,1,6,6,6,6,1,6,1,6,6,1,1,6,1,6,1,1,6,6,6,6,1,6,6,6,6,1,1,1,6,1,6,6,6,1,6,6,6,1,1,6,1,1,6,6,6,1,1,1,6,6,6,6,1,1,6,1,6,6,1,6,1,6,1,1,1,1,1,6,6,6,6,1,1,1,1,6,6,1,1,6,6,1,1,6,1,6,1,6,6,6,6,1,1,6,6,6,6,1,6,6,6,1,1,1,1,6,6,6,6,6,6,6,1,6,1,1,6,1,1,1,6,6,1,1,6,1,6,6,6,6,6,1,6,6,1,6,6,6,6,6,6,6,1,6,1,1,6,6,6,1,1,6,6,6,6,6,6,6,6,6,9,9,9,9,9,9,6,6,6,1,1,6,6,1,1,1,6,6,1,6,1,1,6,6,6,6,6,1,6,1,1,1,1,1,6,6,6,1,6,1,6,1,1,6,6,1,1,6,1,6,1,6,6,6,1,1,6,6,1,1,1,6,6,6,1,1,6,1,1,1,1,6,6,6,6,1,6,6,1,1,1,1,6,6,1,1,1,1,1,6,6,1,6,1,1,6,6,1,6,1,1,6,6,1,1,6,1,1,6,6,6,6,6,6,6,1,6,6,1,6,1,1,1,6,6,6,1,6,1,6,6,6,6,6,6,6,6,6,6,6,6,1,6,1,6,6,1,1,1,6,6,6,1,6,1,6,6,6,1,6,1,1,6,1,6,6,1,1,6,6,9,9,9,6,6,6,1,1,1,6,6,6,6,1,1,6,1,1,6,1,6,6,6,6,1,1,6,1,1,6,6,6,1,1,1,6,6,6,1,1,6,6,6,6,1,6,1,1,6,6,1,6,6,6,6,6,1,1,1,1,6,6,1,6,1,1,6,6,6,1,1,6,6,6,6,6,6,6,1,1,1,1,1,1,1,6,6,6,6,1,6,6,6,1,6,1,1,6,1,1,6,6,1,1,1,1,7,1,6,6,6,1,1,1,6,6,6,6,6,6,6,6,6,6,6,6,6,1,6,6,6,6,6,1,6,1,1,6,6,6,6,1,1,1,1,6,6,6,1,1,6,6,6,1,1,6,6,1,1,1,1,6,6,1,1,1,6,1,1,1,1,6,6,1,1,7,1,6,6,6,6,6,1,6,1,1,1,6,1,6,1,1,6,1,1,1,1,1,1,1,6,6,6,1,1,1,1,1,1,1,1,1,1,1,1,6,1,1,1,1,1,1,9,1,1,1,1,1,1,1,1,1,6,1,1,1,6,6,6,6,1,6,1,1,1,1,1,1,1,1,1,1,1,1,6,1,1,1,1,1,1,1,1,6,1,1,6,6,1
308,21704,BERGMAN,200,1,1,1,6,1,6,1,1,1,1,1,6,6,6,6,6,6,6,6,1,6,1,1,1,1,1,1,6,6,1,1,1,1,1,1,6,6,6,6,6,6,6,6,1,6,6,6,6,6,1,1,6,1,1,1,6,1,1,1,1,1,1,6,1,1,1,1,1,1,1,1,1,1,1,1,1,1,1,1,1,1,1,1,1,1,1,1,1,1,1,1,1,1,1,1,1,1,1,1,1,1,1,1,1,6,6,6,6,6,6,6,6,1,1,1,1,6,6,1,1,6,1,6,6,1,1,1,1,1,1,6,1,6,6,1,1,1,1,6,6,6,6,6,6,6,6,1,6,6,6,1,6,6,6,6,6,1,1,1,1,1,1,6,6,6,6,1,1,1,1,6,1,1,1,1,1,1,1,1,1,1,6,1,6,1,1,1,1,6,1,1,1,6,1,1,1,1,1,1,1,1,1,1,6,1,6,1,1,1,1,1,1,1,6,1,1,1,1,1,1,1,1,1,1,1,1,6,1,1,1,1,1,6,1,1,1,1,1,1,1,1,6,1,6,1,1,1,1,1,6,1,1,6,1,1,1,1,1,1,1,1,1,1,1,1,6,1,1,1,1,1,1,1,1,1,1,1,6,6,6,1,6,1,1,1,1,1,1,1,1,1,6,1,1,1,1,1,1,1,1,1,1,1,6,1,1,1,1,1,1,1,1,6,1,1,1,6,1,1,1,1,1,1,1,1,1,1,1,1,1,1,1,1,1,6,1,1,1,1,6,1,6,1,1,1,1,1,1,6,6,1,6,1,1,1,6,6,6,6,6,1,6,6,1,6,1,1,6,1,6,1,1,1,1,1,6,1,1,1,1,1,1,1,6,6,6,6,6,6,1,1,1,1,6,6,6,1,6,6,6,1,1,6,6,1,1,1,1,1,1,1,1,1,1,6,6,6,1,6,6,6,6,6,6,1,1,6,1,6,1,6,1,6,1,1,1,1,1,1,1,1,1,1,1,6,6,1,1,6,6,1,1,1,1,1,1,1,6,6,6,6,1,1,6,6,6,1,1,1,6,1,6,6,1,6,6,1,1,1,1,1,6,1,1,1,1,1,6,6,6,6,6,6,6,6,1,1,1,6,6,1,6,1,6,6,6,1,1,1,6,1,1,6,1,6,1,1,1,6,6,6,6,1,1,1,6,1,1,1,1,1,1,6,6,6,1,1,1,1,6,1,1,1,1,1,1,6,1,1,1,1,6,6,1,6,1,1,1,1,1,1,1,6,1,6,6,1,1,1,6,1,1,1,6,6,6,6,6,1,1,1,1,6,6,6,6,1,1,1,1,1,1,6,6,1,6,1,1,1,1,1,1,1,6,1,1,1,6,1,1,6,6,1,1,1,1,1,6,1,1,1,1,1,6,1,1,6,6,1,1,1,1,1,1,1,1,1,1,1,1,6,1,1,1,6,6,1,1,6,1,6,1,6,1,1,6,1,1,1,1,6,1,1,1,1,1,6,1,1,1,1,1,6,1,1,1,1,1,1,6,1,6,1,1,1,1,1,1,1,6,1,1,1,1,1,1,1,1,1,6,1,1,1,1,1,1,1,1,1,1,1,1,6,6,6,1,1,1,1,1,6,6,6,1,1,1,1,1,1,1,1,1,1,6,1,1,1,1,6,1,1,1,1,1,6,1,1,1,1,1,1,1,1,1,1,1,1,1,6,1,1,1,1,1,1,1,1,1,1,6,1,6,1,1,1,1,1,1,1,1,1,1,6,1,1,6,1,1,1,9,9,9,9,9,6,1,6,1,1,1,6,1,1,1,6,1,6,1,1,1,1,1,1,6,1,6,1,6,1,1,1,1,1,1,1,1,6,1,6,1,1,1,1,6,1,1,1,1,6,1,1,1,6,1,1,1,1,1,1,1,1,1,1,1,1,1,1,1,6,1,1,6,6,1,6,1,6,1,6,1,6,1,1,1,1,1,1,1,1,1,1,1,6,1,6,1,6,1,1,1,1,1,1,1,1,1,1,1,6,6,6,6,1,6,1,1,6,6,1,1,6,1,6,1,1,1,1,1,6,6,1,1,1,1,1,6,6,6,6,1,1,1,1,1,6,1,1,1,1,1,1,1,6,6,1,1,1,1,6,1,6,6,6,6,6,6,6,1,1,6,1,6,6,1,1,1,6,1,1,1,1,1,1,1,1,9,9,9,1,1,9,6,1,6,1,1,1,6,1,1,1,1,1,6,1,1,1,1,1,1,1,1,6,1,1,1,6,1,1,6,1,1,1,1,1,1,6,1,6,1,1,1,1,1,1,1,6,1,1,1,6,1,1,6,1,1,1,1,1,1,1,1,1,1,1,1,1,6,6,1,6,6,1,6,1,1,1,1,6,1,1,1,1,1,6,1,1,1,1,9,9,9,1,1,1,1,1,1,1,1,1,6,1,1,1,1,6,1,1,1,6,1,1,1,6,6,6,6,1,1,1,1,1,1,1,1,1,1,1,1,1,1,1,1,1,1,1,1,1,6,1,1,1,1,1,1,1,1,1,1,1,1,1,1,1,1,1,1,1,6,1,1,1,1,1,1,1,1,1,1,1,1,1,1,1,1,1,1,1,1,1,1,1,1,1,1,1,1,1,1,1,1,1,1,1,1,1,1,1,1,1,1,1,1,1,1,1,1,1,1,1,1,1,1,1,1,1,1,1,1,1,1,1,1,1,1
309,21705,BIGGS,200,1,1,1,6,1,6,1,1,1,1,1,6,6,6,6,6,6,6,6,1,6,1,1,1,1,1,1,6,6,1,1,1,1,1,1,6,6,6,6,6,6,6,6,1,6,6,6,6,6,1,1,6,1,1,1,6,1,1,1,1,1,1,6,1,1,1,1,1,1,1,1,1,1,1,1,1,1,1,1,1,1,1,1,1,1,1,1,1,1,1,1,1,1,1,1,1,1,1,1,1,6,1,1,6,6,6,6,6,6,6,6,6,6,1,1,1,6,6,1,1,6,1,6,6,1,1,1,1,1,1,6,1,6,6,1,1,1,1,6,6,6,6,6,6,6,6,1,6,6,6,1,6,6,6,6,6,1,1,1,1,1,1,6,6,6,6,1,1,1,1,6,1,1,1,1,1,1,1,1,1,1,6,1,6,1,1,1,1,6,1,1,1,6,1,1,1,1,1,1,1,1,1,1,6,1,6,1,1,1,1,1,1,1,6,1,1,1,1,1,1,1,1,1,1,1,1,1,1,1,1,1,1,1,1,1,1,1,1,1,1,1,6,1,1,1,1,1,6,1,1,1,1,1,1,6,1,1,1,1,1,1,1,1,1,1,6,1,1,1,1,1,1,1,1,1,1,1,6,6,6,1,6,1,1,1,1,1,1,1,1,1,6,1,1,1,1,1,1,1,1,1,1,6,6,1,1,1,6,6,1,1,1,6,1,1,1,6,1,6,1,6,1,1,1,1,6,6,1,1,1,1,1,1,6,6,1,1,1,1,6,1,6,1,1,6,1,1,1,6,6,1,6,1,1,1,6,6,6,6,6,1,6,6,1,6,1,1,1,1,6,1,1,1,1,1,6,1,1,1,1,1,1,1,6,6,6,6,6,6,1,1,1,1,6,6,6,1,6,6,6,1,6,6,6,1,1,1,1,1,1,1,1,1,1,1,1,6,1,6,6,6,6,6,6,1,1,1,1,6,6,6,6,6,1,1,1,1,1,1,6,1,1,1,1,1,1,1,1,6,1,1,1,1,1,6,1,1,6,6,6,6,1,1,6,6,1,1,1,1,6,1,6,1,6,6,6,1,1,6,1,1,6,1,1,1,1,1,1,6,6,1,6,1,6,6,1,1,6,6,6,6,6,6,6,6,6,1,1,1,1,1,1,6,1,6,1,1,1,6,6,6,6,1,1,6,6,6,1,1,1,1,1,6,6,6,6,1,6,1,6,1,1,1,1,1,1,6,1,9,1,1,6,6,1,6,1,1,1,1,1,1,1,6,1,6,6,1,1,1,6,1,1,1,6,6,6,6,6,1,1,1,1,6,6,6,6,1,1,1,1,1,1,6,6,1,6,1,1,1,1,1,1,1,6,6,1,1,6,1,1,6,6,1,1,1,1,1,6,1,1,1,6,1,6,1,1,6,6,1,1,1,1,1,1,1,1,1,1,1,1,6,1,1,1,6,6,1,6,6,1,9,1,6,1,1,6,1,6,6,1,6,1,6,1,1,6,6,1,6,6,1,1,6,1,1,1,1,1,1,6,1,6,1,1,6,6,1,1,1,6,1,1,1,1,6,1,1,1,1,6,6,6,1,1,1,6,6,6,1,1,1,1,6,6,6,1,1,1,1,1,6,1,6,6,1,1,6,1,1,6,1,6,1,6,1,1,1,1,6,1,6,1,1,1,6,1,1,1,1,1,6,1,1,1,1,1,1,1,6,1,1,1,1,1,1,1,1,1,1,9,1,6,1,1,6,6,1,1,1,1,1,1,6,1,1,6,1,6,6,1,1,1,1,1,6,1,6,6,1,1,6,1,1,1,6,1,6,1,1,1,1,1,1,6,1,6,1,6,1,1,1,6,1,1,1,1,6,1,6,1,6,1,6,6,1,1,1,1,6,1,1,1,6,1,6,1,1,1,1,1,1,1,1,1,1,6,1,1,6,1,1,6,6,1,6,1,6,1,1,1,6,1,1,1,1,1,1,1,1,1,1,6,6,1,6,1,6,1,1,1,1,1,1,1,6,1,1,1,9,1,1,1,1,1,1,1,1,1,1,1,6,6,6,1,1,1,1,1,6,6,1,1,1,1,1,6,6,6,6,1,1,6,6,6,6,1,1,6,6,1,1,1,6,6,1,6,1,1,6,1,6,6,1,6,6,1,6,1,1,1,1,6,6,6,6,1,6,1,1,6,6,1,1,6,6,6,1,1,1,1,1,6,6,6,1,1,1,6,6,1,6,1,1,6,6,1,1,1,1,1,1,1,6,6,1,1,6,1,6,1,1,1,1,1,1,1,6,1,6,1,6,1,1,1,1,1,6,1,1,1,6,1,6,6,1,1,1,1,1,1,6,1,6,1,1,1,1,1,6,1,6,1,1,1,1,1,1,1,6,1,1,1,1,1,6,1,1,1,1,1,6,6,1,6,1,1,1,1,1,6,1,6,1,1,1,1,6,6,1,1,6,6,1,1,6,6,6,6,1,1,6,6,1,1,1,6,6,6,1,1,6,6,1,6,6,1,1,1,1,6,1,6,6,1,6,1,1,6,6,1,6,1,1,6,6,1,1,1,6,6,6,6,6,1,1,6,1,6,1,1,6,6,1,6,6,6,1,1,1,1,1,6,1,1,1,6,1,6,6,6,1,1,1,1,1,1,1,1,1,6,1,1,1,1,1,1,6,1,1,6,6,1,1,6,6,6,6,1,6,6,1,1,6,6,6,6
310,21706,BLUN,100,6,9,6,1,6,1,6,6,6,6,6,1,1,1,1,1,1,1,1,6,1,6,9,9,6,6,1,1,1,1,6,6,1,6,6,1,1,1,1,1,1,1,1,6,1,1,1,1,1,6,6,1,6,6,6,1,6,6,1,1,6,6,1,6,1,1,6,6,6,6,6,6,6,6,6,6,6,1,1,6,6,6,6,6,1,1,6,6,6,6,6,6,6,6,6,6,6,6,1,6,1,6,6,1,1,1,1,1,1,1,1,1,6,6,6,6,1,1,6,6,1,6,1,1,6,1,6,6,6,6,1,6,1,1,1,1,6,6,1,1,1,1,1,1,1,1,6,1,1,1,6,1,1,1,1,1,6,1,1,6,6,6,1,1,1,1,6,6,1,1,1,1,1,1,6,6,1,6,6,1,6,1,1,1,6,1,6,6,6,6,6,1,6,1,1,6,6,6,6,6,6,6,6,1,6,1,6,1,1,6,6,6,6,1,1,6,6,6,1,1,1,1,6,6,1,1,1,6,6,1,1,1,1,6,1,1,1,1,6,6,1,1,6,1,6,6,1,1,1,1,6,6,6,1,6,1,1,6,6,6,1,6,6,6,1,1,6,1,1,6,6,1,6,6,6,1,1,1,1,1,1,1,1,1,1,1,6,6,6,6,6,1,1,6,6,6,6,6,1,1,6,6,1,1,6,1,9,1,1,6,6,6,1,6,6,6,1,6,1,6,1,1,1,6,6,1,1,1,1,6,6,1,6,6,1,6,1,6,6,1,6,1,6,1,1,6,6,1,1,1,6,6,6,6,6,6,1,1,1,1,6,1,1,6,1,6,6,6,6,1,6,6,6,6,1,1,1,1,1,1,6,6,1,1,1,1,1,1,1,6,6,6,6,1,1,1,6,1,1,1,6,1,1,1,6,6,6,1,6,6,6,1,6,6,6,6,1,6,1,1,1,1,1,1,6,6,6,6,1,1,1,1,1,6,6,1,1,1,1,1,6,6,1,6,6,6,6,6,1,6,6,6,6,6,6,6,6,1,1,1,1,6,6,1,1,6,6,6,6,1,6,1,6,1,1,1,6,6,1,6,6,1,6,1,6,6,6,6,1,1,6,1,6,1,1,6,6,1,1,1,1,1,6,1,1,1,6,6,6,6,6,6,1,6,1,6,6,6,1,1,1,1,6,6,1,1,6,1,9,9,6,6,6,1,1,6,6,6,1,1,6,6,1,1,6,6,1,6,1,6,6,9,9,6,1,6,1,1,6,6,1,1,1,1,1,1,1,1,1,1,6,6,1,1,1,1,1,1,6,1,6,6,6,1,1,1,6,6,1,1,6,6,1,1,6,1,6,1,6,6,6,6,1,1,6,1,1,1,6,6,6,1,6,1,6,6,1,1,6,1,6,1,1,1,6,6,6,1,6,1,6,6,1,1,1,6,1,1,6,6,1,6,6,6,1,1,6,1,1,6,6,6,1,1,1,1,1,6,6,1,1,6,1,6,6,1,1,1,6,1,1,1,1,6,6,6,6,6,6,1,6,1,6,6,1,1,6,6,1,1,6,1,1,1,1,6,6,6,1,1,6,6,6,6,1,1,6,6,1,1,1,1,6,9,6,6,6,6,6,1,1,6,1,1,1,1,1,6,6,1,1,6,1,1,6,6,6,6,1,6,6,1,1,6,6,6,6,6,6,1,6,1,1,6,6,9,1,1,1,6,6,6,6,6,6,6,6,1,1,1,6,6,1,6,6,1,9,9,6,6,1,1,1,6,6,1,6,1,1,6,6,6,6,6,1,6,1,1,1,1,1,1,6,6,1,6,1,6,6,1,6,6,1,1,6,1,6,1,1,6,6,1,1,6,6,1,1,6,1,6,6,1,1,1,1,1,1,1,6,6,6,1,1,6,6,1,1,1,1,6,6,1,1,1,1,1,6,6,1,6,1,1,6,6,6,6,1,1,6,6,1,1,6,1,1,6,6,6,9,6,6,6,1,6,6,1,1,9,9,9,6,6,6,1,1,1,6,6,1,6,6,6,6,6,6,6,6,6,1,6,1,6,6,1,1,1,6,6,1,1,6,1,1,6,6,6,6,1,1,6,1,6,6,1,1,6,1,1,1,1,6,6,1,1,1,1,6,6,1,6,1,1,6,1,1,6,1,6,6,6,6,1,1,6,1,1,1,6,6,1,1,1,6,9,9,1,1,1,6,6,6,1,1,1,1,6,6,1,6,6,6,6,6,1,1,1,1,6,6,1,6,1,1,6,6,6,1,1,1,6,6,6,6,6,6,1,1,6,1,1,1,1,6,6,6,6,1,6,6,6,1,6,1,1,6,1,1,6,6,1,1,1,1,7,1,6,6,6,1,1,1,6,6,6,6,6,6,6,1,6,6,6,6,6,1,6,6,6,6,6,1,6,1,1,6,6,6,6,6,1,1,1,6,6,6,1,1,1,6,6,1,1,6,6,1,1,1,1,6,6,1,1,1,6,1,1,1,1,6,6,1,1,7,1,1,6,6,6,6,1,6,1,1,1,6,1,6,1,1,6,1,1,1,1,1,1,1,6,6,1,1,1,1,1,1,1,1,1,1,1,1,1,6,1,1,1,1,1,1,1,1,1,1,1,1,1,1,1,1,6,1,1,1,6,6,6,6,1,6,1,1,1,1,1,1,1,1,1,1,1,1,1,1,1,1,1,1,1,1,1,6,1,1,6,6,1
311,21707,BROWN,100,6,6,6,1,6,1,6,6,6,1,6,1,1,1,1,1,1,1,1,6,1,6,1,1,6,6,1,1,1,1,9,9,9,6,6,1,1,1,1,1,1,1,1,6,1,1,1,1,1,6,6,1,6,6,6,1,6,6,1,1,6,6,1,6,1,1,6,6,6,6,6,6,6,6,6,6,6,1,1,6,6,6,6,6,1,1,6,6,6,6,6,6,6,6,6,6,6,6,1,6,1,6,6,1,1,1,1,1,1,1,1,1,6,6,6,6,1,1,6,6,9,6,1,1,6,1,6,6,6,6,1,6,9,6,1,1,6,6,1,1,1,1,1,1,1,1,6,1,1,1,6,1,1,1,1,1,6,9,9,9,6,6,1,1,1,1,6,6,1,1,9,1,1,1,6,6,1,6,6,9,6,1,1,9,9,9,6,6,6,6,6,1,6,1,1,6,6,6,6,6,6,6,6,1,6,1,6,1,1,6,6,6,6,1,1,6,6,6,1,1,1,1,6,6,1,1,1,6,6,1,1,1,1,6,1,1,1,1,6,6,1,1,6,1,6,6,1,1,1,1,6,6,1,1,6,1,1,6,6,6,1,6,6,6,1,1,6,1,1,6,6,1,6,6,6,1,1,1,1,1,6,1,1,1,1,1,6,6,6,6,6,1,6,6,6,6,6,6,1,1,6,6,1,1,6,6,6,1,1,6,6,6,1,1,6,6,1,6,1,6,1,1,1,6,6,1,1,1,1,6,6,1,6,6,1,6,1,6,6,1,6,1,6,1,1,6,6,1,1,1,6,6,6,6,6,6,1,1,1,1,6,1,1,1,1,6,6,6,6,6,6,6,6,6,1,1,1,1,1,1,6,6,1,1,1,1,1,1,1,6,6,6,6,1,1,1,6,1,1,1,6,1,1,1,6,6,6,1,6,6,6,1,6,6,6,6,1,6,1,1,1,1,1,1,6,6,6,6,1,1,1,1,1,6,6,1,1,1,1,1,6,6,1,6,6,6,6,6,1,6,6,6,6,6,6,6,6,1,1,1,1,6,6,1,1,6,6,6,6,1,6,1,6,1,1,1,6,6,1,6,6,1,6,1,6,6,6,6,1,1,6,1,6,1,1,6,6,1,1,1,1,1,1,1,1,1,6,6,6,6,6,6,1,6,1,6,6,6,1,1,1,1,6,6,1,1,6,1,6,1,6,6,1,1,1,6,6,6,1,1,6,6,1,1,6,6,1,6,1,6,6,1,1,6,1,6,1,1,6,6,1,1,1,1,1,1,1,1,1,1,6,6,1,1,1,1,1,1,6,1,6,6,1,1,1,1,6,6,1,1,6,6,1,1,1,1,6,1,6,6,6,6,6,1,6,1,1,1,6,6,1,1,6,1,6,6,1,1,6,1,6,1,1,1,6,6,1,1,6,1,6,6,1,1,1,6,1,1,6,6,1,6,6,6,1,1,6,1,1,6,1,6,1,1,1,1,1,6,6,1,1,6,1,6,6,1,1,1,6,1,1,1,1,6,6,6,6,6,1,1,6,1,6,6,1,1,6,6,1,1,6,1,1,1,1,6,6,6,1,1,6,1,6,6,1,1,6,6,1,1,1,1,6,9,6,6,6,6,6,1,1,6,1,1,1,1,1,6,6,1,1,6,1,1,6,6,6,6,1,6,6,1,1,6,6,6,6,6,6,1,6,1,1,6,6,6,1,1,1,6,6,6,6,6,6,6,6,1,1,1,6,1,6,6,6,6,1,1,6,6,1,1,1,6,6,1,6,1,1,6,6,6,6,6,1,6,1,1,1,1,1,6,6,6,1,6,1,6,1,1,6,6,1,1,6,1,6,1,6,6,6,1,1,6,6,1,1,1,1,6,6,1,1,1,1,1,1,1,1,6,6,1,1,6,6,1,1,1,1,6,6,1,1,1,1,1,6,6,1,6,1,1,6,6,6,6,1,1,6,6,1,1,6,1,1,6,6,6,6,6,6,6,1,6,1,1,1,9,9,9,9,9,9,9,9,9,9,9,9,9,9,9,9,9,9,9,9,9,9,9,9,9,9,9,9,9,9,9,9,1,6,6,6,6,6,6,6,1,1,9,9,9,9,9,9,6,1,1,1,1,6,6,1,1,1,1,6,6,1,6,1,1,6,1,1,6,1,6,6,6,6,1,1,6,1,1,1,6,6,1,1,6,6,6,6,1,1,1,6,6,6,1,6,1,1,6,6,1,6,6,6,6,9,1,1,1,1,6,6,1,1,1,1,6,6,6,1,1,1,6,6,6,6,6,6,1,1,1,1,1,1,1,6,6,6,6,1,6,6,6,1,6,1,1,6,1,1,6,6,1,1,1,1,6,1,6,6,6,1,1,1,6,6,6,6,6,6,6,1,6,6,6,6,6,1,6,6,6,6,6,1,6,1,1,6,6,6,6,6,1,1,1,6,6,6,1,1,1,6,6,1,1,6,6,1,1,1,1,1,6,1,1,1,6,1,1,1,1,6,6,1,1,6,1,6,6,6,6,6,1,6,1,1,1,6,1,6,1,1,6,1,1,1,1,1,1,1,6,6,1,1,1,1,1,1,1,1,1,1,1,1,1,6,1,1,1,1,1,1,1,1,1,1,1,1,1,1,1,1,6,1,1,1,6,6,6,6,1,6,1,1,1,1,1,1,1,1,1,1,1,1,6,1,1,1,1,1,1,1,1,6,1,1,6,6,1
312,21708,BUDD,200,1,1,1,6,1,6,1,1,1,1,1,6,6,6,6,6,6,6,6,1,6,1,1,1,1,1,1,6,6,1,1,1,6,1,1,6,6,6,6,6,6,6,6,1,6,6,6,6,6,1,1,6,1,1,1,6,1,1,1,1,1,1,6,1,1,1,1,1,1,1,1,1,1,1,1,1,1,1,1,1,1,1,1,1,1,1,1,1,1,1,1,1,1,1,1,1,1,1,1,1,1,1,1,6,6,6,6,6,6,6,6,6,1,1,1,1,6,6,1,1,6,1,6,6,1,1,1,1,1,1,6,1,6,6,1,1,1,1,6,6,6,6,6,6,6,6,1,6,6,6,1,6,6,6,6,6,1,1,1,1,1,1,1,6,6,6,1,1,1,1,1,1,1,1,1,1,1,1,1,1,1,6,1,6,1,1,1,1,1,1,1,1,9,1,1,1,1,1,1,1,1,1,1,6,1,6,1,1,1,1,1,1,1,6,1,1,1,1,1,1,1,1,1,1,1,1,1,1,1,1,1,1,1,1,1,1,1,1,1,1,1,6,1,6,1,1,1,6,1,1,1,1,1,1,1,1,1,1,1,1,1,1,1,1,1,6,1,1,1,1,1,1,1,1,1,1,1,6,6,6,1,6,1,1,1,1,1,1,1,1,1,6,1,1,1,1,1,1,1,1,1,1,1,6,1,1,1,1,1,1,1,1,6,1,1,1,6,1,1,1,6,1,1,1,1,1,1,1,1,1,1,6,1,1,6,1,1,1,1,6,1,6,1,1,6,1,1,1,6,6,1,6,1,1,1,6,6,6,6,6,1,6,6,1,6,1,1,1,1,6,1,1,1,1,1,6,1,1,1,1,1,1,1,6,6,6,6,6,6,1,1,1,1,6,6,6,1,6,6,6,1,1,6,6,1,1,1,1,1,1,1,9,1,1,1,1,6,1,6,6,6,6,6,6,1,1,1,1,6,6,6,6,6,1,1,1,1,1,1,1,1,1,1,1,6,1,1,1,6,1,1,1,1,1,1,1,1,6,6,6,6,6,1,6,6,1,1,1,1,6,1,6,1,6,6,6,1,1,6,1,1,6,1,1,1,1,1,1,6,6,1,6,1,6,6,1,1,6,6,6,6,6,6,6,6,6,1,1,1,1,1,1,6,1,6,1,1,1,6,6,6,6,1,1,6,6,1,1,1,1,1,1,1,6,6,1,1,1,1,6,1,1,1,1,1,1,6,1,1,1,1,6,6,1,6,1,1,1,1,1,1,1,6,1,6,6,1,1,1,1,1,1,1,6,6,6,6,6,1,1,1,1,1,6,6,6,1,1,1,1,1,1,6,6,1,6,1,1,1,1,1,1,1,6,1,1,1,6,1,1,1,6,1,1,1,1,1,6,1,1,1,1,1,1,1,1,1,6,1,1,1,1,1,1,1,1,1,1,1,1,6,1,1,1,6,6,1,6,6,1,6,1,6,1,1,6,1,1,1,1,6,1,1,1,1,1,6,1,1,1,1,1,6,1,1,1,1,1,1,6,1,6,1,1,1,1,1,1,1,6,1,1,1,1,1,1,1,1,1,6,1,1,1,1,1,1,1,6,1,1,1,1,6,6,6,1,1,1,1,1,1,1,6,6,1,1,1,1,1,1,1,1,1,1,1,1,1,1,6,1,1,1,1,1,6,1,1,1,1,1,1,1,1,1,1,1,1,1,1,1,1,1,1,1,1,1,1,1,1,1,1,1,1,1,1,6,1,1,1,1,1,1,6,1,1,6,1,1,1,1,1,1,1,1,6,1,1,1,1,1,6,1,1,1,6,1,6,1,1,1,1,1,1,6,1,6,1,6,1,1,1,1,1,1,1,1,6,1,1,1,1,1,1,6,1,1,1,1,1,1,1,1,6,1,1,1,1,1,1,1,1,1,1,1,1,1,1,1,6,1,1,6,6,1,6,1,6,1,1,1,6,1,1,1,1,1,1,1,1,1,1,1,6,1,9,9,9,1,1,1,1,1,1,1,1,1,1,1,1,1,1,1,1,1,1,6,1,1,1,1,6,6,1,1,1,1,1,1,1,6,1,1,1,1,1,6,6,6,6,1,1,6,6,1,6,1,1,1,1,1,1,1,1,6,1,1,1,1,1,1,6,6,1,6,6,1,6,1,1,1,1,6,6,1,1,1,1,1,1,1,1,1,1,1,1,1,1,1,1,1,1,6,1,6,1,1,1,6,1,1,1,1,1,6,1,1,1,1,1,1,1,1,6,6,1,1,6,1,1,1,1,1,1,1,1,6,6,6,6,1,1,1,1,1,1,1,6,1,1,1,6,1,1,6,1,1,1,1,1,1,1,1,1,1,1,1,1,1,6,6,6,1,1,1,1,1,1,1,6,1,1,1,1,1,6,1,1,1,1,1,6,1,1,1,1,1,1,1,1,6,1,6,1,1,1,1,6,1,1,1,6,1,1,1,6,6,6,6,1,1,1,1,1,1,1,1,1,1,1,1,1,6,1,1,1,1,1,1,1,6,1,1,1,1,1,1,1,1,1,1,6,1,1,1,1,1,1,1,1,1,6,1,9,1,1,1,1,1,1,1,1,1,1,1,1,1,1,1,1,1,1,1,1,1,1,1,1,1,1,1,1,1,1,1,1,1,1,1,1,1,1,1,1,9,1,1,1,1,1,1,1,1,1,1,6,1,1,1,1,1,1,1,1,1,1,1
313,21709,CARBAJAL,100,6,6,6,1,6,1,6,6,6,6,6,1,1,1,1,1,1,1,1,6,1,6,1,1,6,6,1,1,1,1,6,6,1,6,6,1,1,1,1,1,1,1,1,6,1,1,1,1,1,6,6,1,6,6,6,1,6,6,1,1,6,6,1,6,1,1,6,6,6,6,6,6,6,6,6,6,6,1,1,6,6,6,6,6,1,1,6,6,6,6,6,6,6,6,6,6,6,6,1,6,1,6,6,1,1,1,1,1,1,1,1,1,6,6,6,6,1,1,6,6,1,1,1,1,6,1,6,6,6,6,1,6,1,6,1,6,6,6,1,1,1,1,1,1,1,1,6,1,1,1,6,1,1,1,1,1,6,1,1,6,6,6,6,1,1,1,6,6,1,1,6,1,1,1,6,6,1,6,6,1,6,1,1,1,6,1,6,6,6,6,6,1,6,1,1,6,6,6,6,6,6,6,6,1,6,1,6,1,1,6,6,6,6,1,1,6,6,6,1,1,1,1,6,6,1,6,6,6,6,1,1,1,6,6,1,1,1,1,6,6,1,1,6,6,6,6,1,1,1,6,6,6,6,1,6,1,1,6,6,6,1,6,6,1,1,1,6,1,1,6,6,1,6,6,6,1,1,1,1,1,6,1,1,1,1,1,6,6,6,6,6,1,6,6,6,6,6,6,1,1,6,6,6,1,6,1,1,1,1,6,6,6,1,6,6,6,1,6,1,6,1,1,1,6,6,6,1,1,1,6,6,6,6,6,1,6,1,6,6,1,6,1,6,1,1,6,6,1,1,1,6,6,6,6,6,6,1,1,9,1,6,1,1,6,1,6,6,6,6,6,6,6,6,6,1,1,1,1,1,1,6,6,1,1,1,1,1,1,1,6,6,6,6,1,1,1,6,1,1,1,6,1,1,1,6,1,6,1,6,6,6,1,6,6,6,6,1,6,1,1,1,1,1,1,6,6,6,6,1,1,1,1,1,6,6,1,1,1,1,1,6,6,6,6,6,6,6,6,1,6,6,6,6,6,6,6,6,1,1,1,1,6,6,1,1,6,6,6,6,1,6,1,6,1,1,1,6,6,1,6,6,1,6,1,6,6,6,6,1,1,6,1,6,1,1,6,6,1,1,1,1,1,1,1,1,6,6,6,6,6,6,6,6,6,1,1,6,6,1,1,6,1,6,6,1,1,6,1,1,1,6,6,6,1,1,6,6,6,1,1,1,6,1,1,6,6,1,6,1,6,6,6,6,6,1,6,1,1,6,6,1,1,1,1,1,1,1,1,1,6,6,6,1,1,1,1,1,1,6,1,6,6,6,1,1,1,6,6,1,1,6,6,1,1,6,1,6,1,6,1,6,6,1,1,1,1,1,6,6,6,6,1,6,1,6,6,1,1,6,1,6,1,1,6,6,6,6,1,6,1,6,6,1,1,1,6,1,1,6,6,1,6,6,6,1,1,6,1,1,1,6,6,1,1,1,6,1,6,6,1,1,6,1,6,6,1,6,1,6,1,1,1,1,1,6,6,6,6,1,1,1,1,6,6,1,1,6,6,1,1,6,1,6,1,6,6,6,6,1,1,6,6,6,6,1,6,6,1,1,1,1,1,6,6,6,9,9,9,9,9,9,9,9,9,9,1,1,6,6,1,1,6,1,6,6,6,6,6,1,6,1,1,1,6,6,1,6,6,1,1,1,1,1,6,6,1,1,1,6,6,6,6,6,6,6,6,1,1,1,6,1,6,1,6,6,1,1,1,6,6,1,1,1,6,6,1,6,1,1,6,6,6,6,6,1,6,1,1,1,1,1,1,6,6,1,6,1,6,1,1,6,6,1,1,6,1,6,1,6,6,6,1,1,6,6,1,1,1,6,6,6,1,1,1,1,1,1,1,6,6,6,1,1,6,6,1,9,9,1,6,1,1,1,1,1,1,6,6,1,6,1,1,6,6,1,6,1,1,6,6,1,1,6,1,1,6,6,6,6,6,6,6,1,6,6,1,6,1,1,1,6,6,6,1,1,1,6,6,6,6,6,6,6,6,6,6,6,6,1,6,1,6,6,1,1,1,6,6,6,1,6,1,6,6,6,6,6,1,1,6,1,1,1,1,1,6,1,1,1,1,6,6,6,1,1,1,9,9,9,9,9,9,9,9,9,9,9,9,9,6,6,1,1,1,1,1,6,6,6,1,1,1,6,6,1,1,1,6,6,6,6,1,6,6,1,6,6,1,6,6,6,6,6,1,1,9,9,6,6,1,6,1,1,6,6,6,1,1,1,6,6,6,6,6,6,1,1,1,1,1,1,1,6,6,6,6,1,6,6,6,1,6,1,1,6,1,1,6,6,1,1,1,1,7,1,6,6,6,1,1,1,6,6,6,6,6,6,6,1,6,6,6,6,6,1,6,6,6,6,6,1,6,1,1,6,6,6,6,1,1,1,1,6,1,6,1,1,1,6,6,1,1,6,6,1,1,1,1,6,1,1,1,1,6,1,1,1,1,6,6,1,1,1,1,1,6,6,6,1,1,6,1,1,1,6,1,6,1,1,6,1,1,1,1,1,1,1,6,6,6,1,1,1,1,1,1,1,1,1,1,1,1,6,1,1,1,1,1,1,1,1,1,1,1,1,1,1,1,1,6,1,1,1,6,6,6,6,1,6,1,1,1,1,1,1,1,1,1,1,1,1,6,1,1,1,1,1,1,1,1,6,1,1,6,6,1
314,21710,CHENEY,200,1,1,1,6,1,6,1,1,1,1,1,6,6,6,6,6,6,6,6,1,6,1,1,1,1,1,1,6,6,1,1,1,1,1,1,6,6,6,6,6,6,6,6,1,6,6,6,6,6,1,1,6,1,1,1,6,1,1,1,1,1,1,6,1,1,1,1,1,1,1,1,1,1,1,1,1,1,1,1,1,1,1,1,1,1,1,1,1,1,1,1,1,1,1,1,1,1,1,1,1,1,1,1,1,6,6,6,6,6,6,6,6,1,1,1,1,6,6,1,1,6,1,6,6,1,1,1,1,1,1,6,1,6,6,1,1,1,1,6,6,6,6,6,6,6,6,1,6,6,6,1,6,6,6,6,6,1,1,1,1,1,1,1,6,6,6,1,1,1,1,1,1,1,1,1,1,1,1,1,1,1,6,1,6,1,1,1,1,1,1,1,1,1,1,1,1,1,1,1,1,1,1,1,6,1,6,1,1,1,1,1,1,1,6,1,1,1,1,1,1,1,1,1,1,1,1,1,1,9,1,1,1,1,1,1,1,1,1,1,1,1,6,1,1,1,1,1,6,1,1,1,1,1,1,1,1,1,1,1,1,1,1,1,1,1,6,1,1,1,1,1,1,1,1,1,1,1,6,6,6,1,6,1,1,1,1,1,1,1,1,1,6,1,1,1,1,1,1,1,1,1,1,1,6,1,1,1,1,9,1,1,1,6,1,1,1,6,1,1,1,1,1,1,1,1,1,1,1,1,1,1,1,1,1,6,1,1,1,1,6,1,6,1,1,1,1,1,1,9,9,9,6,1,1,1,6,6,6,6,6,1,6,6,6,6,1,1,1,1,6,1,1,1,1,1,6,1,1,1,1,1,1,1,6,6,6,6,6,6,1,1,1,1,6,6,6,1,6,6,6,1,1,6,6,1,1,1,1,9,1,1,1,1,1,1,1,6,1,6,6,6,6,6,6,1,1,6,1,6,6,6,6,6,1,1,1,1,1,1,1,1,1,1,1,1,6,1,1,6,1,1,1,1,1,1,1,1,6,6,6,6,1,1,6,6,1,1,1,1,6,6,6,1,6,6,6,1,1,6,6,1,6,1,1,1,1,1,1,6,6,1,6,1,6,6,1,1,6,6,6,6,6,1,6,6,6,6,6,1,1,1,6,6,1,6,1,1,1,6,6,6,6,1,1,6,6,1,1,1,1,1,1,6,6,6,1,1,1,1,6,1,1,1,1,1,1,6,1,1,1,1,6,6,6,6,1,1,1,1,1,1,1,6,1,1,6,1,1,1,6,1,1,1,6,6,6,6,6,1,1,1,1,6,6,6,6,1,1,1,1,1,1,6,6,1,6,1,1,1,1,1,1,1,6,1,1,1,6,1,1,6,6,1,1,9,1,1,6,1,1,1,6,1,1,1,1,1,6,1,1,1,1,1,1,1,1,1,1,1,1,6,1,1,1,6,6,1,1,6,1,6,1,6,1,1,1,1,1,1,1,6,1,1,1,1,1,1,1,1,1,1,1,6,1,1,1,1,1,1,6,1,6,1,1,1,1,1,1,1,6,1,1,1,1,6,1,1,1,1,6,1,1,1,1,1,1,1,1,1,1,1,1,6,6,6,1,1,1,1,1,1,6,6,1,1,1,1,1,1,1,1,1,1,6,1,1,1,1,6,1,1,1,1,1,6,1,1,1,1,1,1,1,1,1,1,1,1,1,1,1,1,1,1,1,1,1,1,1,1,1,1,1,1,1,1,1,1,1,1,1,1,1,6,1,1,9,9,1,1,1,1,1,1,1,6,1,1,1,1,1,6,1,1,1,6,1,6,1,1,1,1,1,1,6,1,6,1,6,1,1,1,1,1,1,1,1,6,1,1,1,1,1,1,1,1,1,1,1,1,1,1,1,6,1,1,1,1,1,1,1,1,1,1,1,1,1,1,1,6,1,1,6,6,1,6,1,6,1,6,1,6,1,1,1,1,1,1,1,1,1,1,1,6,1,6,1,9,1,1,1,1,1,1,1,1,1,1,1,6,6,6,1,1,6,1,1,6,1,1,1,6,1,1,1,1,1,1,1,1,6,1,1,1,1,1,6,6,6,6,1,1,6,6,1,6,1,1,1,1,1,1,1,1,6,1,1,1,1,1,1,6,6,1,6,6,1,6,6,6,9,9,9,9,9,1,1,1,1,1,9,1,1,1,1,1,1,1,1,9,9,9,6,1,6,1,1,1,6,1,1,1,1,1,6,1,1,1,1,1,1,1,1,6,6,1,1,6,1,1,6,1,1,1,1,1,1,6,1,6,1,9,9,9,9,9,9,9,9,9,9,9,9,9,9,9,1,1,1,1,1,1,1,1,1,1,1,1,1,6,6,6,6,1,1,1,1,1,1,6,1,1,1,1,1,6,1,1,1,1,1,6,1,1,1,1,1,1,1,1,6,1,6,1,1,1,1,6,1,1,1,6,1,1,1,6,6,6,6,1,1,1,1,1,1,1,1,1,1,1,1,1,1,1,1,1,1,1,1,1,6,1,9,1,1,1,1,1,1,1,1,1,1,1,1,1,1,1,1,1,1,1,1,1,1,1,9,1,1,1,1,1,1,1,1,1,1,1,1,1,1,1,1,1,1,1,1,1,1,1,1,1,9,1,1,1,1,1,1,1,1,1,1,1,1,1,1,1,1,1,9,9,9,9,9,9,9,9,9,9,9,9,9,9,9,9,1
315,21711,CORREA,100,6,6,6,1,6,1,6,6,6,1,6,1,1,1,1,1,1,1,1,6,1,6,9,9,6,6,1,1,1,1,6,6,1,6,1,1,1,1,1,1,1,1,1,6,1,1,1,1,1,6,6,1,6,6,6,6,6,1,1,1,6,6,1,6,1,1,6,6,6,6,6,6,6,6,1,6,6,1,1,6,6,6,6,6,1,1,6,6,6,6,6,6,6,6,6,6,6,6,1,6,1,6,6,1,1,1,1,1,1,1,1,1,6,6,9,6,1,1,6,6,1,1,1,1,1,1,6,6,6,6,1,6,1,6,1,6,6,6,1,1,1,1,1,1,1,1,6,1,1,1,6,1,1,1,1,1,6,1,1,6,6,6,1,1,1,1,6,1,1,1,1,1,1,1,6,6,1,6,6,1,6,1,1,1,6,1,6,6,1,6,6,1,1,1,1,6,6,6,6,6,6,6,6,1,6,1,6,1,1,6,6,6,6,1,1,6,6,6,1,1,1,1,6,6,1,6,1,6,6,1,1,1,1,6,1,1,1,1,6,6,1,1,6,1,6,6,1,6,1,1,6,6,6,1,6,1,1,6,6,6,1,6,6,1,1,1,1,1,1,6,6,1,6,6,1,1,1,1,1,1,6,1,1,1,1,1,6,6,6,6,6,1,6,6,6,6,6,6,1,1,6,6,6,1,6,1,1,1,1,6,6,6,1,1,6,6,6,1,1,6,1,1,1,6,6,6,1,1,1,6,6,6,1,1,1,6,1,6,6,1,6,1,6,1,1,6,6,1,1,1,6,6,6,6,6,6,6,6,6,1,6,1,6,6,1,6,6,6,6,6,6,6,6,6,1,1,1,1,1,1,6,6,1,1,1,1,1,1,1,6,6,6,6,6,1,1,1,1,1,1,1,1,1,1,6,1,6,1,6,6,6,1,6,6,6,6,1,6,6,6,6,1,1,1,6,6,6,6,1,1,6,1,1,6,6,1,1,1,1,1,6,6,6,6,6,6,6,6,1,6,6,6,6,6,6,6,6,1,1,1,1,1,6,1,1,6,6,6,6,1,6,1,6,1,1,1,6,6,1,6,6,1,6,1,6,6,6,6,1,1,6,1,6,1,1,6,6,1,1,1,1,1,6,1,1,1,6,6,6,6,6,6,1,6,1,6,6,6,1,1,6,1,6,6,1,1,6,1,6,1,6,6,6,1,1,6,6,6,1,1,1,1,1,1,6,6,1,6,1,6,6,6,6,6,1,6,1,1,6,6,1,1,1,1,1,1,1,1,1,6,6,6,1,1,1,1,1,1,1,1,6,6,6,1,1,1,6,6,1,1,6,6,1,1,6,1,6,1,6,6,6,6,1,1,1,1,1,6,6,6,6,1,1,1,6,6,1,1,1,1,6,1,1,6,6,6,6,1,1,1,6,6,1,1,1,6,1,1,6,6,1,6,6,6,1,1,6,1,1,1,6,6,1,1,1,6,1,6,6,1,1,6,1,6,6,1,6,1,6,1,1,1,1,1,6,6,6,6,1,1,1,1,6,6,1,1,6,6,1,1,6,1,1,1,9,6,6,6,1,1,6,6,6,6,1,6,6,6,1,1,1,1,1,1,1,6,6,6,1,1,6,1,1,6,1,1,1,6,6,1,1,1,1,6,6,6,6,6,1,1,6,1,1,6,6,1,6,6,1,1,6,1,1,6,6,6,1,1,6,6,6,6,1,6,6,6,6,1,1,6,1,6,1,6,6,6,1,1,6,6,1,1,1,1,1,6,1,1,1,6,6,6,6,6,1,1,1,1,1,1,1,1,6,6,1,6,1,6,1,1,6,6,1,1,1,1,1,1,1,6,1,1,1,6,6,1,1,1,6,6,6,1,1,6,1,1,1,1,6,6,6,1,1,1,6,1,1,1,1,6,6,1,1,1,1,1,6,6,1,1,1,1,6,6,6,6,6,1,6,6,1,1,6,1,1,6,6,1,6,6,6,6,1,6,1,6,6,1,1,1,6,6,6,1,1,1,6,6,6,6,6,6,6,6,6,6,6,6,1,6,1,6,6,1,1,1,6,6,6,1,1,6,1,6,6,6,6,1,1,6,1,1,1,1,1,6,1,1,1,1,6,6,6,1,1,1,6,6,6,6,1,6,6,1,6,6,1,6,6,6,6,6,1,6,1,1,6,6,6,1,1,1,6,6,1,1,1,6,6,6,6,1,1,1,1,6,6,1,6,6,6,6,6,1,1,1,1,6,6,1,6,1,1,6,6,6,1,1,1,6,6,6,6,1,1,6,6,1,1,1,1,1,6,6,6,6,1,6,6,6,1,6,1,1,1,1,1,6,6,1,1,1,1,6,1,6,6,6,1,1,1,6,6,6,6,6,6,6,1,6,6,6,6,6,1,6,6,6,6,6,1,6,1,1,6,6,6,6,1,1,1,1,6,1,6,1,1,1,6,6,1,1,6,6,1,1,1,1,1,6,1,1,1,6,1,1,1,1,6,6,1,1,6,1,1,6,6,1,1,1,6,1,1,1,6,1,6,1,1,6,1,1,1,1,1,1,1,6,6,6,1,1,1,1,1,1,1,1,1,1,1,1,6,1,1,1,1,1,1,1,1,1,1,1,1,1,1,1,1,6,1,1,1,6,6,6,6,1,6,1,1,1,1,1,1,1,1,1,1,1,1,6,1,1,1,1,1,1,1,1,6,1,1,6,6,1
316,21712,CRIST,100,6,6,6,1,6,1,6,6,6,9,6,1,1,1,1,1,1,1,1,6,1,6,1,1,6,6,6,1,1,1,6,6,1,6,6,1,1,1,1,1,1,1,1,6,1,1,1,1,1,6,6,1,6,9,6,6,6,1,1,1,6,6,1,6,1,1,6,6,6,6,6,6,6,6,6,6,6,1,1,6,6,6,6,6,1,1,6,6,6,6,1,6,6,6,6,6,6,6,1,6,1,6,6,1,1,1,1,1,1,1,1,1,6,6,6,6,1,1,6,6,1,1,1,9,1,1,6,9,6,6,6,1,1,6,1,1,6,6,1,1,1,1,1,1,1,1,6,1,1,1,6,1,1,1,1,1,6,1,1,6,6,6,1,1,1,1,6,6,1,1,6,1,1,1,6,1,1,6,6,1,6,1,1,1,6,1,6,6,6,6,6,1,6,1,1,6,6,6,6,6,6,6,6,1,6,1,6,1,1,6,6,6,6,1,6,6,1,6,1,1,1,1,6,1,1,1,6,6,6,1,1,1,1,1,1,1,1,1,6,6,1,1,6,6,6,6,1,1,1,1,6,6,6,1,6,1,1,6,6,6,1,6,6,1,1,1,1,1,1,6,6,1,6,6,1,1,1,1,1,1,6,1,1,1,1,1,6,6,6,6,6,1,6,6,6,6,6,6,1,1,6,6,6,1,6,1,1,1,1,6,6,6,1,1,6,1,1,6,1,1,1,1,1,6,6,6,1,1,1,6,6,6,6,6,1,6,1,6,6,1,6,1,1,1,1,6,6,1,1,1,6,6,6,6,6,6,1,6,1,1,1,1,6,6,1,6,6,6,6,6,6,6,6,6,1,1,1,1,1,1,6,6,1,1,1,1,1,1,1,6,6,6,6,1,1,1,6,1,1,1,6,1,1,6,6,1,6,1,6,6,6,1,6,6,6,6,1,6,1,1,1,6,1,1,6,6,6,6,1,1,6,1,1,1,6,1,1,1,1,1,6,6,6,6,6,6,6,6,1,6,6,6,6,6,6,9,9,9,9,9,9,9,9,9,9,9,9,9,9,9,9,9,9,9,9,9,9,9,9,9,9,9,9,9,6,6,6,6,1,1,6,1,6,1,1,6,6,1,1,1,1,1,6,1,1,1,6,6,6,6,6,6,1,6,9,9,9,9,9,9,9,9,9,9,9,9,9,9,1,1,6,6,6,1,1,6,6,1,1,1,1,6,9,9,6,6,1,6,1,6,6,6,6,6,6,6,1,1,6,1,1,1,1,1,1,1,1,1,1,6,6,6,1,1,1,1,1,1,6,1,6,6,6,1,1,1,6,6,1,1,6,6,1,1,6,1,6,1,6,1,6,6,1,1,6,1,1,6,6,6,1,1,6,1,6,6,1,1,6,1,6,1,1,6,6,6,1,1,6,1,6,6,1,1,1,6,1,6,6,6,1,6,6,6,1,1,6,1,1,6,6,6,1,1,1,6,1,6,6,1,1,6,1,6,6,1,6,1,1,1,1,1,1,6,6,6,6,6,1,1,6,1,9,6,1,1,6,6,1,1,6,1,1,1,6,6,6,6,1,1,6,1,6,6,1,1,1,1,1,1,1,1,6,6,6,6,6,6,6,1,6,1,1,1,1,1,1,6,6,1,1,6,1,6,6,6,6,6,1,6,6,1,1,6,6,6,6,6,6,1,1,1,1,6,1,6,1,1,6,6,6,6,6,6,6,6,1,9,9,9,6,6,1,6,6,1,1,1,6,6,1,1,1,6,6,1,6,1,1,6,6,1,6,6,1,6,1,1,1,1,1,6,6,6,1,6,1,6,1,1,6,6,1,1,6,1,6,1,6,6,6,1,1,6,6,1,1,1,6,6,6,1,1,1,1,1,1,1,6,6,6,1,1,6,6,6,1,1,1,6,1,1,1,1,1,1,6,6,1,6,1,1,6,6,1,6,1,1,6,6,1,1,6,1,1,6,6,6,6,6,6,6,1,6,6,6,6,1,1,1,6,6,6,1,1,1,6,6,6,6,6,6,6,6,6,6,6,6,1,6,1,6,6,1,1,1,6,6,6,1,6,1,6,6,6,6,6,1,1,6,1,1,1,1,1,6,1,1,1,1,6,6,6,1,1,1,6,6,6,6,1,1,6,1,1,6,1,6,6,6,6,1,1,1,1,1,6,6,6,1,1,1,6,1,1,1,1,6,6,6,6,1,1,1,1,6,6,1,6,6,6,6,6,1,1,1,1,6,6,1,6,1,1,6,6,6,1,1,6,6,6,6,6,6,1,1,6,6,1,1,1,1,6,6,6,6,1,6,6,6,1,6,1,1,6,1,1,6,6,1,1,1,1,1,1,6,6,6,1,1,1,6,6,6,6,6,6,6,1,6,6,6,6,6,1,6,6,6,6,6,1,6,1,1,6,6,6,6,1,1,1,1,6,1,6,1,1,1,6,6,1,1,6,1,1,1,1,1,6,1,1,1,1,6,1,1,1,1,6,1,1,1,1,1,1,6,6,6,1,1,6,1,1,1,6,1,6,1,1,6,1,1,1,1,1,1,1,6,6,6,1,1,1,1,1,1,1,1,1,1,1,1,6,1,1,1,1,1,1,1,1,1,1,1,1,1,1,1,1,6,1,1,1,6,6,6,6,1,6,1,1,1,1,1,1,1,1,1,1,1,1,1,1,1,1,1,1,1,1,1,6,1,1,6,6,1
317,21713,DEMINGS,100,6,6,6,1,6,1,6,6,6,1,6,1,1,1,1,1,1,1,1,6,1,6,1,1,6,6,1,1,1,1,6,6,1,6,6,1,1,1,1,1,1,1,1,6,1,1,1,1,1,6,6,1,9,6,6,1,6,6,1,1,6,6,1,6,9,1,6,6,6,6,6,6,6,6,6,6,6,1,1,6,6,6,6,6,1,1,6,6,6,6,9,6,6,6,6,6,6,6,1,6,1,6,6,1,1,1,1,1,1,1,1,1,6,6,6,6,1,1,6,6,1,6,1,1,6,1,6,6,6,6,6,6,1,1,1,1,6,6,1,1,1,1,1,1,1,1,6,1,1,1,6,1,1,1,1,1,6,1,1,6,6,6,1,1,1,1,6,6,1,1,1,1,1,1,6,6,1,6,6,1,6,1,1,1,6,1,6,6,1,6,6,1,1,1,1,6,6,6,6,6,6,6,6,1,6,1,6,1,1,6,6,6,6,1,6,6,6,6,1,1,1,1,6,6,1,1,9,6,6,1,1,1,1,6,1,1,1,1,6,6,1,1,6,1,9,6,1,1,1,1,6,6,1,1,6,1,1,6,6,6,1,6,6,1,1,1,9,1,1,6,6,1,6,6,6,1,1,1,1,1,6,1,1,1,1,1,6,6,6,6,6,1,1,6,6,6,6,6,1,1,6,6,1,1,6,1,6,1,1,6,6,6,1,6,6,6,1,6,1,6,1,1,1,6,6,1,1,1,1,6,6,1,6,6,1,6,1,6,6,1,6,1,1,1,1,6,6,1,1,1,6,6,6,6,6,6,1,1,1,1,6,1,1,6,1,6,6,6,6,1,6,6,6,6,1,1,1,1,1,1,6,6,1,1,1,1,1,1,1,6,6,6,6,1,1,1,6,1,1,1,6,1,1,1,6,6,6,1,6,6,6,1,6,6,6,6,1,6,1,1,1,1,1,1,6,6,6,6,1,1,1,1,1,6,6,1,1,1,1,1,6,6,1,6,6,6,6,6,1,6,6,6,6,6,9,6,6,1,1,1,1,6,6,1,1,6,6,6,6,1,6,1,6,1,1,1,6,9,1,6,6,1,6,9,9,9,6,6,1,1,6,1,6,1,1,6,6,1,1,1,1,1,6,1,1,1,6,6,6,6,6,6,1,6,1,6,6,6,1,1,1,1,6,6,1,1,6,1,6,1,6,6,1,1,1,6,6,6,1,1,6,6,1,1,6,6,1,6,1,6,6,1,1,6,1,6,1,1,6,6,1,1,1,1,1,1,1,1,1,1,6,6,1,1,1,1,1,1,6,1,6,6,1,1,1,1,6,6,1,1,6,6,1,1,6,1,6,1,6,6,6,6,1,1,6,1,1,1,6,6,1,1,6,1,6,6,1,1,6,1,6,1,1,1,6,6,1,1,6,1,6,6,1,1,1,6,1,6,6,6,1,6,6,6,1,1,6,1,1,6,1,6,1,1,1,1,1,6,6,1,1,6,1,6,6,1,1,1,6,1,1,1,1,6,6,6,6,6,6,1,6,1,6,6,1,1,6,6,1,1,6,1,1,1,1,6,6,6,1,1,6,1,6,6,1,1,6,1,1,1,1,1,6,9,6,6,6,6,6,1,1,6,1,1,1,1,1,6,6,1,1,6,1,1,6,6,6,6,1,6,6,1,1,6,6,6,6,6,6,1,6,1,1,6,6,6,1,1,1,6,6,6,1,6,6,6,6,9,9,9,6,1,6,6,6,6,1,1,6,6,1,1,1,6,6,1,6,1,1,6,6,6,6,6,1,6,1,1,1,1,1,6,6,6,1,6,1,6,6,1,6,6,1,1,6,1,6,1,6,6,6,1,1,6,6,1,1,6,1,6,6,1,1,1,1,9,1,1,1,6,6,6,1,6,6,6,1,1,1,6,6,1,1,1,1,1,6,6,1,6,1,1,6,6,6,6,1,1,6,6,1,1,6,1,1,6,6,6,6,6,6,6,1,6,6,1,1,1,1,1,6,6,6,1,1,6,6,6,1,6,6,6,6,6,6,6,6,6,1,6,1,6,1,1,1,1,6,6,1,1,6,1,6,6,6,6,6,1,1,6,1,6,6,1,1,6,1,1,1,1,6,6,1,1,1,1,6,6,1,6,1,1,6,1,1,6,1,6,6,6,6,1,1,6,1,1,1,6,6,1,1,6,6,6,6,1,1,1,6,6,6,1,6,1,1,6,6,1,6,6,6,6,6,1,1,1,1,6,6,1,6,1,1,6,6,6,1,1,1,6,6,6,6,1,1,1,1,1,1,1,1,1,6,6,6,6,1,6,6,6,1,6,1,1,6,1,1,6,6,1,1,1,1,6,1,6,6,6,1,1,1,6,6,6,6,6,6,6,1,6,6,6,6,6,1,6,6,6,6,6,1,6,1,1,6,6,6,6,6,1,1,1,6,6,6,1,1,6,6,6,1,1,6,6,1,1,1,1,6,6,1,1,1,6,1,1,1,1,6,6,1,1,6,1,1,6,6,6,6,1,6,9,1,1,6,1,6,1,1,6,1,1,1,1,1,1,1,6,6,1,1,1,1,1,1,1,1,1,1,1,1,1,6,1,1,1,1,1,1,1,1,1,1,1,1,1,1,1,1,6,1,1,1,6,6,6,6,1,6,1,1,1,1,1,1,1,1,1,1,1,1,1,1,1,1,1,1,1,1,1,6,1,1,6,6,1
318,21714,DUNN,200,1,1,1,6,1,6,1,1,1,1,1,6,6,6,6,6,6,6,6,1,6,1,1,1,1,1,1,6,6,1,1,1,1,1,1,6,6,6,6,6,6,6,6,1,6,6,6,6,6,1,1,6,1,1,1,6,1,1,1,1,1,1,6,1,1,1,1,1,1,1,1,1,1,1,1,1,1,1,1,1,1,1,1,1,1,1,1,1,1,1,1,1,1,1,1,1,1,1,1,1,1,1,1,1,6,6,6,6,6,6,6,6,1,1,1,1,6,6,1,1,6,1,6,6,1,1,1,1,1,1,6,9,9,6,1,1,1,1,6,6,6,6,6,6,6,6,1,6,6,6,1,6,6,6,6,6,1,1,1,1,1,1,1,6,6,6,1,1,1,1,1,1,1,1,1,1,1,1,1,1,1,6,1,6,1,1,1,1,1,1,1,1,1,1,1,1,1,1,1,1,1,1,1,6,1,6,1,1,1,1,1,1,1,6,1,1,1,1,1,1,1,1,1,1,1,1,1,1,1,1,1,1,1,1,1,1,1,1,1,1,1,6,1,1,1,1,1,1,1,1,1,1,1,1,1,1,1,1,1,1,1,1,1,1,1,6,1,1,1,1,1,1,1,1,1,9,1,6,6,6,1,6,1,1,1,1,1,1,1,1,1,6,1,9,1,1,1,1,1,1,1,1,1,6,1,1,1,1,1,1,1,1,6,1,1,1,6,1,1,1,1,1,1,1,1,1,1,1,1,1,1,1,1,1,6,1,1,1,1,6,1,6,1,1,1,1,1,1,6,6,1,6,1,1,1,6,6,6,6,6,1,6,6,6,6,1,1,1,1,1,1,1,1,1,1,6,1,1,1,1,1,1,1,6,6,6,6,6,6,1,1,1,1,6,6,6,1,6,6,6,1,1,6,6,1,1,1,1,1,1,1,1,1,1,1,1,6,1,6,6,6,6,6,6,1,1,1,6,6,1,6,1,6,1,1,1,1,1,1,1,1,1,1,1,1,1,1,6,6,1,1,1,1,1,1,1,1,1,6,6,6,1,1,6,6,1,1,1,1,6,1,6,1,6,6,6,1,1,9,9,9,9,9,1,1,1,1,1,6,1,1,6,1,6,6,1,1,6,6,6,6,6,1,6,6,6,1,1,1,1,1,1,6,1,6,1,1,1,6,6,6,6,1,1,6,6,1,1,1,1,1,1,9,6,6,1,1,1,1,6,1,1,1,1,1,1,6,1,1,1,1,6,6,1,6,1,1,1,1,1,1,1,6,1,1,6,1,1,1,1,1,1,1,6,6,6,6,6,1,1,1,1,1,6,6,6,1,1,1,1,1,1,6,6,1,6,1,1,1,1,1,1,1,6,1,1,1,9,1,1,1,6,1,1,1,1,1,6,1,1,1,1,1,1,1,1,1,6,1,1,1,1,1,1,1,1,1,1,1,1,6,1,1,1,6,6,1,1,6,1,1,1,6,1,1,1,1,1,1,1,6,1,1,1,1,1,1,1,1,1,1,1,6,1,1,1,1,1,1,6,1,6,1,1,1,1,1,1,1,6,1,1,1,1,1,1,1,1,1,6,1,1,1,1,1,1,1,1,1,1,1,1,6,6,6,1,1,1,1,1,1,6,6,1,1,1,1,1,1,1,1,1,1,9,1,1,1,1,6,1,1,1,1,1,6,9,1,1,1,9,1,1,1,1,1,1,1,1,1,1,1,1,1,1,1,1,1,1,1,1,1,1,1,1,1,1,1,1,1,1,1,1,6,1,1,6,1,1,1,1,1,1,1,1,6,1,1,1,1,1,6,1,1,1,6,1,6,1,1,1,1,1,1,6,1,6,1,6,1,1,1,1,1,1,1,1,6,1,1,1,1,1,1,1,1,1,1,1,1,1,1,1,6,1,1,1,1,1,1,1,1,1,9,9,9,9,1,1,6,1,1,6,6,1,6,1,6,1,1,1,6,1,1,1,1,1,1,1,1,1,1,1,6,1,6,1,9,1,1,1,1,1,1,1,1,1,1,1,1,6,6,6,1,6,1,1,6,6,1,1,6,1,1,1,1,1,1,1,1,6,1,1,1,1,1,6,6,6,6,1,6,6,6,6,6,1,1,1,1,1,1,1,9,6,1,1,1,1,1,1,6,6,1,6,6,1,6,6,6,1,1,6,6,1,1,1,1,1,1,1,1,1,1,1,1,1,1,9,1,1,1,6,1,6,1,1,1,6,1,1,1,1,1,6,1,1,1,1,1,1,1,1,6,1,1,1,6,1,6,6,1,1,1,6,6,6,6,6,6,1,1,1,1,1,1,1,6,1,1,1,6,1,1,6,1,1,1,1,1,1,1,1,1,1,1,1,1,1,6,1,6,1,1,1,1,1,1,1,6,1,1,1,1,1,6,1,1,1,1,1,6,1,1,1,1,1,1,1,1,1,1,9,1,1,1,1,6,1,1,1,6,1,1,1,6,6,6,6,1,1,1,1,1,1,1,1,1,1,1,1,1,1,1,1,1,1,1,1,1,6,1,1,1,1,1,1,1,1,1,1,1,1,1,1,1,1,1,1,1,1,1,1,1,9,1,1,1,1,1,1,1,1,1,1,1,1,1,1,1,1,1,1,1,1,1,1,1,1,1,1,9,9,9,9,1,1,1,1,1,1,1,1,1,1,1,1,1,1,1,1,1,1,1,1,1,1,1,1,1,1,1,1,1,1,1,1
319,21715,ESPAILLAT,100,6,6,6,1,6,1,6,6,6,1,6,1,1,1,1,1,1,1,1,6,1,6,1,1,6,6,6,1,1,6,6,6,1,6,6,1,1,1,1,1,1,1,1,6,1,1,1,1,1,6,6,1,6,6,6,1,6,6,1,1,6,6,1,6,1,1,6,6,6,6,6,6,6,6,6,6,6,1,1,6,6,6,6,6,1,1,6,6,6,6,6,6,6,6,6,6,6,6,1,6,1,6,6,1,1,1,1,1,1,1,1,1,6,6,6,6,1,1,6,6,1,6,1,1,6,1,6,6,6,6,1,6,1,1,6,1,6,6,9,1,1,1,1,1,1,1,6,1,1,1,6,1,1,1,1,1,6,1,1,6,6,6,6,1,1,1,6,6,1,1,1,1,1,1,6,6,1,6,6,1,6,1,1,1,6,1,6,6,6,6,6,1,6,1,1,6,6,6,6,6,6,6,6,1,6,1,6,1,1,6,6,6,6,1,6,6,6,6,1,1,1,1,6,6,1,1,1,6,6,1,1,1,6,6,1,1,1,1,6,6,1,1,6,1,6,6,1,6,1,1,6,6,6,1,6,1,1,6,6,6,1,6,6,6,1,1,6,1,6,6,6,1,6,6,6,1,1,1,1,1,6,1,1,1,1,1,6,6,6,6,6,1,6,6,6,6,6,6,1,1,6,6,6,1,6,6,6,1,1,6,6,6,1,6,6,6,1,6,1,6,6,1,1,6,6,6,1,1,1,6,6,6,6,6,1,6,1,6,6,1,6,1,6,1,1,6,6,1,1,1,6,1,6,6,6,1,1,1,1,1,6,1,1,6,1,6,6,6,6,6,6,6,6,6,1,1,6,9,9,9,6,6,1,1,1,1,1,1,1,6,6,6,6,1,1,1,6,1,1,1,6,6,1,1,6,6,6,1,6,6,6,1,6,6,6,6,1,6,1,1,1,1,1,1,6,6,6,6,1,1,1,1,1,6,6,1,1,1,1,1,6,6,6,6,6,6,6,6,1,6,6,6,6,6,6,6,6,1,1,1,1,6,6,1,1,6,1,6,6,1,6,1,6,1,1,1,6,6,1,6,6,1,6,1,6,6,6,6,1,1,6,1,6,1,1,6,6,1,1,1,1,1,6,1,1,1,6,6,6,6,6,6,1,6,1,6,6,6,1,1,1,1,6,6,1,1,6,9,6,1,6,6,6,1,1,6,6,6,1,1,6,6,1,1,6,6,1,6,1,6,6,1,1,6,1,6,9,9,6,6,1,1,1,1,1,1,1,1,1,1,6,6,1,1,1,1,1,1,6,1,9,6,1,1,1,1,6,6,1,1,6,6,1,1,6,1,6,1,6,6,6,6,6,1,6,1,1,1,6,6,6,1,6,6,6,6,1,1,1,1,6,1,1,6,6,6,6,1,6,6,6,6,1,1,1,6,1,6,6,6,1,6,6,6,1,1,6,1,1,6,6,6,1,1,1,6,6,6,6,1,1,6,1,6,6,1,6,1,6,1,1,1,1,6,6,6,6,6,1,1,6,1,6,6,1,1,6,6,1,1,6,1,6,1,6,6,6,6,1,1,6,6,6,6,1,6,6,6,1,1,1,1,1,1,1,6,6,6,6,1,6,1,1,6,1,1,1,6,6,1,1,6,1,6,6,6,6,6,1,6,6,1,6,6,6,7,6,6,6,1,6,1,1,6,6,6,1,1,6,6,6,6,6,6,6,6,6,1,1,6,6,6,6,6,6,6,1,1,6,6,1,1,1,6,6,1,6,1,1,6,6,6,6,6,1,6,1,1,1,1,1,6,6,6,1,6,1,6,6,1,6,6,1,1,6,1,6,1,6,6,6,1,1,6,6,6,1,6,6,6,6,1,1,6,9,9,1,1,6,6,6,6,1,6,6,6,1,1,1,6,6,1,1,1,1,1,6,6,1,6,1,1,6,6,6,6,1,1,6,6,1,1,6,1,1,6,6,6,6,6,6,6,1,6,1,6,6,1,1,1,6,6,6,1,1,6,6,6,6,6,6,6,6,6,6,6,6,6,1,6,1,6,9,1,1,1,6,6,6,1,6,1,6,6,6,1,1,1,1,6,1,1,6,1,1,6,6,1,1,1,6,6,6,1,1,1,6,6,6,6,1,1,6,1,1,6,1,6,6,6,6,1,1,6,1,1,6,9,9,1,1,1,6,6,6,1,1,6,6,6,6,1,6,1,6,6,6,1,6,6,6,6,6,1,1,1,1,6,6,1,6,1,1,6,6,6,1,1,6,6,6,6,6,6,6,1,1,1,1,6,1,1,6,6,6,6,1,6,6,6,1,6,6,1,6,1,1,6,6,1,1,1,1,6,1,6,6,6,1,1,1,6,6,6,6,6,6,6,1,6,6,6,6,6,1,6,6,6,6,6,1,6,1,1,6,6,6,6,6,1,1,1,6,6,6,6,1,6,6,6,1,1,6,6,1,1,1,1,6,6,1,1,1,6,1,1,1,1,6,6,1,1,6,1,6,6,6,6,6,1,6,1,1,1,6,1,6,1,1,6,1,1,1,1,1,1,1,6,6,6,1,1,1,1,1,1,1,1,1,1,1,1,6,1,1,1,1,1,1,1,1,1,1,1,1,1,1,1,1,6,1,1,1,6,6,6,6,1,6,1,1,1,1,1,1,1,1,1,1,1,1,6,1,1,1,1,1,1,1,1,6,1,1,6,6,1
320,21716,FASO,200,1,1,1,6,1,6,1,1,1,1,1,6,6,6,6,6,6,6,6,1,6,1,1,1,1,1,1,6,6,1,1,1,1,1,1,6,6,6,6,6,6,6,6,1,6,6,6,6,6,1,1,6,1,1,1,6,1,1,1,1,1,1,6,1,1,1,1,1,1,1,1,1,1,1,1,1,6,1,1,1,1,1,1,1,9,9,1,1,1,1,1,1,1,1,1,1,1,6,1,1,1,1,1,1,6,6,6,6,6,6,6,6,1,1,1,1,6,6,1,1,6,1,6,6,1,1,1,1,1,1,6,1,6,6,1,1,1,1,6,6,6,1,1,6,1,6,6,6,6,6,1,6,9,6,6,6,1,1,1,1,1,1,9,6,6,6,1,1,1,1,1,1,1,1,1,1,1,1,1,1,1,6,1,6,1,1,1,1,6,1,1,1,1,1,1,1,1,1,1,1,6,1,1,6,6,6,1,9,1,1,1,1,1,6,1,1,1,1,1,1,1,1,1,1,1,1,6,1,1,1,1,1,6,1,1,1,1,1,1,1,1,6,1,6,1,1,1,1,1,6,1,1,6,1,1,1,1,1,1,1,1,1,1,1,1,6,1,1,1,1,1,1,1,1,1,1,1,6,6,6,1,6,1,1,1,1,1,1,1,1,1,6,1,1,1,1,1,1,1,1,1,1,6,6,1,1,1,1,1,1,1,1,6,1,1,1,6,1,1,1,1,1,1,1,1,6,1,1,1,1,1,6,1,6,6,1,1,1,1,6,1,6,1,1,1,1,1,1,6,6,1,6,1,1,1,6,6,6,6,6,1,6,6,1,6,6,6,6,6,6,6,1,1,1,1,6,1,1,1,1,1,1,1,6,1,6,6,6,6,6,1,1,1,6,6,6,1,6,6,6,1,1,6,6,1,1,1,1,1,1,1,1,1,1,6,6,6,6,6,6,1,6,6,1,1,1,6,6,1,1,6,1,6,1,1,1,1,1,1,1,1,1,1,6,6,6,6,6,6,6,6,6,6,1,1,1,1,6,6,6,6,1,6,6,6,1,1,1,1,1,1,6,6,6,1,6,1,6,1,6,6,6,6,1,1,1,6,6,6,6,6,1,6,6,6,1,1,1,6,1,1,1,1,6,1,6,1,6,6,6,1,6,6,6,6,1,1,6,6,6,6,6,6,1,1,6,1,1,1,1,1,1,1,6,6,1,1,1,1,6,1,1,1,1,1,1,6,1,1,1,1,6,6,6,6,1,1,1,1,1,1,1,6,1,1,6,1,1,1,6,1,1,1,6,6,6,6,6,1,1,1,1,6,6,6,6,1,6,1,1,1,1,6,6,1,6,9,1,1,1,1,1,1,6,1,1,1,1,1,1,6,6,1,1,1,1,1,6,1,1,1,1,1,6,1,1,6,6,1,1,1,1,1,1,1,6,1,1,1,1,6,1,1,1,6,6,1,1,6,1,6,1,6,1,1,6,1,1,1,1,6,1,1,1,1,1,6,1,1,1,1,1,6,1,1,1,1,1,1,6,1,6,1,1,1,1,1,1,1,6,6,1,1,1,6,1,1,6,1,6,1,1,1,1,1,6,1,1,1,1,1,1,6,6,6,1,1,1,1,1,6,6,6,1,1,1,1,1,1,1,1,1,1,6,1,1,1,1,6,1,1,1,1,1,6,1,1,1,1,1,1,1,1,1,1,1,1,1,6,1,1,1,1,1,1,1,1,1,1,6,1,6,1,1,1,1,1,1,1,1,1,1,6,1,1,6,1,1,1,1,1,1,1,1,6,1,1,1,1,1,6,1,1,1,6,1,6,6,1,1,1,1,1,6,1,6,1,6,1,1,1,1,1,1,1,1,6,1,6,1,1,1,1,1,1,1,1,1,6,1,1,1,6,1,1,1,1,1,1,1,1,1,1,1,1,1,1,1,6,1,1,6,6,6,6,1,6,1,6,1,6,1,1,1,1,1,1,1,1,1,1,1,6,1,6,1,6,1,1,1,1,1,1,9,1,1,1,1,9,6,6,6,1,6,1,6,6,6,1,1,6,1,1,1,1,1,1,1,1,6,1,1,1,1,1,6,6,6,6,1,1,1,1,1,6,1,1,1,1,1,1,1,6,6,1,1,1,1,6,1,1,1,6,6,6,6,6,6,6,6,1,6,6,1,1,1,6,1,1,1,1,1,1,1,1,1,1,6,1,1,1,6,1,6,1,1,1,6,6,1,1,1,1,6,1,1,1,1,1,1,1,1,6,1,1,1,6,1,6,6,1,1,1,6,6,1,6,6,6,1,1,1,1,1,1,1,6,1,1,1,6,1,1,6,1,1,1,1,1,1,1,1,1,1,1,1,1,6,6,1,6,6,6,6,1,1,6,6,1,6,6,6,6,1,6,6,6,1,6,1,6,1,1,1,1,1,1,1,1,1,1,6,1,1,1,1,6,1,1,1,6,1,1,1,6,6,6,6,1,1,1,1,1,1,1,1,1,1,1,1,1,1,1,1,1,1,1,1,1,6,6,1,1,1,1,1,1,1,1,1,1,1,1,1,1,1,1,1,1,6,1,1,1,1,1,1,1,1,1,1,1,1,1,1,1,1,1,1,1,1,1,1,1,1,1,1,1,1,1,1,1,1,1,1,1,1,1,1,1,1,1,1,1,1,1,1,1,1,1,1,1,1,1,1,1,1,1,1,1,1,1,1,1,1,1,1
321,21717,FERGUSON,200,1,1,1,6,1,6,1,1,1,1,1,6,6,6,6,6,6,6,6,1,6,1,1,1,1,1,1,6,6,1,1,1,1,1,1,6,6,6,6,6,6,6,6,1,6,6,6,6,6,1,1,6,1,1,1,6,1,1,1,1,1,1,6,1,1,1,1,1,1,1,1,1,1,1,1,1,1,1,1,1,1,1,1,1,1,1,1,1,1,1,1,1,1,1,1,1,1,1,1,1,1,1,1,6,6,6,6,6,6,6,6,6,1,1,1,1,6,6,1,1,6,1,6,6,1,1,1,1,1,1,6,1,6,6,1,1,1,1,6,6,6,6,6,6,6,6,1,6,6,6,1,6,6,6,6,6,1,1,1,1,1,1,1,6,6,6,1,1,1,1,1,1,1,1,1,1,1,1,1,1,1,6,1,6,1,1,1,1,1,1,1,1,1,1,1,1,1,1,1,1,1,1,1,6,1,6,1,1,1,1,1,1,1,6,1,1,1,1,1,1,1,1,1,1,1,1,1,1,1,9,1,1,1,1,1,1,1,1,1,1,1,6,1,9,1,1,1,6,1,1,1,1,1,1,1,1,1,1,1,1,1,1,1,1,1,6,1,1,1,1,1,1,1,1,1,1,1,6,6,6,1,6,1,1,1,1,1,1,1,1,1,6,1,1,1,1,1,1,1,1,1,1,1,6,1,1,1,1,1,1,1,1,6,1,1,1,6,1,1,1,1,1,1,1,1,1,1,1,1,1,1,1,1,1,6,1,1,1,1,6,1,6,1,1,1,1,1,1,6,6,1,6,1,1,1,6,6,6,6,6,1,6,6,6,6,1,1,1,1,6,1,1,1,1,1,6,1,1,1,1,1,1,1,6,6,6,6,6,6,1,1,1,1,6,6,6,1,6,6,6,1,1,6,6,1,1,1,1,1,1,1,1,1,1,1,6,6,1,6,6,6,6,6,6,1,1,1,1,6,6,6,6,6,1,1,1,1,1,1,1,1,1,1,1,1,1,1,1,6,1,1,1,6,1,1,1,1,6,6,1,6,1,1,6,6,1,1,1,1,6,1,6,1,6,6,6,1,1,1,1,1,6,1,1,1,1,1,1,6,6,1,6,6,6,6,1,1,6,6,6,6,6,1,6,6,6,1,6,1,1,1,1,6,1,6,1,1,1,6,6,6,6,1,1,6,6,1,1,1,1,1,1,1,6,6,1,1,1,1,6,1,1,1,1,1,1,6,1,1,1,1,6,6,1,6,1,1,1,1,1,1,1,6,1,1,6,1,1,1,1,1,1,1,6,6,6,6,6,1,1,1,1,1,6,6,6,1,1,1,1,1,1,6,6,1,6,1,1,1,1,1,1,1,6,1,1,1,1,1,1,1,6,1,1,1,1,1,6,1,1,1,1,1,1,1,1,1,6,1,1,1,1,1,1,1,1,1,1,1,1,6,1,1,1,6,6,1,1,6,1,1,1,6,1,1,1,1,1,1,1,6,1,1,1,1,1,1,1,1,1,1,1,6,1,1,1,1,1,1,6,1,6,1,1,1,1,1,1,1,6,1,1,1,1,1,1,1,1,1,6,1,1,1,1,1,1,1,1,1,1,1,1,6,6,6,1,1,1,1,1,1,6,6,1,1,1,1,1,1,1,1,1,1,1,1,1,1,1,6,1,1,1,1,1,6,1,1,1,1,1,1,1,1,1,1,1,1,1,1,1,1,1,1,1,1,1,1,1,1,1,1,6,1,1,1,1,1,1,1,1,1,1,6,1,1,6,1,1,1,1,1,1,1,1,6,1,6,1,1,1,6,1,1,1,6,1,6,1,1,1,1,1,1,6,1,6,1,6,1,1,1,1,1,1,1,1,6,1,1,1,1,1,1,1,1,1,1,1,1,1,1,1,6,1,1,1,1,1,1,1,1,1,1,1,1,1,1,1,6,1,1,6,6,1,6,1,6,1,1,1,6,1,1,1,1,1,1,1,1,1,1,1,6,1,6,1,1,1,1,1,1,1,1,1,1,1,1,1,1,6,6,1,1,6,1,1,6,6,1,1,6,1,1,1,1,9,1,1,1,6,1,1,1,1,1,6,6,6,6,1,1,6,6,1,6,1,1,1,1,1,1,1,6,6,1,1,1,1,6,1,6,6,6,6,6,1,6,1,6,1,1,6,6,1,1,1,1,1,1,1,1,1,1,1,1,1,1,1,1,1,1,6,1,6,1,1,1,6,6,1,1,1,1,6,1,1,1,1,1,1,1,1,6,6,1,1,6,1,6,1,1,1,1,6,6,6,6,1,6,1,1,1,1,1,1,1,6,1,1,1,6,1,1,6,1,1,1,1,1,1,1,1,1,1,1,1,1,1,6,6,6,1,1,1,1,1,1,1,6,1,1,1,1,1,6,1,1,1,1,1,6,1,1,1,1,1,1,1,1,1,1,6,1,1,1,1,6,1,1,1,6,1,1,1,6,6,6,6,1,1,1,1,1,1,1,1,1,1,1,1,1,1,1,1,1,1,1,1,1,6,1,1,1,1,1,1,1,1,9,1,1,1,1,1,1,1,1,1,1,1,1,1,1,1,1,1,1,1,1,1,1,1,1,1,1,1,1,1,1,1,1,1,1,1,1,1,1,9,1,1,1,1,1,1,1,1,1,1,1,1,1,1,1,1,1,1,1,1,1,1,1,1,1,1,1,1,1,1,1,1,1,1,1,1,9,1
322,21718,FITZPATRICK,200,1,1,1,6,1,6,1,1,1,1,1,1,6,6,6,6,6,6,6,1,6,1,1,1,1,1,6,6,6,1,1,1,1,1,6,6,6,6,6,6,6,6,6,1,6,6,1,1,6,1,1,6,1,1,1,6,6,1,1,1,1,1,6,1,1,1,1,1,1,1,6,6,1,1,1,1,6,1,1,1,1,6,1,1,1,1,1,1,1,1,1,1,1,1,1,1,6,1,1,1,1,1,1,1,6,6,6,6,6,6,1,6,1,1,1,1,6,6,1,1,6,9,6,6,1,1,1,1,1,1,6,1,6,6,1,1,1,1,6,6,6,6,1,6,6,6,1,6,6,6,1,6,6,1,1,6,1,1,1,1,1,1,6,6,6,6,1,1,1,1,6,1,1,1,1,1,1,1,1,1,1,6,1,6,1,1,1,1,9,1,1,1,6,1,1,1,1,1,1,1,1,1,1,6,6,6,6,1,1,1,1,1,1,6,1,1,1,1,1,1,1,1,1,1,1,1,6,1,1,1,1,1,6,1,1,1,1,1,1,1,1,6,6,6,1,1,1,1,1,6,1,1,6,1,6,1,1,1,1,1,1,1,1,1,1,6,1,1,1,1,1,1,1,1,1,1,1,1,1,6,6,6,1,1,1,1,1,1,1,1,1,6,1,1,1,1,1,1,1,1,1,1,6,6,1,1,1,1,1,1,1,1,6,1,1,1,1,6,1,1,1,1,1,1,1,6,1,1,1,1,1,6,1,1,6,1,1,1,1,6,1,6,1,1,1,1,1,1,1,6,6,6,1,1,6,6,6,6,6,6,1,6,6,1,6,6,6,6,6,6,6,1,6,1,1,6,1,1,1,1,1,1,1,1,6,1,6,6,6,6,1,1,1,6,6,6,1,1,6,6,1,1,6,6,6,1,1,1,1,1,1,1,1,1,6,6,6,6,1,1,1,6,1,1,1,1,6,6,1,1,6,1,6,1,1,1,1,1,1,1,1,1,6,6,6,6,6,6,6,6,6,6,6,1,6,1,1,1,6,1,6,1,6,6,6,6,6,6,6,1,6,1,6,1,1,1,6,6,1,6,6,1,6,1,1,1,6,6,1,1,6,1,6,1,6,6,1,1,1,1,1,1,1,1,1,1,1,6,6,6,6,6,6,6,6,1,6,6,6,6,6,6,6,6,1,6,1,1,1,1,1,1,6,6,6,1,1,1,1,6,1,1,1,1,1,1,6,1,1,1,1,6,6,6,6,6,1,1,1,1,1,1,6,1,1,6,1,1,1,6,1,1,1,6,6,6,6,6,1,1,1,1,6,6,6,6,1,6,1,1,1,1,1,1,6,6,6,1,1,1,1,1,1,6,1,1,1,6,1,1,6,6,1,1,1,1,1,6,1,1,1,1,1,6,1,1,6,6,1,1,1,1,1,1,1,1,1,1,1,1,6,6,1,1,1,6,6,1,6,1,6,1,6,1,1,6,1,1,1,1,6,6,1,1,1,1,6,1,1,1,1,1,6,1,1,1,1,1,1,6,1,6,1,1,1,1,1,1,1,6,1,1,1,1,6,1,1,1,1,6,1,6,1,1,1,6,1,1,1,1,1,1,6,6,6,1,1,1,6,1,6,6,6,1,1,1,1,1,1,1,1,1,1,6,1,1,1,1,6,1,1,1,1,1,6,1,1,1,1,1,1,1,1,1,1,1,1,1,6,1,1,1,1,1,1,1,1,1,1,6,1,6,1,9,1,1,1,1,1,1,1,1,6,1,1,1,6,1,1,1,1,1,1,1,6,1,1,1,1,1,6,1,1,1,6,6,6,6,1,1,1,1,1,6,1,6,1,6,1,1,1,1,1,1,1,1,6,1,6,1,1,1,1,1,1,1,1,1,6,1,1,1,6,1,1,1,1,1,1,1,1,1,1,1,1,1,1,1,6,6,1,1,6,6,6,6,6,1,6,6,6,1,1,1,1,1,1,1,1,1,1,1,6,1,6,1,6,1,1,1,1,1,1,1,1,1,1,1,6,1,6,6,1,6,6,6,6,6,1,6,6,6,6,1,1,1,1,1,6,6,1,1,1,1,1,6,6,6,6,6,1,1,1,1,6,1,1,1,1,1,1,1,6,6,1,1,1,1,6,6,1,1,6,6,6,6,1,6,6,6,6,1,6,1,1,1,6,1,1,1,1,1,1,1,1,1,1,6,1,1,1,6,1,6,1,1,1,6,6,1,6,1,1,6,1,1,1,1,1,1,6,1,6,1,1,1,6,1,1,6,1,1,1,1,1,1,6,6,6,1,1,1,1,1,1,1,6,6,1,1,6,6,1,6,1,1,1,1,1,1,1,1,1,1,1,1,1,6,1,1,1,6,6,6,6,6,6,6,1,6,6,6,6,6,6,6,6,1,6,6,6,6,1,1,1,1,1,1,1,1,1,6,1,1,1,1,6,1,1,1,6,1,1,1,6,6,1,6,1,1,1,1,1,1,1,1,1,1,1,1,1,1,1,1,1,1,1,1,1,6,1,1,1,1,9,1,6,1,1,1,1,1,1,1,1,1,1,1,1,1,1,1,1,1,1,1,1,1,1,1,1,1,1,1,1,1,1,1,1,1,1,1,1,1,1,1,1,1,1,1,1,1,1,1,1,1,1,1,1,1,1,1,1,1,1,1,1,1,1,1,1,1,1,1,1,1,1,1,1,1,1,1,1,6,1,1
323,21719,GAETZ,200,1,1,1,6,1,6,1,1,1,1,1,6,6,6,6,6,6,6,6,1,6,1,1,1,1,1,6,6,6,1,1,1,1,1,1,6,6,6,6,6,6,6,6,1,6,6,6,6,6,1,1,6,1,1,1,6,1,1,1,1,1,1,6,1,1,1,1,1,1,1,1,1,1,1,1,1,1,1,1,1,1,1,1,1,1,1,1,1,1,1,1,1,1,1,1,1,1,1,1,1,1,1,1,6,6,6,6,6,6,6,6,6,6,1,1,1,6,6,1,1,6,1,6,6,1,1,1,1,1,1,6,1,6,6,1,1,1,1,6,6,6,6,6,6,6,6,1,6,6,6,1,6,9,6,6,6,1,1,1,1,1,1,6,6,6,6,1,1,6,1,6,1,1,1,1,1,1,1,9,1,1,6,1,6,1,6,1,1,1,1,1,1,6,1,6,1,1,1,1,1,1,1,1,6,1,6,1,1,1,1,1,1,1,6,1,1,1,1,1,1,1,1,1,1,6,1,6,1,1,1,6,1,6,1,6,1,1,1,1,1,1,6,1,6,1,1,1,6,1,6,1,1,6,1,1,1,1,1,1,1,1,1,1,1,1,6,1,1,1,1,9,1,1,1,1,1,1,6,6,6,1,6,1,1,1,1,1,1,1,1,1,6,1,1,1,1,1,1,1,1,1,1,6,6,1,1,1,1,6,1,1,1,6,1,1,1,6,1,6,6,1,1,1,1,1,6,1,1,1,1,1,6,1,1,6,1,1,1,1,6,1,6,1,9,1,1,1,1,6,6,1,6,1,1,1,6,6,6,6,6,1,6,6,6,6,1,1,1,6,1,1,1,1,1,1,6,1,1,1,1,1,1,1,6,6,6,6,6,6,1,1,1,1,6,6,6,1,6,6,6,1,1,6,6,1,1,1,1,1,1,1,1,1,1,1,1,6,1,6,6,6,6,6,6,1,1,6,1,6,6,6,6,6,1,1,1,1,1,1,1,1,1,6,1,6,1,1,1,6,1,1,1,1,1,1,1,1,6,6,6,6,1,1,6,6,1,1,1,1,6,6,6,1,6,6,6,9,1,6,1,1,6,1,1,1,1,1,1,6,6,1,6,1,6,1,1,1,6,6,6,6,6,1,6,1,6,6,1,1,1,1,1,6,1,6,1,1,1,6,6,6,6,1,1,1,6,1,1,1,1,1,1,6,6,6,6,1,1,1,6,1,1,1,1,1,1,6,1,1,1,1,6,6,1,6,1,1,1,1,1,1,1,6,1,1,6,1,1,1,6,1,1,1,6,6,6,6,6,1,9,1,1,6,6,6,6,1,6,1,1,1,1,1,6,1,6,1,1,1,1,1,1,1,6,1,1,1,6,1,1,6,6,1,1,1,1,1,6,1,1,1,1,1,6,1,1,6,6,1,1,1,1,1,1,1,1,1,1,1,1,6,1,1,1,6,6,1,6,6,1,6,1,6,1,1,9,1,1,1,1,6,1,1,1,1,1,6,1,6,6,1,1,6,1,1,1,1,1,1,6,1,6,1,1,6,6,1,1,6,6,1,9,1,6,6,1,1,1,1,6,1,9,1,1,1,1,6,1,1,1,1,1,6,9,9,1,1,1,9,9,9,6,6,1,1,1,1,1,9,9,1,6,1,6,1,1,1,1,6,1,6,1,1,1,6,1,1,1,1,1,1,1,1,1,1,1,1,1,6,1,1,1,1,1,1,1,1,1,1,6,1,6,1,1,1,6,9,9,1,1,1,1,6,1,1,9,1,1,6,1,1,1,1,1,6,1,6,6,1,1,6,1,1,1,6,1,9,9,1,1,1,1,1,6,1,6,1,6,1,1,1,1,1,1,1,1,6,1,6,1,1,1,1,6,1,1,1,1,6,1,1,1,6,1,1,1,1,1,1,1,1,1,1,1,1,1,1,1,6,1,1,6,6,1,6,1,6,1,1,1,6,1,1,1,1,1,1,1,1,1,1,1,6,1,6,1,6,1,1,1,1,1,1,1,1,1,1,1,6,6,1,1,1,6,1,6,1,1,1,1,6,6,6,1,1,1,9,9,9,6,1,1,1,1,1,6,6,6,6,1,1,6,6,6,6,1,1,9,1,1,1,1,6,6,1,6,1,1,6,1,6,6,6,6,6,1,6,1,1,1,1,6,6,1,6,1,6,1,1,1,6,1,6,1,6,6,1,6,1,1,1,6,6,6,1,1,1,6,1,1,6,1,1,6,6,1,1,1,1,1,1,1,6,6,1,1,6,1,1,1,1,1,1,6,6,1,6,1,6,1,6,1,1,1,1,1,6,1,1,1,6,1,1,6,1,1,1,1,1,1,1,1,9,9,9,9,9,9,9,9,9,9,9,9,9,9,9,9,9,9,9,9,9,9,9,9,9,9,9,1,6,1,1,1,1,1,1,1,1,1,1,6,1,1,1,1,6,1,1,1,6,1,9,1,6,6,6,6,1,1,1,1,1,1,1,1,9,9,1,1,1,1,1,1,6,1,1,1,1,6,1,6,9,9,1,1,1,6,1,1,1,1,1,1,6,1,9,1,6,1,6,1,1,1,1,1,1,6,6,1,6,6,1,1,1,1,1,1,1,1,1,6,9,1,9,6,1,1,1,6,1,1,1,9,1,1,1,1,1,1,1,1,1,1,1,1,1,1,1,1,6,1,1,6,6,1,1,1,6,1,6,1,1,6,1,1
324,21720,GALLAGHER,200,1,1,1,6,1,6,1,1,1,1,1,6,6,6,6,6,6,6,6,1,6,1,1,1,1,1,1,6,6,1,1,1,1,1,1,6,6,6,6,6,6,6,6,1,6,6,6,6,6,1,1,6,1,1,1,6,1,1,1,1,1,1,6,1,1,1,1,1,1,1,1,1,1,1,1,1,1,1,1,1,1,1,1,1,1,1,1,1,1,1,1,1,1,1,1,1,1,1,1,1,1,1,1,1,6,6,6,6,6,6,6,6,1,1,1,1,6,6,1,1,6,1,6,6,1,1,1,1,1,1,6,1,9,6,1,1,1,1,6,6,6,6,6,6,6,6,1,6,6,6,1,6,6,6,6,6,1,1,1,1,1,1,6,6,6,6,1,1,1,1,6,1,1,1,1,1,1,1,1,1,1,6,1,6,1,1,1,1,6,1,1,1,6,1,1,1,1,1,1,1,1,1,1,6,1,6,1,1,1,9,9,9,9,6,1,1,1,1,1,1,1,1,1,1,6,1,6,1,1,1,1,1,6,1,1,1,1,1,1,1,1,6,1,6,1,1,1,6,1,6,1,1,6,1,1,1,1,1,1,1,1,1,1,1,1,6,1,1,1,1,1,1,1,1,1,1,1,6,6,6,1,6,1,1,1,1,1,1,1,1,1,6,1,1,1,1,1,1,1,1,1,1,6,6,1,1,1,1,1,1,1,1,6,1,1,1,6,1,6,6,1,1,1,1,1,6,1,1,1,1,1,6,1,1,6,1,1,1,1,6,1,6,1,1,1,1,1,1,6,6,1,6,1,1,1,6,6,6,6,6,1,6,6,1,6,1,6,1,1,6,1,1,1,1,1,6,1,1,1,1,1,1,1,6,6,6,6,6,6,1,1,1,1,6,6,6,1,6,6,6,1,1,6,6,1,1,1,1,1,1,1,1,1,1,1,1,6,1,6,6,6,6,6,6,1,1,6,6,6,6,6,6,6,1,1,1,1,1,1,1,1,1,6,1,1,1,1,1,6,6,1,1,1,1,6,1,1,6,6,6,6,1,1,6,6,1,1,6,1,6,1,6,1,6,6,6,1,1,6,6,1,6,1,1,1,1,1,1,6,6,1,1,1,6,6,1,1,6,6,6,1,6,1,6,6,6,1,1,1,1,1,6,6,1,6,1,1,1,6,6,6,6,1,1,6,6,1,1,1,1,1,1,6,6,6,1,1,1,1,6,1,1,1,1,1,1,6,1,1,1,1,6,6,6,6,1,1,1,1,1,1,1,6,1,6,6,1,1,1,6,1,1,1,6,6,6,6,6,1,1,1,1,6,6,6,6,1,1,1,1,1,1,6,6,1,6,1,1,1,1,1,1,1,6,1,1,1,6,1,1,6,6,1,1,1,1,1,6,1,1,1,1,1,6,1,1,6,6,1,1,1,1,1,1,1,1,1,1,1,1,6,1,1,1,6,6,1,1,6,1,6,1,6,1,1,6,1,1,1,1,6,1,1,1,1,1,6,1,1,1,1,1,6,1,1,1,1,1,1,6,1,6,1,1,1,1,1,1,1,6,1,1,1,1,6,1,1,1,1,6,1,6,1,1,1,6,1,1,1,1,1,1,6,6,6,1,1,1,1,1,6,6,6,1,1,1,1,1,1,1,1,1,1,6,1,1,1,1,6,1,1,1,1,1,6,1,1,1,1,1,1,1,1,1,1,1,1,1,6,1,1,1,1,1,1,1,1,1,1,6,1,6,1,1,1,1,1,1,1,1,1,1,6,1,1,6,1,1,1,1,1,1,1,1,6,1,1,1,1,1,6,1,1,1,6,1,6,1,1,1,1,1,1,6,1,6,1,6,1,1,1,1,1,1,1,1,6,1,6,1,1,1,1,1,1,1,1,1,6,1,1,1,6,1,1,1,1,1,1,1,1,1,1,1,1,1,1,1,6,1,1,6,6,1,6,1,6,1,1,1,6,1,1,1,1,1,1,1,1,1,1,1,6,1,6,1,6,1,1,1,1,1,1,1,1,1,1,1,6,1,6,1,1,1,1,1,6,6,1,1,6,1,6,1,1,1,1,1,6,6,1,1,1,1,1,6,6,6,6,1,1,6,6,6,6,1,1,1,1,1,1,1,6,6,1,1,1,1,6,1,6,6,1,6,6,1,6,6,1,1,1,1,6,1,1,1,6,1,1,1,1,1,1,1,1,1,1,6,9,9,9,6,1,6,1,1,1,6,1,1,1,1,1,6,1,1,1,1,1,1,1,1,6,6,1,1,6,1,1,1,1,1,1,1,1,1,6,1,6,1,9,9,9,9,9,9,9,9,1,1,6,1,1,6,1,1,1,1,1,1,1,1,1,1,1,1,1,1,6,6,6,1,1,1,1,1,1,1,6,1,1,1,1,1,6,1,1,1,1,1,6,1,1,1,1,1,1,1,1,6,1,6,1,1,1,1,6,1,1,1,6,1,1,1,6,6,6,6,1,1,1,1,1,1,1,1,1,1,1,1,1,1,1,1,1,1,1,1,1,6,1,1,1,1,1,1,1,1,1,1,6,1,1,1,1,1,1,1,1,6,6,1,1,1,1,1,1,1,1,1,1,1,1,6,1,1,1,1,1,1,1,1,1,1,1,1,1,1,1,1,1,1,1,1,1,1,1,1,1,1,1,1,1,1,1,1,1,1,1,1,1,1,1,1,6,1,1,1,1,1,1,1,1,6,1,6
325,21721,GARRETT,200,1,1,1,6,1,6,1,1,1,1,1,6,6,6,6,6,6,6,6,1,6,1,1,1,1,1,1,6,6,1,1,1,1,1,1,6,6,6,6,6,6,6,6,1,6,6,6,6,6,1,1,6,9,1,1,6,1,1,1,1,1,1,6,1,1,1,1,1,1,1,1,1,1,1,1,1,1,1,1,1,1,1,1,1,1,1,1,1,1,1,1,1,1,1,1,1,1,1,1,1,6,1,1,6,6,6,6,6,6,6,6,6,1,1,1,1,6,6,1,1,6,1,6,6,1,1,9,1,1,1,6,1,6,6,1,1,1,1,6,6,6,6,6,6,6,6,1,6,6,6,1,6,6,6,6,6,1,1,1,1,1,1,1,6,6,6,1,1,1,1,1,1,1,1,1,1,1,1,1,1,1,6,1,6,1,6,1,1,1,1,1,1,1,1,6,1,1,1,1,1,1,1,1,6,1,6,1,1,1,1,1,1,1,6,1,1,1,1,1,1,1,1,1,1,1,1,1,1,1,1,1,1,1,1,6,1,1,1,1,1,1,6,1,1,1,1,1,6,1,6,1,1,1,1,1,1,1,9,1,1,1,1,1,1,1,6,6,1,1,1,1,1,1,1,9,1,1,6,6,6,1,6,1,1,1,1,1,1,1,1,1,6,1,1,1,1,1,1,1,1,1,1,1,6,1,1,1,1,6,1,1,1,6,1,1,1,6,1,9,9,9,1,1,1,1,6,1,1,1,1,1,1,6,6,6,6,1,1,1,6,1,6,1,9,6,1,1,1,6,6,6,6,1,1,1,6,6,6,6,6,1,6,6,6,1,1,1,1,1,1,1,1,1,1,1,6,6,9,1,1,1,1,1,6,6,6,6,6,6,1,1,1,1,6,6,6,1,6,6,6,1,1,6,6,1,1,1,1,1,1,1,1,1,1,1,1,6,1,6,6,6,6,6,6,1,1,1,1,6,6,6,6,6,1,1,1,1,9,9,9,9,9,9,9,9,9,9,9,9,9,9,9,9,9,9,9,9,9,9,9,9,9,9,9,9,9,9,9,9,9,9,9,9,9,9,9,9,9,9,9,9,9,9,9,9,9,9,9,9,9,9,9,9,9,9,9,9,9,9,9,9,9,9,9,9,9,9,9,9,9,9,9,9,9,9,9,9,9,9,9,9,9,9,9,9,9,9,9,1,1,1,1,6,6,6,6,1,1,1,6,1,9,1,1,9,1,6,1,1,1,1,6,6,1,6,1,1,1,1,1,1,1,6,1,6,6,1,1,1,1,1,1,1,6,6,6,6,6,1,1,9,1,6,6,6,6,1,1,1,1,1,1,6,6,1,6,1,1,1,1,1,1,1,6,1,9,9,9,9,9,9,9,9,9,1,1,1,6,1,1,1,1,1,6,1,1,9,6,1,6,1,1,1,1,1,1,1,1,1,1,6,1,1,1,6,6,1,6,6,1,1,1,6,1,1,6,1,1,1,1,6,1,1,1,1,1,1,1,6,1,1,1,6,1,1,1,1,1,1,6,1,6,1,1,1,1,1,1,6,6,1,1,1,1,6,1,1,1,1,6,1,6,1,1,1,1,1,6,1,1,1,1,6,6,6,1,1,9,1,1,1,1,9,6,1,1,1,1,1,1,1,1,1,1,1,1,1,1,6,1,1,1,1,1,6,1,1,1,9,1,9,1,1,1,1,1,1,1,6,1,1,1,1,1,1,1,1,1,1,1,1,6,1,1,1,6,1,1,1,1,1,1,6,1,1,6,1,1,6,1,1,1,1,1,6,1,6,1,1,1,6,1,1,1,6,1,6,1,1,1,1,1,1,6,1,6,1,6,1,1,1,1,1,1,1,1,6,1,6,1,6,1,1,6,1,1,1,1,6,1,1,1,6,1,1,1,1,1,1,1,1,1,1,1,6,6,1,1,6,1,1,6,1,1,6,1,6,1,1,1,6,1,1,1,1,1,1,1,1,1,1,1,6,1,6,1,1,1,1,1,1,1,1,1,6,1,1,1,1,1,1,1,1,1,1,1,6,1,1,1,6,1,6,1,1,1,1,1,1,6,1,1,1,1,1,6,6,6,6,1,1,6,6,1,6,1,1,1,6,1,1,1,1,6,1,1,1,1,1,1,6,6,1,6,6,1,6,1,1,1,1,6,6,1,6,1,6,1,1,1,1,1,6,1,6,6,1,6,1,1,1,6,6,6,6,1,1,6,1,1,6,1,1,6,6,1,6,1,1,1,1,1,6,6,1,9,6,1,1,1,1,1,1,1,1,6,6,1,6,1,6,1,1,1,1,1,6,1,1,1,6,1,1,9,9,1,1,1,1,1,1,1,6,1,1,1,1,1,6,6,6,1,1,1,1,1,1,1,6,6,1,1,1,1,6,1,1,1,1,9,6,6,1,1,1,1,1,1,1,6,1,6,1,1,1,1,6,6,1,1,6,1,1,1,6,6,6,6,1,1,1,1,1,1,1,6,1,1,1,1,1,6,1,6,6,1,1,1,1,6,1,6,1,1,9,1,1,9,9,1,6,1,1,1,6,6,6,1,6,6,6,1,6,1,9,9,1,9,9,1,6,6,1,6,1,1,1,1,1,9,1,9,1,1,1,1,1,1,1,6,1,1,1,1,1,1,1,1,1,6,1,1,1,1,1,1,1,1,1,1,6,1,1,1,6,1,1,1,6,1,1,1,9,6,1,1
326,21722,GONZALEZ,100,6,6,6,1,6,9,6,6,6,1,6,1,1,1,1,1,1,1,1,6,1,6,1,1,6,6,1,1,1,1,6,6,1,9,1,1,1,1,1,1,1,1,1,6,1,1,1,1,1,6,6,1,6,6,6,1,6,6,1,1,6,6,1,6,1,1,6,6,6,6,1,6,6,6,6,6,6,1,1,6,6,6,6,6,1,1,6,6,6,6,1,6,6,6,6,6,1,6,1,6,1,6,6,1,1,1,1,1,1,1,1,1,6,6,6,6,9,1,6,6,1,1,1,1,6,1,6,9,6,6,1,6,1,1,1,1,6,6,1,1,1,1,1,1,1,1,6,1,1,1,6,1,1,1,1,1,6,1,1,6,6,6,9,1,1,1,6,1,9,9,9,1,1,1,6,6,1,6,6,1,6,1,1,1,6,1,6,6,1,6,6,1,6,1,1,6,6,9,6,6,6,6,6,1,6,1,6,1,1,6,6,6,6,1,1,6,6,6,1,1,1,1,6,6,1,1,1,6,6,1,1,1,1,6,1,1,1,1,6,6,1,1,6,6,6,6,1,1,1,1,6,6,6,1,6,1,1,6,6,6,1,6,6,1,1,1,6,1,1,6,6,1,6,6,6,1,1,1,1,1,1,1,1,1,1,1,6,6,6,6,6,6,1,6,6,1,6,6,1,1,6,6,6,1,6,1,1,1,1,6,6,6,1,1,6,6,1,6,1,6,1,1,1,6,6,1,1,1,1,6,6,6,6,6,1,6,1,6,6,1,6,1,6,1,1,6,6,1,1,1,6,1,6,6,6,6,1,6,6,1,1,1,1,6,9,6,6,6,6,1,6,6,6,6,1,1,1,1,1,1,6,6,1,1,6,1,6,1,1,6,6,6,6,6,6,1,1,6,1,1,1,1,1,1,1,6,6,1,6,6,6,1,6,6,6,6,1,6,6,6,6,1,6,1,6,6,6,6,1,1,6,1,1,6,6,1,1,9,9,1,6,6,6,6,6,6,6,6,1,6,6,6,6,6,6,6,6,1,1,1,1,6,6,1,1,6,6,6,6,1,6,1,6,1,1,1,1,6,1,6,6,6,6,1,6,6,1,1,1,9,9,1,1,1,1,6,6,1,1,1,1,1,1,1,1,1,6,6,6,6,6,6,6,6,1,6,6,6,1,1,1,1,6,6,1,1,6,1,1,1,6,6,6,1,1,6,6,6,1,1,1,6,1,1,6,6,1,6,1,6,6,6,1,6,1,6,1,1,6,6,1,1,1,1,1,1,1,1,1,1,6,6,1,1,1,1,1,1,6,1,6,6,6,1,1,1,6,6,1,9,6,6,1,1,1,1,6,1,6,6,6,6,1,1,6,1,1,6,6,6,6,1,6,1,6,6,1,1,1,1,6,1,1,6,6,6,6,1,6,1,6,6,1,1,1,6,1,1,6,6,1,6,6,6,1,1,6,1,1,1,9,6,1,1,1,1,1,6,1,1,1,1,1,6,6,1,1,1,6,1,1,1,1,1,6,6,6,6,6,1,6,1,1,9,9,9,6,6,6,1,6,1,1,1,6,6,6,6,1,1,6,6,6,6,1,6,6,1,1,1,1,1,1,1,6,6,6,6,6,1,1,1,1,6,9,1,1,6,6,1,1,1,1,1,6,6,6,6,6,6,1,1,1,6,6,6,6,6,6,1,1,1,1,6,6,6,1,9,9,6,6,6,1,6,6,6,6,1,1,1,1,6,1,6,6,1,9,1,6,6,1,1,1,1,6,1,6,1,1,6,6,6,6,6,1,6,1,1,1,1,1,1,6,6,1,6,1,1,6,1,6,6,1,1,1,6,6,1,6,6,6,1,1,6,6,1,1,6,1,6,6,1,1,6,1,1,1,1,6,6,6,1,1,6,6,1,1,1,1,6,6,1,1,1,1,1,6,6,1,6,1,1,6,6,1,6,1,1,6,6,1,1,6,9,9,6,6,1,6,6,6,6,1,6,6,1,6,1,1,1,6,9,6,1,1,1,6,6,6,6,6,6,6,6,6,6,6,6,1,1,1,6,9,1,1,1,6,6,1,6,6,1,1,6,6,6,6,1,1,6,1,6,6,1,1,6,1,9,9,9,6,6,1,1,1,1,6,6,6,6,1,1,6,1,1,6,1,6,6,1,6,1,1,6,1,1,1,6,6,1,1,6,6,6,1,9,9,9,6,6,6,1,1,1,1,6,6,1,6,6,6,6,6,1,6,1,1,6,6,1,1,1,1,6,6,6,1,1,1,6,6,6,6,6,6,1,6,6,1,1,1,1,6,6,6,6,1,1,6,6,1,6,1,1,6,1,1,6,6,1,1,1,1,7,1,6,1,6,1,1,1,1,6,6,6,6,6,6,1,6,6,6,1,6,1,6,6,6,6,1,1,6,1,1,6,6,6,6,1,1,1,1,1,1,6,1,1,1,6,6,1,1,6,6,1,1,1,6,1,6,1,1,1,6,1,1,1,1,6,6,1,1,1,1,6,6,6,6,6,1,6,1,1,1,1,1,1,9,9,6,1,1,9,9,1,1,1,6,6,6,1,1,1,1,9,1,1,1,1,1,1,1,6,1,1,1,1,1,1,1,9,1,1,1,1,1,1,1,1,6,1,1,1,6,6,6,6,1,6,1,9,1,1,1,1,1,1,1,1,1,1,1,1,1,1,1,1,1,1,1,6,1,1,6,6,1
327,21723,GOTTHEIMER,100,6,6,6,1,6,1,1,6,6,1,6,1,1,1,1,1,1,1,1,6,1,6,1,1,6,6,6,1,1,1,6,6,1,6,6,1,1,1,1,1,1,1,1,6,1,1,1,1,1,1,6,1,1,6,6,6,6,1,1,1,6,6,1,6,1,1,6,6,6,6,6,6,6,6,6,6,6,1,1,6,6,6,6,6,1,1,6,6,6,6,1,6,6,6,6,6,6,6,1,6,1,6,6,1,6,1,1,1,1,1,1,1,1,6,6,1,1,1,1,6,1,1,1,1,1,1,6,6,6,6,6,1,6,6,1,6,6,6,1,1,1,1,1,1,1,1,6,1,1,1,6,1,1,1,1,1,6,1,1,6,6,6,6,1,1,1,1,6,1,1,6,1,1,1,6,6,1,6,6,1,6,1,1,1,1,1,6,6,6,6,6,1,1,1,1,6,6,6,6,6,6,6,6,1,6,1,6,1,1,6,1,6,1,1,1,6,1,6,1,1,1,1,6,1,1,1,6,6,1,1,1,1,1,1,1,1,1,1,6,6,1,1,6,6,6,1,1,1,1,1,6,6,1,1,6,1,1,6,6,6,1,6,1,1,1,6,1,1,1,6,6,1,6,6,1,1,1,1,1,1,6,6,1,1,1,1,6,6,6,6,6,6,1,6,1,6,6,6,1,1,6,6,1,1,6,1,1,1,1,6,6,6,6,1,6,1,1,1,1,1,1,1,1,6,6,1,1,1,1,6,6,1,6,6,1,6,1,6,6,1,6,1,1,1,1,6,6,1,1,1,6,6,6,6,6,6,6,6,6,6,1,1,6,6,1,6,6,6,6,6,6,6,6,6,1,1,1,1,1,1,6,6,1,1,6,1,1,1,1,6,6,6,6,6,1,1,1,1,6,1,6,1,1,6,1,1,6,1,6,6,6,1,6,1,6,6,6,6,1,1,1,6,1,6,6,6,6,6,1,1,6,1,1,1,6,1,1,1,1,1,6,6,6,6,6,6,6,6,1,6,6,6,6,6,6,6,6,1,1,1,1,1,6,1,1,6,1,6,1,1,6,1,6,1,1,1,6,6,1,6,6,1,6,1,6,6,6,6,1,1,6,1,6,1,1,6,6,1,1,1,1,1,1,1,1,1,6,6,6,6,6,6,1,6,1,1,6,6,1,1,6,1,6,6,1,1,6,1,6,1,6,6,6,1,1,6,6,6,1,1,6,1,1,1,6,6,1,6,1,6,6,6,6,6,6,6,1,1,6,1,1,1,1,1,1,1,1,1,1,1,6,6,1,1,6,6,1,1,1,9,6,6,6,1,1,1,6,6,1,1,6,6,1,1,6,1,6,1,6,1,6,6,1,1,6,1,1,6,6,6,6,6,6,1,6,6,1,1,6,1,6,1,1,6,6,6,6,1,6,1,6,6,1,1,1,6,1,1,6,6,1,6,6,9,1,1,6,1,1,1,6,6,1,1,1,1,1,6,6,1,1,6,1,6,6,1,1,1,1,1,1,1,1,1,6,1,6,6,1,1,6,1,1,6,1,1,6,6,1,1,6,1,1,1,6,6,6,6,1,1,1,6,6,6,1,6,1,6,1,1,1,1,6,6,6,6,6,6,6,1,6,6,1,1,1,1,1,6,6,1,1,1,1,6,6,6,6,6,1,6,1,1,1,6,6,1,6,6,1,1,1,1,1,6,1,1,1,1,6,6,6,1,1,6,6,1,1,1,1,6,1,6,1,6,6,1,1,1,6,6,1,1,1,1,1,1,6,1,1,6,6,1,6,1,1,1,1,1,1,1,1,1,6,6,1,6,1,6,1,1,6,1,1,1,1,1,1,1,1,6,1,1,1,6,6,1,1,1,6,6,9,1,1,1,1,1,1,1,6,6,6,1,1,1,1,1,9,9,1,6,1,1,1,1,1,1,6,6,1,6,1,1,6,6,6,6,1,1,6,6,1,1,6,1,1,6,6,6,6,6,6,6,1,6,9,9,9,1,1,1,6,6,6,1,1,1,6,6,6,1,6,6,6,6,6,6,6,6,1,6,1,6,6,1,1,1,6,1,6,1,1,1,1,6,1,6,6,1,6,6,1,1,1,1,6,6,1,1,1,1,6,6,6,1,1,1,6,6,6,6,6,1,6,6,6,6,1,6,6,6,6,6,1,1,1,1,6,6,1,1,1,1,1,1,1,1,1,6,6,6,1,1,1,1,1,6,6,1,6,6,6,6,6,1,1,1,1,6,1,1,1,1,1,6,6,1,1,1,1,1,6,6,6,1,1,1,1,1,1,1,1,1,6,6,6,6,1,6,6,1,1,1,1,1,1,1,1,6,6,1,1,1,1,1,1,6,6,6,1,1,1,6,6,6,6,6,6,6,1,6,6,6,6,6,1,6,6,6,6,6,1,6,1,1,6,1,6,6,1,1,1,1,1,1,6,1,1,1,6,6,1,1,6,6,1,1,1,1,1,1,9,9,9,9,9,9,1,1,6,1,1,1,1,1,1,6,6,1,1,1,6,1,1,1,6,9,9,1,1,6,1,1,1,1,1,1,1,6,6,6,1,1,1,1,1,1,1,1,1,1,1,1,6,1,1,1,1,1,1,1,1,1,1,1,1,1,1,1,1,6,1,1,1,6,6,6,6,1,6,1,1,1,1,1,1,1,1,1,1,1,1,1,1,1,1,1,1,1,1,1,6,1,1,6,6,1
328,21724,HIGGINS,200,1,1,1,6,1,6,1,1,1,1,1,6,6,6,6,6,6,6,6,1,6,1,1,1,1,1,1,6,6,1,1,1,1,1,1,6,6,6,6,6,6,6,6,1,6,6,6,6,6,1,1,6,1,1,1,6,1,1,1,1,1,1,6,1,1,1,1,1,1,1,1,1,1,1,1,1,1,1,1,1,1,1,1,1,1,1,1,1,1,1,1,1,1,1,1,1,1,1,1,1,1,1,1,1,6,6,6,6,6,6,6,6,1,1,1,1,6,6,1,1,6,1,6,6,1,1,1,1,1,1,6,1,6,6,1,1,1,1,6,6,6,6,6,6,6,6,1,6,6,6,1,6,6,6,6,6,1,1,1,1,1,1,1,6,6,6,1,1,1,1,1,1,1,1,1,1,1,1,1,1,1,6,1,6,1,9,1,1,1,1,1,1,1,1,1,1,1,1,1,1,1,1,1,6,1,6,1,1,1,1,1,1,1,6,1,1,1,1,1,1,1,1,1,1,1,1,1,1,1,1,1,1,1,1,1,1,1,1,1,1,1,6,1,1,1,1,1,1,1,1,1,1,1,1,1,1,1,1,1,1,1,1,1,1,1,6,1,1,1,1,1,1,1,1,1,1,1,6,6,6,1,6,1,1,1,1,1,1,1,1,1,6,1,1,1,1,1,1,1,1,9,9,1,6,1,1,1,1,1,1,1,1,6,1,1,1,6,1,1,1,1,1,1,1,1,1,1,1,1,1,1,1,1,6,6,1,1,1,1,6,1,6,1,1,1,1,1,1,6,6,1,6,1,1,6,6,6,6,6,6,1,6,6,6,6,1,1,1,1,6,1,1,1,1,1,6,1,9,9,9,1,1,1,6,6,6,6,6,6,1,1,1,1,6,6,6,1,6,6,6,1,1,6,6,1,1,1,1,1,1,1,1,1,1,6,1,6,1,6,6,6,6,6,1,1,1,6,1,6,6,6,6,6,1,1,1,1,9,9,9,1,1,1,1,1,1,1,1,6,1,1,1,1,1,1,1,1,6,6,6,6,1,1,6,6,1,1,1,1,6,1,6,1,6,6,6,1,1,1,1,1,6,1,1,1,1,1,1,6,6,1,6,6,6,6,1,1,1,6,6,6,6,1,6,6,6,1,1,1,1,1,1,6,1,6,1,1,1,6,6,6,6,1,1,1,6,1,1,1,1,1,1,1,6,6,1,1,1,1,6,1,1,1,1,1,1,6,1,1,1,1,6,6,1,6,1,1,1,1,1,1,1,6,1,1,6,1,1,1,1,1,1,1,6,6,6,6,6,1,1,1,1,1,6,6,6,1,1,1,1,1,1,6,6,1,6,1,1,1,1,1,1,1,6,1,1,1,1,1,1,1,6,1,1,1,1,1,6,1,1,1,1,9,1,1,1,1,6,1,1,1,1,1,1,1,1,1,1,1,1,6,1,1,1,6,6,1,1,6,1,1,1,6,1,1,1,1,1,1,1,6,1,1,1,1,1,1,1,1,1,1,1,6,1,1,1,1,1,1,6,1,6,1,9,9,9,1,1,1,6,1,1,1,1,1,1,1,1,1,6,1,1,1,1,1,1,1,1,1,1,1,1,6,6,6,1,1,1,1,1,1,6,6,1,1,1,1,1,1,1,1,1,1,1,1,1,1,1,6,1,1,1,1,1,6,1,1,1,1,1,1,1,1,1,1,1,1,1,1,1,1,1,1,1,1,1,1,1,1,1,1,1,1,1,1,1,1,1,1,1,1,1,6,1,1,6,1,1,1,1,1,1,1,1,6,1,1,1,1,1,6,1,1,1,6,1,6,1,1,1,1,1,1,6,1,6,1,6,1,1,1,1,1,1,1,1,6,1,1,1,1,1,1,6,1,9,1,1,1,1,1,1,6,1,1,1,1,1,1,1,1,1,1,1,1,1,1,1,6,1,1,6,6,1,6,1,6,1,6,6,6,1,1,1,1,1,1,1,1,1,1,1,6,1,6,1,1,1,1,1,1,1,1,1,1,1,1,1,1,6,6,6,1,6,1,1,6,1,1,1,6,1,1,9,9,9,9,9,9,9,9,9,9,9,9,9,9,9,9,9,9,9,9,9,9,9,9,1,1,1,1,1,1,6,1,1,1,1,1,1,6,6,1,6,6,1,6,1,1,1,1,6,6,1,1,1,1,1,1,1,1,1,1,1,1,1,1,1,1,1,1,6,1,6,1,1,1,6,1,1,1,1,1,6,1,1,1,1,1,1,1,1,6,1,1,1,6,1,1,1,1,1,1,1,1,1,6,6,6,1,1,1,1,1,1,1,6,1,1,1,6,1,1,6,1,1,1,1,1,1,1,1,1,1,1,1,1,1,6,6,6,1,1,1,1,1,1,1,6,1,1,1,1,1,6,1,1,1,1,1,6,1,1,1,1,1,1,1,1,1,1,6,1,1,1,1,6,1,1,1,6,1,1,1,6,6,6,6,1,1,1,1,1,1,1,1,1,1,1,1,1,6,1,1,1,1,1,1,1,6,1,1,1,1,1,1,1,1,1,1,1,1,1,1,1,1,1,1,1,1,1,1,1,1,1,1,1,1,1,1,1,1,1,1,6,1,1,1,1,1,1,1,1,1,1,1,1,1,1,1,1,1,1,1,1,1,1,1,1,1,1,1,1,1,1,1,1,1,1,1,1,1,1,1,6,1,1,1,1,1,1,1,1,1,1,1
329,21725,HOLLINGSWORTH,200,1,1,1,6,1,6,1,1,1,1,1,6,6,6,6,6,6,6,6,1,6,1,1,1,1,1,1,6,6,1,1,1,1,1,1,6,6,6,6,6,6,6,6,1,6,6,6,6,6,1,1,6,1,1,1,6,1,1,1,1,1,1,6,1,1,1,1,1,1,1,1,1,1,1,1,1,1,1,1,1,1,1,1,1,1,1,1,1,1,1,1,1,1,1,1,1,1,1,1,1,1,1,1,6,6,6,6,6,6,6,6,6,1,1,1,1,6,6,1,1,6,1,1,6,1,1,1,1,1,1,6,1,6,6,1,1,1,1,6,6,6,6,6,6,6,6,1,6,6,6,1,6,6,6,6,6,1,1,1,1,1,1,1,6,6,6,1,1,1,1,1,1,1,1,1,1,1,1,1,1,1,6,1,6,1,1,1,1,1,1,1,1,1,1,1,1,1,1,1,1,1,1,1,6,1,6,1,1,1,1,1,1,1,6,1,1,1,1,1,1,1,1,1,1,1,1,1,1,1,1,1,1,1,1,6,1,1,1,1,1,1,6,1,1,1,1,1,6,1,1,1,1,1,1,1,1,1,1,1,1,1,1,1,1,1,6,1,1,1,1,1,1,1,1,9,1,1,6,6,6,1,6,1,1,1,1,1,1,1,1,1,6,1,1,1,1,1,1,1,1,1,1,1,6,1,1,1,1,1,1,1,1,6,1,1,1,6,1,1,1,1,1,1,1,1,1,1,1,1,1,1,1,1,1,6,1,1,1,1,6,1,6,1,1,1,1,1,1,6,6,1,6,1,1,6,6,6,6,6,6,1,6,6,1,6,1,6,1,1,6,1,1,1,1,1,6,1,1,1,1,1,1,1,6,6,6,6,6,6,1,1,1,1,6,6,6,1,6,6,6,1,1,6,6,1,1,1,1,1,1,1,1,9,9,9,9,9,9,9,9,9,9,9,9,9,9,9,9,9,9,9,9,9,9,9,9,9,1,1,1,1,1,1,1,1,1,1,1,6,1,1,1,6,1,1,1,1,6,6,6,6,6,1,6,6,1,1,6,1,6,1,6,1,6,6,6,1,1,6,6,6,6,1,1,1,1,1,1,6,6,1,1,6,6,6,1,1,1,6,6,1,6,6,6,1,6,1,1,1,1,1,6,6,1,6,1,1,1,6,6,6,6,1,1,1,6,1,1,1,1,1,1,1,6,6,1,1,1,1,6,9,1,1,1,1,1,6,1,1,1,1,6,6,1,6,1,1,1,1,1,1,1,6,1,1,6,1,1,1,1,1,1,1,6,6,6,6,6,1,1,1,1,1,6,6,6,1,1,1,1,1,1,6,6,1,6,1,1,1,1,1,1,1,6,1,1,1,1,1,1,1,6,1,1,1,1,1,6,1,1,1,1,1,1,1,1,1,6,1,1,1,1,1,1,1,1,1,1,1,1,6,1,1,1,6,6,1,1,6,1,1,1,6,1,1,1,1,1,1,1,6,1,1,1,1,1,1,1,6,1,1,1,6,1,1,1,1,1,1,6,1,6,1,1,1,1,1,1,1,6,1,1,1,1,1,1,1,1,1,6,1,1,1,1,1,1,6,6,1,1,1,1,9,6,6,1,1,1,1,1,1,6,6,1,1,1,1,1,1,1,1,1,1,1,1,1,1,1,6,1,6,1,1,1,6,1,1,1,1,1,1,1,1,1,1,1,1,1,1,1,1,1,1,1,1,1,1,1,1,1,1,1,1,1,1,6,1,1,1,1,1,1,6,1,1,6,1,1,1,1,1,1,1,1,6,1,1,1,1,1,6,1,1,9,6,1,6,1,1,1,1,1,1,6,1,6,1,6,1,1,1,1,1,1,1,1,6,1,1,1,1,1,1,6,1,1,1,1,1,1,1,1,6,1,1,1,1,1,1,1,1,1,1,1,1,1,1,1,6,1,1,6,6,1,6,1,6,1,1,1,6,1,1,1,1,1,1,1,1,1,1,1,6,1,6,1,1,1,1,1,1,1,1,1,1,1,1,1,1,1,6,6,1,6,1,1,6,6,1,1,6,1,1,1,1,1,1,1,1,6,1,1,1,1,1,6,6,6,6,1,1,6,6,1,6,1,1,1,1,1,1,1,1,6,1,1,1,1,1,1,1,6,1,6,6,1,6,6,1,1,6,6,6,6,1,1,1,1,1,1,1,1,1,1,1,1,1,1,1,1,1,6,1,6,1,1,1,6,1,1,1,1,1,6,1,1,1,1,1,1,1,1,6,6,1,1,6,1,6,6,1,1,1,6,6,6,6,6,6,1,1,1,1,1,1,1,6,1,1,1,6,1,1,6,1,1,1,1,1,1,1,1,1,1,1,1,1,1,6,1,6,6,1,1,1,1,1,1,6,1,1,1,6,1,6,1,1,1,1,6,6,6,1,1,1,1,1,1,1,6,1,6,1,1,1,1,6,1,1,1,6,1,1,1,6,6,6,6,1,1,1,1,1,1,1,6,1,1,1,1,1,6,1,1,1,1,1,1,1,6,1,1,1,1,1,1,1,1,1,1,1,1,1,1,1,1,1,1,1,1,1,1,1,1,1,9,1,1,9,1,1,1,1,1,1,1,1,1,1,1,1,1,1,1,1,1,1,1,1,1,1,1,1,1,1,1,1,1,1,1,1,1,1,1,1,1,1,1,1,1,1,1,1,1,1,1,1,1,1,1,1,1,1,6,1,1
330,21726,JAYAPAL,100,6,6,6,1,6,1,6,6,6,6,6,1,1,1,1,1,1,1,1,6,1,6,1,1,6,6,6,1,1,6,6,6,1,6,6,1,1,1,1,1,1,1,1,6,1,1,1,1,1,6,6,1,6,6,6,1,6,6,1,1,6,6,1,6,1,1,6,6,6,6,6,6,6,6,6,6,6,1,1,6,6,6,6,6,1,1,6,6,6,6,6,6,6,6,6,6,6,6,1,6,1,6,6,1,1,1,1,1,1,1,1,1,6,6,6,6,1,1,6,6,1,6,1,1,6,1,6,6,6,6,1,6,1,1,6,1,6,6,9,1,1,1,1,1,1,1,6,1,1,1,6,1,1,1,1,1,6,1,1,6,6,6,6,1,1,1,6,6,1,1,1,1,1,1,6,6,1,6,6,1,6,1,1,1,6,1,6,6,6,6,6,1,6,1,1,6,6,6,6,6,6,6,6,1,6,1,6,1,1,6,6,6,6,1,6,6,6,6,6,1,1,1,6,6,1,1,6,6,6,1,1,1,6,6,1,1,1,1,6,6,1,1,6,6,6,6,1,1,1,6,6,6,6,1,6,1,1,6,6,6,1,6,6,6,1,1,6,6,6,6,6,1,6,6,6,1,1,1,1,1,6,1,6,1,1,1,6,6,6,6,6,1,6,6,6,6,6,6,1,1,6,6,6,1,6,6,6,1,1,6,6,6,1,6,6,6,1,6,1,6,1,1,1,9,6,6,1,1,1,6,6,6,6,6,1,6,1,6,6,1,6,1,6,1,1,6,6,1,1,1,6,1,6,6,6,1,1,1,1,1,6,1,1,1,1,6,6,6,6,6,6,6,6,6,1,1,6,1,1,1,6,6,1,1,1,1,1,1,1,6,6,6,6,1,1,1,6,1,1,1,6,6,1,1,6,6,6,1,6,6,6,1,6,6,6,6,1,6,1,1,1,1,1,1,6,6,6,6,1,1,1,1,1,6,6,6,1,1,1,1,6,6,6,6,6,6,6,6,1,6,6,6,6,6,6,6,6,1,1,1,1,6,6,1,1,6,6,6,6,1,6,1,6,1,1,1,6,6,1,6,6,1,6,1,6,6,6,6,1,1,6,1,6,1,1,6,6,1,1,1,1,1,6,1,1,1,6,6,6,6,6,6,1,6,1,6,6,6,1,1,1,1,6,6,1,1,6,1,6,1,6,6,6,1,1,6,6,6,1,1,6,6,1,1,6,6,1,6,1,6,6,1,1,6,1,6,1,1,6,6,1,1,1,1,1,1,1,1,1,1,6,6,1,1,1,1,1,1,6,1,6,6,6,1,1,1,6,6,1,1,6,6,1,1,6,1,6,1,6,6,6,6,6,1,6,1,1,6,6,6,6,1,6,6,6,6,1,1,6,1,6,6,1,6,6,6,6,1,6,6,6,6,1,1,1,6,1,6,9,9,9,9,9,9,9,9,9,9,1,6,6,6,1,1,1,6,6,6,6,9,1,6,1,6,6,1,6,1,6,1,1,1,1,6,6,6,6,6,6,1,6,1,6,6,1,1,6,6,1,1,6,1,6,1,6,6,6,6,1,1,6,6,6,6,1,6,6,6,1,1,1,1,1,1,1,6,6,6,6,1,6,1,1,6,1,1,1,6,6,1,1,6,1,6,6,6,6,6,1,6,6,1,6,6,6,6,6,6,6,1,6,1,1,6,6,6,1,1,6,6,6,6,6,6,6,6,6,1,1,6,6,6,6,6,6,6,1,1,6,6,1,9,1,6,6,1,6,1,1,6,6,6,6,6,1,6,6,6,1,1,1,6,6,6,1,6,1,6,6,1,6,6,1,1,6,1,6,1,6,6,6,1,1,6,6,6,1,6,6,6,6,1,9,6,1,1,9,1,6,6,6,6,1,6,6,6,9,9,1,6,6,1,1,1,1,1,6,6,1,6,1,1,6,6,1,6,1,1,6,6,1,1,6,1,1,6,6,6,6,6,6,6,1,6,6,6,6,1,1,1,6,6,6,1,6,6,6,6,6,6,6,6,6,6,6,6,6,6,1,6,1,6,6,1,1,1,6,6,6,1,6,6,6,6,6,1,1,1,1,6,1,1,1,1,1,6,6,1,1,1,6,6,6,1,1,1,6,6,6,6,1,1,6,1,1,6,1,6,6,6,6,1,1,6,1,1,1,6,9,1,1,6,6,6,6,1,1,9,6,6,6,1,6,1,1,6,6,1,6,6,6,6,6,1,1,1,1,6,6,1,1,1,1,6,6,6,1,6,6,6,6,6,6,6,6,1,1,6,1,6,1,1,6,6,6,6,1,6,6,6,1,6,6,1,6,1,1,6,6,1,1,1,1,7,1,6,6,6,1,1,1,6,6,6,6,6,6,6,1,6,6,6,6,6,1,6,6,6,6,6,1,6,9,9,6,6,6,6,6,1,1,1,6,6,6,6,1,6,6,6,1,1,6,6,1,1,1,1,6,6,1,1,1,6,1,1,1,1,6,6,1,6,6,1,6,6,6,6,6,1,6,1,1,1,6,1,9,1,1,6,1,1,1,1,1,1,1,6,6,6,1,1,1,1,1,1,1,1,1,1,1,1,6,1,1,1,1,1,1,1,1,1,1,1,1,1,1,1,1,6,1,1,1,6,6,6,6,1,6,1,1,1,1,1,1,1,1,1,1,1,1,6,1,1,1,1,1,1,1,1,6,1,1,6,6,1
331,21727,JOHNSON,200,1,1,1,6,1,6,1,1,1,1,1,6,6,6,6,6,6,6,6,1,6,1,1,1,1,1,1,6,6,1,1,1,1,1,1,6,6,6,6,6,6,6,6,1,6,6,6,6,6,1,1,6,1,1,1,6,1,1,1,1,1,1,6,1,9,9,1,1,1,1,1,1,1,1,1,1,1,1,1,1,1,1,1,1,1,1,1,1,1,1,1,1,1,1,1,1,1,1,1,1,1,1,1,1,6,6,6,6,6,6,6,6,1,1,1,1,6,6,1,1,6,1,6,6,1,1,1,1,1,1,6,1,6,6,1,1,1,1,6,6,6,6,6,6,6,6,1,6,6,6,1,6,6,6,6,6,1,1,1,1,1,1,1,6,6,6,1,1,1,1,1,1,1,1,1,1,1,1,1,1,1,6,1,6,1,1,1,1,1,1,1,1,1,1,1,1,1,1,1,1,1,1,1,6,1,6,1,1,1,1,1,1,1,6,1,1,1,1,1,1,1,1,1,1,1,1,1,1,1,1,1,1,1,1,9,1,1,1,1,1,1,6,1,1,1,1,1,6,1,1,1,1,1,1,1,1,1,1,1,1,1,1,1,1,1,6,1,1,1,1,1,1,1,1,1,1,1,6,6,6,1,6,1,1,1,1,1,1,1,1,1,6,1,1,1,1,1,1,1,1,1,1,1,6,1,1,9,1,1,1,1,1,6,1,9,1,6,1,1,1,1,1,1,1,1,1,1,1,1,1,1,1,1,1,6,1,1,1,1,6,1,6,1,1,1,1,1,1,6,6,1,6,1,1,1,6,6,6,6,6,1,6,6,6,6,1,1,1,1,6,1,1,1,1,1,6,1,9,9,9,1,1,1,6,6,6,6,6,6,1,1,1,1,6,6,6,1,6,6,6,1,1,6,6,1,1,1,1,1,1,1,1,1,1,6,1,6,1,6,6,6,6,6,1,1,1,6,1,6,6,6,6,6,1,1,1,1,1,1,1,1,1,6,1,1,1,1,1,6,1,1,1,1,1,1,1,1,6,6,6,6,6,1,6,6,1,1,1,1,6,1,6,1,6,6,6,1,1,1,1,1,6,1,1,1,1,1,1,6,6,1,6,6,6,6,1,1,6,6,6,6,6,1,6,1,6,1,1,1,1,1,1,6,1,6,1,1,1,6,6,6,6,1,1,1,6,1,1,1,1,1,1,1,6,6,1,1,1,1,6,6,1,1,1,1,1,6,1,1,1,1,6,6,1,6,1,1,1,1,1,1,1,6,1,6,6,1,1,1,1,1,1,1,6,6,6,6,6,1,1,1,1,1,6,6,6,1,1,1,1,1,1,6,6,1,6,1,1,1,1,1,1,1,6,1,1,1,1,1,1,1,6,1,1,1,1,1,6,1,1,1,1,1,1,1,1,1,6,1,1,1,1,1,1,1,1,1,1,1,1,6,1,1,1,6,6,1,1,6,1,1,1,6,1,1,1,1,1,1,1,6,1,1,1,1,1,1,1,1,1,1,1,6,1,1,1,1,1,1,6,1,6,1,1,1,1,1,1,1,6,1,1,1,1,1,1,1,1,1,6,1,1,1,1,1,1,1,1,1,1,1,1,6,6,6,1,1,1,1,1,1,1,6,1,1,9,9,1,1,1,1,1,1,1,1,1,1,1,6,1,1,1,1,1,6,1,1,1,1,1,1,1,1,1,1,1,1,9,9,9,9,9,1,1,1,1,1,1,1,1,1,1,1,1,1,6,1,1,1,1,1,1,6,1,1,6,1,1,1,1,1,9,1,1,6,1,6,1,9,9,6,1,1,1,6,1,6,1,1,1,1,1,1,6,1,6,1,6,1,1,1,1,1,1,1,1,6,1,1,1,1,1,1,6,1,1,1,1,1,1,1,1,6,1,1,9,1,1,1,1,1,1,1,1,9,9,1,1,6,1,1,6,6,1,6,1,6,1,6,1,6,1,1,1,1,1,1,1,1,1,1,1,6,1,6,1,1,1,1,1,1,1,1,1,1,1,1,1,1,6,6,1,1,6,1,6,1,1,1,1,6,1,1,1,1,1,1,1,1,6,1,1,1,1,1,6,6,6,6,1,1,6,6,1,6,1,1,1,1,1,1,1,1,6,1,1,1,1,1,1,6,6,1,6,6,1,6,1,1,1,1,6,6,1,1,1,1,1,1,1,1,1,1,9,9,1,1,1,1,1,1,6,1,6,1,1,1,6,1,1,1,1,1,6,1,1,1,1,1,1,1,1,6,6,1,1,6,1,6,1,1,1,1,6,6,6,6,6,6,1,1,1,1,1,1,1,6,1,1,1,6,1,1,6,1,1,1,1,1,1,1,1,1,1,1,1,1,6,6,6,6,1,1,1,1,1,1,1,6,1,1,1,1,1,6,1,1,1,1,1,6,1,1,1,1,1,1,1,1,1,1,6,1,1,1,1,6,1,1,1,6,1,1,1,6,6,6,6,1,1,1,1,1,1,1,1,1,1,1,1,1,6,1,1,6,1,1,1,1,6,1,1,1,1,1,1,1,1,1,1,1,1,1,1,1,1,1,1,1,1,1,1,1,1,1,1,1,1,1,1,1,6,1,1,1,1,1,1,1,1,1,1,1,1,1,1,1,1,1,6,1,1,1,1,1,1,1,1,1,1,1,1,1,1,1,6,1,1,1,1,6,1,1,1,6,1,1,1,1,1,1,1,1,6,1,1
332,21728,KHANNA,100,6,6,6,1,6,1,6,6,6,1,6,1,1,1,1,1,1,1,1,6,1,6,1,1,6,6,6,1,1,6,6,6,1,6,6,1,1,1,1,1,1,1,1,6,1,1,1,1,1,6,6,1,6,6,6,1,6,6,1,1,6,6,1,6,1,1,6,6,6,6,6,6,6,6,6,6,6,1,1,6,6,6,6,6,1,1,6,6,6,6,6,6,6,6,6,6,6,6,1,6,1,6,6,1,1,1,1,1,1,1,1,1,6,6,6,6,1,1,6,6,1,6,1,1,6,1,6,6,6,6,1,6,1,1,9,1,6,6,1,1,1,1,1,1,1,1,6,1,1,1,6,1,1,1,1,1,6,1,1,6,6,6,6,1,1,1,6,6,1,1,1,1,1,1,6,6,1,6,6,1,6,1,1,1,6,1,6,6,6,6,6,1,6,1,1,6,6,6,6,6,6,6,6,1,6,1,6,1,1,6,6,6,6,1,6,6,6,6,1,1,1,1,6,6,1,1,1,6,6,1,1,1,6,6,1,1,1,1,6,6,1,1,6,6,6,6,1,1,1,6,6,6,6,1,6,1,1,6,6,6,1,6,6,6,1,1,6,6,6,6,6,1,6,6,6,1,1,1,1,1,6,1,6,1,1,1,6,6,6,6,6,1,6,6,6,6,6,6,1,1,6,6,6,1,6,1,6,1,1,6,6,6,1,6,6,6,1,6,1,6,1,1,1,6,6,6,1,1,1,6,6,6,6,6,1,6,1,6,6,1,6,1,6,1,1,9,9,9,9,9,9,1,6,6,6,1,1,1,1,1,6,1,1,1,1,6,6,6,6,6,6,6,6,6,1,1,6,1,1,1,6,6,1,1,1,1,1,1,1,6,6,6,6,1,1,1,6,1,1,1,6,1,1,1,6,6,6,1,6,6,6,1,6,6,6,6,1,6,1,1,1,1,1,1,6,6,6,6,1,1,1,1,1,6,6,6,1,1,1,1,6,6,6,6,6,6,6,6,1,6,6,6,6,6,6,6,6,1,1,1,1,6,6,1,1,6,6,6,6,1,6,1,6,1,1,1,6,6,1,6,6,1,6,1,6,6,6,6,1,1,6,1,6,1,1,6,6,1,1,1,1,1,6,1,1,1,6,6,6,6,6,6,1,6,1,6,6,6,1,1,1,1,6,6,1,1,6,1,6,1,6,6,6,1,1,6,6,6,1,1,6,6,1,1,6,6,1,6,1,6,6,1,1,6,1,6,1,1,6,6,1,1,1,1,1,1,1,1,1,1,6,6,1,1,1,1,1,1,6,1,6,6,6,1,1,1,6,6,1,1,6,6,1,1,6,1,6,1,6,6,6,6,6,1,6,1,1,6,6,6,6,1,6,6,6,6,1,1,6,1,6,1,1,1,6,6,6,1,6,6,6,6,1,1,1,6,1,6,6,6,9,6,6,6,1,1,6,1,1,6,6,6,1,1,1,6,1,6,6,1,1,6,1,6,6,1,1,1,6,1,1,1,1,6,6,6,6,6,6,1,6,1,6,6,1,1,6,6,1,1,6,1,6,1,6,6,6,6,1,1,6,6,6,6,1,6,6,6,1,1,1,1,1,1,1,6,6,6,6,1,6,1,1,6,1,1,1,6,6,1,1,6,1,6,6,6,6,6,1,6,6,1,1,6,6,6,6,6,6,1,6,1,1,6,6,6,1,1,6,6,6,6,6,6,6,6,6,1,1,6,6,1,6,6,6,6,1,1,6,6,1,1,1,6,6,1,6,1,1,6,6,6,6,6,1,6,6,6,1,1,1,6,6,6,1,6,1,6,6,1,6,6,1,1,6,1,6,1,6,6,6,1,1,6,6,6,1,6,1,6,6,1,1,6,1,1,1,1,6,6,6,6,1,6,6,6,1,1,1,6,6,1,1,1,1,1,6,6,1,6,1,1,6,6,1,6,1,1,6,6,1,1,6,1,1,6,6,6,6,6,6,6,1,6,1,6,6,1,1,1,6,6,6,1,1,6,6,6,6,6,6,6,6,6,6,6,6,6,1,6,1,6,9,1,1,1,6,6,6,1,6,6,6,6,6,1,1,1,1,6,1,1,1,1,1,6,6,1,1,1,6,6,6,1,1,1,6,6,6,6,1,1,6,1,1,6,1,6,6,6,6,1,1,6,1,1,6,6,6,9,1,6,6,6,6,1,1,6,6,6,6,1,6,1,6,6,6,1,6,6,6,6,6,1,1,1,1,6,6,1,6,1,1,6,6,6,1,1,1,6,6,6,6,6,6,1,6,6,1,1,1,1,6,6,6,6,1,6,6,6,1,6,6,1,6,1,1,6,6,1,1,1,1,7,1,6,6,6,1,1,1,6,6,6,6,6,6,6,1,6,6,6,6,6,1,6,6,6,6,6,1,6,1,1,6,6,6,6,1,1,1,1,6,6,6,6,1,6,6,6,1,1,6,6,1,1,1,1,6,6,1,1,1,6,1,1,1,1,6,6,1,6,7,6,6,6,6,6,6,1,6,1,1,1,6,1,6,1,1,6,1,1,1,1,1,1,1,6,6,1,1,1,1,1,1,1,1,1,1,1,1,1,6,1,1,1,1,1,1,1,1,1,1,1,1,1,1,1,1,6,1,1,1,6,6,6,6,1,6,1,1,1,1,1,1,1,1,1,1,1,1,6,1,1,1,1,1,1,1,1,6,1,1,6,6,1
333,21729,KIHUEN,100,6,6,6,1,6,9,6,6,6,6,6,1,1,1,1,1,1,1,1,6,1,6,1,1,6,6,6,1,1,6,6,6,1,6,6,1,1,1,1,1,1,1,1,6,1,1,1,1,1,6,6,1,6,6,6,1,6,6,1,1,6,6,1,6,1,1,6,6,6,6,6,6,6,6,6,6,6,1,1,6,6,6,6,6,1,1,6,6,6,6,6,6,6,6,6,6,6,6,1,6,1,6,6,1,1,1,1,1,1,1,1,1,6,6,6,1,1,1,6,6,1,1,1,1,6,1,6,6,6,6,1,6,1,1,1,1,6,6,1,1,1,1,1,1,1,1,6,1,1,1,6,1,1,1,1,1,6,1,1,6,6,6,6,1,1,1,6,6,1,1,6,1,1,1,6,6,1,6,6,1,6,1,1,1,6,1,6,6,6,6,6,1,6,1,1,6,6,6,6,6,6,6,6,1,6,1,6,1,1,6,6,6,6,1,1,6,6,6,1,1,1,1,6,6,1,1,6,6,6,1,1,1,6,6,1,1,1,1,6,6,1,1,6,6,6,6,1,1,1,6,6,6,6,1,6,1,1,6,6,6,1,6,6,6,1,1,6,1,1,6,6,1,6,6,6,1,1,9,9,9,9,9,9,9,9,9,6,6,6,6,6,1,6,6,6,6,6,6,1,1,6,6,6,1,6,1,1,1,1,6,6,6,1,1,6,6,1,6,1,1,1,1,1,6,6,6,1,1,1,6,6,6,6,6,1,6,1,6,6,1,6,1,6,1,1,6,6,1,1,1,6,6,6,6,6,6,1,1,9,1,6,1,1,1,1,6,6,6,6,6,6,6,6,6,1,1,1,1,1,1,6,6,1,1,1,1,1,1,1,6,6,6,6,1,1,1,6,1,1,1,6,1,1,1,6,1,6,1,6,6,6,1,6,6,6,6,1,6,1,1,1,1,1,1,6,6,6,6,1,1,1,1,1,6,6,1,1,1,1,1,6,6,6,6,6,6,6,6,1,6,6,6,6,6,6,6,6,1,1,1,1,6,6,1,1,6,6,6,6,1,6,1,6,1,1,1,6,6,1,6,6,1,6,1,6,6,6,6,1,1,6,1,6,1,1,6,6,1,1,1,1,1,6,1,1,1,6,6,6,6,6,6,1,6,1,1,6,6,1,1,6,1,6,6,1,1,6,1,1,1,6,6,6,1,1,6,6,6,1,1,1,6,9,9,9,9,9,9,9,9,9,9,9,9,9,9,1,1,6,6,1,1,1,1,1,1,1,1,1,6,6,6,1,1,1,1,1,1,6,1,6,6,6,1,1,1,6,6,1,1,6,6,1,1,6,1,6,1,6,6,6,6,1,1,6,1,1,6,6,6,6,1,6,1,6,6,1,1,6,1,6,1,1,6,6,6,6,1,6,1,6,6,9,1,1,6,1,1,6,6,1,6,6,6,1,1,6,1,1,6,6,9,1,9,1,6,1,6,6,1,1,6,1,6,6,1,6,1,6,1,1,1,1,6,6,6,6,6,1,1,6,1,6,6,1,1,6,6,1,1,6,1,1,1,6,6,6,6,1,1,6,6,6,6,1,6,6,6,9,1,1,1,6,1,1,6,6,6,6,1,6,1,1,6,1,1,1,6,6,1,1,6,1,6,6,6,6,6,1,6,6,1,1,6,6,6,6,6,6,1,6,1,1,6,6,6,1,1,6,6,6,6,6,6,6,6,6,1,1,6,1,6,1,6,6,6,1,1,6,6,1,1,1,1,6,1,6,1,1,6,6,6,6,6,1,6,1,1,1,1,1,6,6,6,1,6,1,6,6,1,6,6,1,1,6,1,6,1,1,6,6,1,1,6,6,1,1,6,6,6,6,1,1,6,1,1,1,1,6,6,6,1,1,6,6,6,1,1,1,6,6,1,1,1,1,1,6,6,1,6,1,1,6,6,1,6,1,1,6,6,1,1,6,1,1,6,6,6,6,6,6,6,1,6,1,6,6,1,1,1,6,6,6,1,1,1,6,6,6,6,6,6,6,6,6,6,6,6,6,6,1,6,6,1,1,1,6,6,6,1,6,6,6,6,6,6,6,1,1,1,1,6,6,1,1,6,1,1,1,1,6,6,6,1,1,1,6,6,6,6,1,1,6,1,1,6,1,6,6,6,6,1,1,6,1,1,6,6,6,1,1,1,6,6,6,1,1,6,6,6,6,1,6,1,6,6,6,1,6,6,6,6,6,1,1,1,1,6,6,1,6,1,1,6,6,6,1,1,1,6,6,6,6,6,6,1,1,6,1,1,1,1,6,6,6,6,1,6,6,6,1,6,1,1,6,1,1,6,6,1,1,1,1,7,1,6,6,6,1,1,1,6,6,6,6,6,6,6,1,6,6,6,6,6,1,6,6,6,6,6,1,6,1,1,6,6,6,6,6,1,1,1,6,6,6,1,1,6,6,6,1,1,6,6,1,1,1,1,6,6,1,1,1,6,1,1,1,1,6,6,1,1,6,1,1,6,6,6,6,1,6,1,1,1,6,1,6,1,1,6,1,1,1,1,1,1,1,6,6,6,1,1,1,1,1,1,1,1,1,1,1,1,6,1,1,9,1,1,1,1,1,1,1,1,1,1,1,1,1,6,1,1,1,6,6,6,6,1,6,1,1,1,1,1,1,1,1,1,1,1,1,6,1,1,1,1,1,1,1,1,6,1,1,6,6,1
334,21730,KRISHNAMOORTHI,100,6,6,6,1,6,1,6,6,6,1,6,1,1,1,1,1,1,1,1,6,1,6,1,1,6,6,1,1,1,1,6,6,1,6,6,1,1,1,1,1,1,1,1,6,1,1,1,1,1,6,6,1,6,6,6,1,6,6,1,1,6,6,1,6,9,1,6,6,6,6,6,6,6,6,6,6,6,1,1,6,6,6,6,6,1,1,6,6,6,6,6,6,6,6,6,6,6,6,1,6,1,6,6,1,1,1,1,1,1,1,1,1,6,6,6,6,1,1,6,6,1,6,1,1,6,1,6,6,6,6,1,6,1,1,1,1,6,6,1,1,1,1,1,1,1,1,6,1,1,1,6,1,1,1,1,1,6,1,1,6,6,6,1,1,1,1,6,6,1,1,1,1,1,1,6,6,1,6,6,1,6,1,1,1,6,1,6,6,1,6,6,1,1,1,1,6,6,6,6,6,6,6,6,1,6,1,6,1,1,6,6,6,6,1,1,6,6,6,1,1,1,1,6,6,1,1,1,6,6,1,1,1,1,6,1,1,1,1,6,6,1,1,6,1,6,6,1,1,1,1,6,6,6,1,6,1,1,6,6,6,1,6,6,1,1,1,6,1,1,6,6,1,6,6,6,1,1,1,1,1,6,1,1,1,1,1,6,6,6,6,6,1,6,6,6,6,6,6,1,1,6,6,1,1,6,1,6,1,1,6,6,6,1,1,6,6,1,6,1,6,1,1,1,6,6,1,1,1,1,6,6,1,6,6,1,6,1,6,6,1,6,1,6,1,1,6,6,1,1,1,6,6,6,6,6,6,1,1,1,1,6,1,1,1,1,6,6,6,6,1,6,6,6,6,1,1,1,1,1,1,6,6,1,1,1,1,1,1,1,6,6,6,6,1,1,1,6,1,1,1,6,1,1,1,6,6,6,1,6,6,6,1,6,6,6,6,1,6,1,1,1,1,1,1,6,6,6,6,1,1,1,1,1,6,6,1,1,1,1,1,6,6,1,6,6,6,6,6,1,6,6,6,6,6,6,6,6,1,1,1,1,6,6,1,1,6,6,6,6,1,6,1,6,1,1,1,6,6,1,6,6,1,6,1,6,6,6,6,1,1,6,1,6,1,1,6,6,1,1,1,1,1,6,1,1,1,6,6,6,6,6,6,1,6,1,6,6,6,1,1,1,1,6,6,1,1,6,1,6,1,6,6,1,1,1,6,6,6,1,1,1,6,1,1,6,6,1,6,1,6,6,6,1,6,6,6,1,1,6,6,1,1,1,1,1,1,1,1,1,1,6,6,1,1,1,1,1,1,6,1,6,6,1,1,1,1,6,6,1,1,6,6,1,1,6,1,6,1,6,6,6,6,1,1,6,1,1,1,6,6,1,1,6,1,6,6,1,1,6,1,6,1,1,1,6,6,1,1,6,1,6,6,9,1,1,6,1,1,6,6,1,6,6,6,1,1,6,1,1,6,1,6,1,1,1,1,1,6,6,1,1,6,1,6,6,1,1,1,6,1,1,1,1,1,6,6,6,6,6,1,1,1,6,6,1,1,6,6,1,1,6,1,1,1,1,6,6,6,1,1,6,6,6,6,1,1,6,1,1,1,1,1,6,6,6,6,6,6,6,1,6,1,1,1,1,1,1,6,6,1,1,6,1,6,6,6,6,6,1,6,6,1,1,6,6,6,6,6,6,1,6,1,1,6,6,6,1,1,1,6,6,6,6,6,6,6,6,1,1,1,1,1,6,6,6,6,1,1,6,6,1,1,1,6,6,1,6,1,1,6,6,6,6,6,1,6,1,1,1,1,1,6,6,6,1,6,1,6,6,1,6,6,1,1,6,1,6,1,1,6,6,1,1,6,6,1,1,6,1,6,6,1,1,1,1,1,1,1,1,6,6,6,1,6,6,6,1,1,1,6,6,1,1,1,1,1,6,6,1,6,1,1,6,6,6,6,1,1,6,6,1,1,6,1,1,6,6,6,6,6,6,6,1,6,6,1,6,1,1,1,6,6,6,1,1,1,6,6,1,6,6,6,6,6,6,6,6,6,1,6,1,6,6,1,1,1,6,6,1,1,6,6,6,6,6,6,6,1,1,6,1,1,1,1,1,6,1,1,1,1,6,6,1,1,1,1,6,6,1,6,1,1,6,1,1,6,1,6,6,6,6,1,1,6,1,1,1,6,6,1,1,1,6,6,6,1,1,1,6,6,6,1,6,1,1,6,6,1,6,6,6,6,6,1,1,1,1,6,6,1,6,1,1,6,6,6,1,1,6,6,6,6,6,6,6,1,1,1,1,1,1,1,6,6,6,6,1,6,6,6,1,6,1,1,6,1,1,6,6,1,1,1,1,7,1,6,6,6,1,1,1,6,6,6,6,6,6,6,1,6,6,6,6,6,1,6,6,6,6,6,1,6,1,1,6,6,6,6,1,1,1,1,6,1,6,1,1,1,6,6,1,1,6,6,1,1,1,1,6,6,1,1,1,6,1,1,1,1,6,6,1,1,7,1,1,6,6,6,6,1,6,1,1,1,6,1,6,1,1,6,1,1,1,1,1,1,1,6,6,1,1,1,1,1,1,1,1,1,1,1,1,1,6,1,1,1,1,1,1,1,1,1,1,1,1,1,1,1,1,6,1,1,1,6,6,6,6,1,6,1,1,1,1,1,1,1,1,1,1,1,1,6,1,1,1,1,1,1,1,1,6,1,1,6,6,1
335,21731,KUSTOFF,200,1,1,1,6,1,6,1,1,1,1,1,6,6,6,6,6,6,6,6,1,6,1,1,1,1,1,1,6,6,1,1,1,1,1,1,6,6,6,6,6,6,6,6,1,6,6,6,6,6,1,1,6,1,1,1,6,1,1,1,1,1,1,6,1,1,1,1,1,1,1,1,1,1,1,1,1,1,1,1,1,1,1,1,1,1,1,1,1,1,1,1,1,1,1,1,1,1,1,1,1,1,1,1,6,6,6,6,6,6,6,6,6,1,1,1,1,6,6,1,1,6,1,6,6,1,1,1,1,1,1,6,1,6,6,1,1,1,1,6,6,6,6,6,6,6,6,1,6,6,6,1,6,6,6,6,6,6,1,1,1,1,1,1,6,6,6,1,1,1,1,1,1,1,1,1,1,1,1,1,1,1,6,1,6,1,1,1,1,1,1,1,1,1,1,1,1,1,1,1,1,1,1,1,6,1,6,1,1,1,1,1,1,1,6,1,1,1,1,1,1,1,1,1,1,1,1,1,1,1,1,1,1,1,1,1,1,1,1,1,1,1,6,1,1,1,1,1,6,1,1,1,1,1,1,1,1,1,1,1,1,1,1,1,1,1,6,1,1,1,1,1,1,1,1,1,1,1,6,6,6,1,9,9,9,1,1,1,1,1,1,1,6,1,1,1,1,1,1,1,1,1,1,1,6,1,1,1,1,1,1,1,1,6,1,1,1,6,1,1,1,1,1,1,1,1,1,1,1,1,1,1,1,1,1,6,6,1,1,1,6,1,6,1,1,1,1,1,1,6,6,1,6,1,1,1,6,6,6,6,6,1,6,6,1,6,1,1,1,1,6,1,1,1,1,1,6,1,1,1,1,1,1,1,6,6,6,6,6,6,1,1,1,1,6,6,6,1,6,6,6,1,1,6,6,1,1,1,1,1,1,1,1,1,1,6,6,6,1,6,6,6,6,6,6,1,1,1,1,6,6,6,6,6,1,1,1,1,1,1,1,1,1,1,1,6,6,1,6,6,1,1,1,1,1,1,1,1,6,6,6,6,1,1,6,6,1,1,6,6,6,1,6,1,6,6,6,1,1,6,1,1,6,1,1,1,1,1,1,6,6,1,6,6,6,6,1,1,6,6,6,6,6,6,6,6,6,1,1,1,1,1,1,6,1,6,1,1,1,6,6,6,6,1,1,6,6,1,1,1,1,1,1,1,6,6,1,1,1,1,6,1,1,1,1,1,1,6,1,1,1,1,6,6,1,6,1,1,1,1,1,1,1,6,1,6,6,1,1,1,1,1,1,1,6,6,6,6,6,1,1,1,1,1,6,6,6,1,1,1,1,1,1,6,6,1,6,1,1,1,1,1,1,1,6,1,1,1,1,1,1,1,6,1,1,1,1,1,6,1,1,1,1,1,1,1,1,1,6,1,1,1,1,1,1,1,1,1,1,1,1,6,1,1,1,6,6,1,1,6,1,1,1,6,1,1,1,1,1,1,1,6,1,1,1,1,1,1,1,1,1,1,1,6,1,1,1,1,1,1,6,1,6,1,1,1,1,1,1,1,6,1,1,1,1,1,1,1,1,1,6,1,1,1,1,1,1,1,1,1,1,1,1,6,6,6,1,1,1,1,1,1,6,6,1,1,1,1,1,1,1,1,1,1,1,1,1,1,1,6,1,1,1,1,1,6,1,1,1,1,1,1,1,1,1,1,1,1,1,1,1,1,1,1,1,1,1,1,1,1,1,1,1,1,1,1,1,1,1,1,1,1,1,6,1,1,6,1,1,1,1,1,1,1,1,6,1,6,1,1,1,6,1,1,1,6,1,6,1,1,1,1,1,1,6,1,6,1,6,1,1,1,1,1,1,1,1,6,1,1,1,1,1,1,1,1,1,1,1,1,1,1,1,6,1,1,1,1,1,1,1,1,1,1,1,1,1,1,1,6,1,1,9,9,9,9,9,9,9,9,9,9,9,9,1,1,1,1,1,1,1,1,1,6,1,6,1,1,1,1,1,1,1,1,1,1,1,1,1,1,1,6,1,1,6,1,1,6,6,1,1,6,1,1,1,1,1,1,1,1,6,1,1,1,1,1,6,6,6,6,1,1,6,6,1,6,1,1,1,1,1,1,1,1,6,1,1,1,1,1,1,6,6,1,6,6,1,6,1,1,1,1,6,6,1,1,1,1,1,1,1,1,1,1,1,1,1,1,1,1,1,1,6,1,6,1,9,9,6,1,1,1,1,1,6,1,1,1,1,1,1,1,1,6,6,1,1,6,1,6,1,1,1,1,6,6,6,6,6,6,1,1,1,1,1,1,1,6,1,9,9,9,9,9,9,9,1,1,1,1,1,1,1,1,1,1,1,1,1,6,6,6,1,1,1,1,1,1,1,6,1,1,1,1,1,6,1,1,1,1,1,6,1,9,9,1,1,1,1,1,1,1,6,1,1,1,1,6,1,1,1,6,1,1,1,6,6,6,6,1,1,1,1,1,1,1,1,1,1,1,1,1,1,1,1,1,1,1,1,1,6,1,1,1,1,1,1,1,1,1,1,1,1,1,1,1,1,1,1,1,1,1,1,1,1,1,1,1,1,1,1,1,1,1,1,6,1,1,1,1,1,1,1,1,1,1,1,1,1,1,1,1,1,1,1,1,1,1,1,1,1,1,1,1,1,1,1,1,1,1,1,1,1,1,1,1,1,1,1,1,1,1,1,1,1,1,1
336,21732,LAWSON,100,6,6,6,1,6,1,6,9,6,1,6,1,1,1,1,1,1,1,1,6,1,6,1,1,6,6,1,1,6,1,6,6,1,6,6,1,1,1,1,1,1,1,1,6,1,1,1,1,1,6,6,1,6,6,6,1,6,6,1,1,6,6,1,6,9,1,6,6,6,6,6,6,6,6,6,6,6,1,1,6,6,6,6,6,1,1,6,6,6,6,6,6,6,6,6,6,6,6,1,6,1,6,6,1,1,1,1,1,1,1,1,1,6,6,6,6,1,1,6,6,1,6,1,1,6,1,6,6,6,6,6,6,6,9,1,1,6,6,1,1,1,1,1,1,1,1,6,1,1,1,6,1,1,1,1,1,6,1,1,6,6,6,1,1,1,1,6,6,1,1,1,1,1,1,6,6,1,6,6,1,6,1,1,1,6,1,6,6,6,6,6,1,1,1,1,6,6,6,6,6,6,6,6,1,6,1,6,1,1,6,6,6,6,1,1,6,6,6,1,1,1,1,6,6,1,1,1,6,6,1,1,1,1,1,1,1,1,1,6,6,1,1,6,6,6,1,1,1,1,6,6,6,6,1,6,1,1,6,6,6,1,6,6,1,1,1,1,1,1,6,6,1,6,6,1,1,1,1,1,1,1,1,1,1,1,1,6,6,6,6,6,1,1,6,6,6,6,6,9,1,6,6,6,1,6,1,1,1,1,6,6,6,1,1,6,6,1,6,1,1,1,1,1,6,6,6,1,1,1,6,6,6,6,6,1,6,1,6,6,1,6,1,6,1,1,6,6,1,1,1,6,1,6,6,6,6,1,6,1,6,1,1,6,1,1,6,6,6,6,1,6,6,6,6,1,1,1,1,1,1,6,6,1,1,1,1,1,1,1,6,6,6,6,1,6,1,6,1,1,1,6,1,1,1,6,6,6,1,6,6,9,1,6,6,6,6,1,6,1,1,1,1,1,1,6,6,6,6,1,1,6,1,1,6,6,1,1,1,1,1,6,6,6,6,6,6,6,6,1,6,6,6,6,6,6,6,6,1,1,1,1,6,6,6,1,9,9,9,9,9,9,9,9,9,9,9,9,9,9,9,9,9,9,9,9,9,9,9,9,9,9,9,9,9,9,9,9,9,9,9,9,9,9,9,9,9,9,9,9,9,9,9,9,9,9,9,9,9,9,9,9,9,9,9,9,9,9,9,1,1,6,6,6,1,1,6,6,6,1,1,1,6,1,1,6,6,1,6,1,6,6,6,1,6,1,6,1,1,6,6,1,1,1,1,1,1,1,1,1,1,6,6,1,1,1,1,1,1,6,1,6,9,1,1,1,1,6,6,1,1,6,6,1,1,6,1,6,1,6,6,6,6,6,1,6,1,1,6,6,6,6,1,6,1,6,6,1,9,6,1,6,1,1,6,6,6,6,1,6,1,6,6,1,1,1,6,1,1,6,6,1,6,6,6,1,1,6,1,1,6,1,6,1,1,1,6,1,6,6,1,1,6,1,6,6,1,6,9,9,9,1,1,1,1,6,6,6,6,1,1,6,1,6,6,1,1,6,6,1,1,6,1,1,1,6,6,6,6,1,1,6,6,6,6,1,6,1,1,1,1,1,1,6,9,6,6,6,6,6,1,1,6,1,1,1,1,1,6,6,1,1,1,1,6,6,6,6,6,1,6,6,1,1,6,6,6,6,6,6,1,1,1,1,6,6,6,1,1,1,6,6,6,6,6,6,6,1,1,1,1,1,6,1,6,6,1,1,1,6,6,1,1,1,6,6,1,6,1,1,6,6,1,6,6,1,6,1,1,1,1,1,6,6,6,1,6,1,6,1,1,6,6,1,1,6,1,6,1,1,6,6,1,1,6,6,1,1,1,6,6,6,1,1,1,1,1,1,1,1,6,6,1,1,6,6,1,1,1,1,6,1,1,1,1,1,1,6,6,1,6,1,1,6,6,6,6,1,1,6,6,1,1,6,1,1,6,6,6,6,6,6,6,1,6,6,1,1,1,1,1,6,6,6,1,1,1,6,6,6,6,6,6,6,6,6,6,6,6,1,6,1,6,9,1,1,1,6,6,6,1,1,1,1,6,6,6,6,1,1,6,1,6,1,1,1,6,1,1,1,1,6,6,6,1,1,1,6,6,6,6,1,1,6,1,1,6,1,6,6,6,6,1,1,1,1,1,6,6,6,1,1,1,6,6,6,1,1,6,6,6,6,1,1,1,1,6,6,1,6,6,6,6,6,1,1,1,1,6,6,1,6,1,1,6,6,6,1,1,6,6,6,6,6,6,6,6,1,6,1,1,1,1,6,6,6,6,1,6,6,6,1,6,1,1,6,1,1,6,6,1,1,1,1,1,1,6,6,6,1,1,1,6,6,6,6,6,6,6,1,6,6,6,6,6,1,6,6,6,6,9,1,6,1,1,6,6,6,6,1,1,1,1,6,6,6,1,1,1,6,6,1,1,6,6,1,1,1,1,6,6,1,1,1,6,1,1,1,1,6,6,1,1,1,1,1,6,6,6,1,1,6,1,1,1,6,1,6,1,1,6,1,1,1,1,1,1,1,6,1,6,1,1,1,1,1,1,1,1,1,1,1,1,6,1,1,1,1,1,1,1,1,1,1,1,1,1,1,1,1,6,1,1,1,6,6,6,6,1,6,1,1,1,1,1,1,1,1,1,1,1,1,1,1,1,1,1,1,1,1,1,6,1,1,6,6,1
337,21733,LEWIS,200,1,1,1,6,1,6,1,1,1,1,1,6,6,6,6,6,6,6,6,1,6,1,1,1,1,1,1,6,6,1,1,1,1,1,1,6,6,6,6,6,6,6,6,1,6,6,6,6,6,1,1,6,1,1,1,6,1,1,1,1,1,1,6,1,1,1,1,1,1,1,1,1,1,1,1,1,1,1,1,1,1,1,1,1,1,1,1,1,1,1,1,1,1,1,1,1,1,1,1,1,1,1,1,1,6,6,6,6,6,6,6,6,1,1,1,1,6,6,1,1,6,1,6,6,1,1,1,1,1,1,6,1,6,6,1,1,1,1,6,6,6,6,6,6,6,6,1,6,6,6,1,6,6,6,6,6,1,1,1,1,1,1,1,6,6,6,1,1,1,1,1,1,1,1,1,1,1,1,1,1,1,6,1,6,1,1,1,1,6,1,1,1,1,1,1,1,1,1,1,1,1,1,1,6,1,6,1,1,1,1,1,1,1,6,1,1,1,1,1,1,1,1,1,1,1,1,6,1,1,1,1,1,1,1,1,1,1,1,1,1,1,6,1,1,1,1,1,6,1,1,1,1,1,1,1,1,1,1,1,1,1,1,1,1,1,6,6,1,1,1,1,1,1,1,1,1,1,6,6,6,1,6,1,1,1,1,1,1,1,1,1,6,1,1,1,1,1,1,1,1,1,1,1,6,9,1,1,1,1,1,1,1,6,1,1,1,6,1,1,1,1,1,1,1,1,1,1,1,1,1,1,1,1,6,6,1,1,1,1,6,1,6,1,1,1,1,1,1,6,6,1,6,1,1,1,6,6,6,6,6,1,6,6,1,1,6,1,1,6,6,6,1,1,1,1,6,1,1,1,1,1,1,1,6,6,6,6,6,6,1,1,1,1,6,6,6,1,6,6,6,1,1,6,6,1,1,1,1,1,1,1,1,1,1,6,6,6,6,6,6,6,6,6,6,1,1,1,1,6,6,6,6,6,1,1,1,1,1,1,1,1,1,1,6,1,1,1,6,6,1,1,6,1,1,1,1,1,1,6,6,6,1,6,6,6,1,1,1,1,6,6,6,1,6,6,6,1,1,1,1,1,6,1,1,1,1,1,1,6,6,1,6,1,6,6,1,1,6,6,6,6,6,6,6,6,6,1,1,1,1,1,1,6,1,6,1,1,1,6,6,6,6,1,1,6,6,1,1,1,1,1,1,1,6,6,1,1,1,1,6,1,1,1,1,1,1,6,1,1,1,1,6,6,1,6,1,1,1,1,1,1,1,6,1,6,6,1,1,1,1,1,1,1,6,6,6,6,6,1,1,1,1,1,6,6,6,1,1,1,1,1,1,6,6,1,6,1,1,1,1,1,1,1,6,1,1,1,1,1,1,1,6,1,1,1,1,1,6,1,1,1,1,1,1,1,1,1,6,1,1,1,1,1,1,1,1,1,1,1,1,6,1,1,1,6,6,1,1,6,1,1,1,6,1,1,1,1,1,1,1,6,1,1,1,1,1,1,1,1,1,1,1,6,1,1,1,1,1,1,6,1,6,1,1,1,1,1,1,1,6,1,1,1,1,1,1,1,1,1,6,1,1,1,1,1,1,1,6,1,1,1,1,6,6,6,1,1,1,1,1,1,1,6,6,1,1,1,1,1,1,1,1,1,1,1,1,1,1,6,1,1,1,1,1,6,1,1,1,1,1,1,1,1,1,1,1,1,1,1,1,1,1,1,1,1,1,1,1,1,1,1,1,1,1,1,6,1,1,1,1,1,1,6,1,1,6,1,1,1,1,1,1,1,1,6,1,6,1,1,1,6,1,1,1,6,1,6,1,1,1,1,1,1,6,1,6,1,6,1,1,1,1,1,1,1,1,6,1,1,1,1,1,1,6,1,1,1,1,1,1,1,1,6,1,1,1,1,1,1,1,1,1,1,1,1,1,1,1,6,1,1,6,6,6,6,1,6,1,1,1,6,1,1,1,1,1,1,1,1,1,1,6,6,1,6,1,1,1,1,1,1,1,1,1,1,1,1,1,1,6,6,6,1,6,1,1,6,6,1,1,6,1,1,1,1,1,1,1,1,6,1,1,1,1,1,6,6,6,6,1,1,6,6,1,1,1,1,1,1,1,1,1,1,6,1,1,1,1,1,1,6,6,1,6,6,1,6,1,1,1,1,6,6,1,1,1,1,1,1,1,1,1,1,6,6,1,1,1,1,1,1,9,9,9,9,1,1,6,1,1,1,1,1,6,1,1,1,1,1,1,1,1,6,1,1,1,6,1,1,1,1,1,1,1,1,6,6,6,6,1,1,1,1,1,1,1,6,1,1,1,6,1,1,6,1,1,1,1,1,1,1,1,1,1,1,1,1,1,6,6,6,1,1,1,1,1,1,1,6,1,1,1,1,1,6,1,1,1,1,1,6,1,1,1,1,1,1,1,1,1,1,6,1,1,1,1,6,1,1,1,6,1,1,1,6,6,6,6,1,1,1,1,1,1,1,1,1,1,1,1,1,1,1,1,1,1,1,1,1,6,1,1,1,1,1,1,1,1,1,1,1,1,1,1,1,1,1,1,1,1,6,1,1,1,1,1,1,1,1,1,1,1,1,1,1,1,1,1,1,1,1,1,1,1,1,1,1,1,1,1,1,1,1,9,1,1,1,1,1,1,9,9,9,9,9,9,9,9,9,9,9,9,9,9,9,9,9,9,9,9,9,9,9,9,9,9
338,21734,MARSHALL,200,1,1,1,6,1,6,1,1,1,1,1,6,6,6,6,6,6,6,6,1,6,1,1,1,1,1,1,6,6,1,1,1,1,1,1,6,6,6,6,6,6,6,6,1,6,6,6,6,6,1,1,6,1,1,1,6,1,1,1,1,1,1,6,1,1,1,1,1,1,1,1,1,1,1,1,1,1,1,1,1,1,1,1,1,1,1,1,1,1,1,1,1,1,1,1,1,1,1,1,1,1,1,1,1,6,6,6,6,6,6,6,6,1,9,9,1,6,6,1,1,6,1,6,6,1,1,1,1,1,1,6,1,6,6,1,1,1,1,6,6,6,6,6,6,6,6,1,6,6,6,1,6,6,6,6,6,1,1,1,1,1,1,1,6,6,6,1,1,1,1,1,1,1,1,1,1,1,1,1,1,1,6,1,6,1,1,1,1,6,1,1,1,1,1,1,1,1,1,1,1,1,1,1,6,1,6,1,1,1,1,1,1,1,6,1,1,1,1,1,1,1,1,1,1,1,1,1,1,1,1,1,1,1,1,1,1,1,1,1,1,1,6,1,1,1,1,1,6,1,1,1,1,6,1,1,1,1,1,1,1,1,1,1,1,1,6,1,1,1,1,1,1,1,1,1,1,1,6,6,6,1,6,1,1,1,1,1,1,1,1,1,6,1,1,1,1,1,1,1,1,1,1,1,6,1,1,1,1,1,1,1,1,6,1,1,1,6,1,1,1,1,1,1,1,1,6,1,1,1,1,1,1,1,1,6,1,1,1,1,6,1,6,1,1,1,1,1,1,6,6,1,6,1,1,1,6,6,6,6,6,1,6,6,6,6,6,1,1,1,6,1,1,1,1,1,6,1,1,1,1,1,1,1,6,6,6,6,6,6,1,1,1,1,6,6,6,1,6,6,6,1,1,6,6,1,1,1,1,1,1,1,1,1,1,1,1,6,1,6,6,6,6,6,6,1,1,1,1,6,6,6,6,6,1,1,1,1,1,1,1,1,1,6,1,1,6,1,1,1,1,1,1,1,1,1,1,1,6,6,6,6,1,1,6,6,1,1,1,1,6,1,6,1,6,6,6,1,1,1,1,1,6,1,1,1,1,1,1,6,6,1,1,1,6,6,1,1,1,6,6,6,6,6,6,6,6,1,1,1,1,1,1,6,1,6,1,1,1,6,6,6,6,1,1,6,6,1,1,1,1,1,1,1,6,6,1,1,1,1,6,1,1,1,1,1,1,6,1,1,1,1,6,6,6,6,1,1,1,1,1,1,1,6,1,1,6,1,1,1,6,1,1,1,6,6,6,6,6,1,1,1,1,1,6,6,6,1,1,1,1,1,1,6,6,1,6,1,1,1,1,1,1,1,6,1,1,1,1,1,1,1,6,1,1,1,1,1,6,1,1,1,1,1,1,1,1,6,6,1,1,1,1,1,1,1,1,1,1,1,1,6,1,1,1,6,6,1,1,6,1,6,1,6,1,1,6,1,1,1,1,6,1,1,1,1,1,1,1,1,1,1,1,6,1,1,1,1,1,1,6,1,6,1,1,1,1,1,1,1,6,1,1,1,1,1,1,1,1,1,6,1,6,1,1,1,1,1,1,1,1,1,1,6,6,6,1,1,1,1,1,1,6,6,1,1,1,1,1,1,1,1,1,1,6,1,1,1,1,6,1,1,1,1,1,6,1,1,1,1,1,1,1,1,1,1,1,1,1,1,1,1,1,1,1,1,1,1,1,1,1,1,6,1,1,1,1,1,1,1,1,1,1,6,1,1,6,1,1,1,1,1,1,1,1,6,1,1,1,1,1,6,1,1,1,6,1,6,1,1,1,1,1,1,6,1,6,1,6,1,1,1,1,1,1,1,1,6,1,6,1,1,1,1,1,1,1,1,1,1,1,1,1,6,1,1,1,1,1,1,1,1,1,1,1,1,1,1,1,6,1,1,6,6,1,6,1,6,1,6,1,6,1,1,1,1,1,1,1,1,1,1,1,6,1,6,1,6,1,9,1,1,1,1,1,1,1,1,1,6,6,6,6,1,6,1,1,6,6,1,1,6,1,1,1,1,1,1,1,1,6,1,1,1,1,1,6,6,6,6,1,1,1,1,6,6,1,1,1,1,1,1,1,1,6,1,1,1,1,6,1,6,6,6,6,6,1,6,6,1,1,1,6,6,1,1,1,1,1,1,1,1,1,1,1,1,1,1,1,1,1,1,6,1,6,1,1,1,6,1,1,1,1,1,6,1,1,1,1,1,1,1,1,6,1,1,1,6,1,6,6,1,1,1,6,6,6,6,6,6,1,1,1,1,1,1,1,6,1,1,1,6,1,1,6,1,1,1,1,1,1,1,1,1,1,1,1,1,6,6,6,6,6,1,1,1,1,1,1,6,1,1,1,1,1,6,1,1,1,1,1,6,1,1,1,1,1,1,1,1,1,1,6,1,1,1,1,6,1,1,1,6,1,1,1,6,6,6,6,1,1,1,1,1,1,1,1,1,1,1,1,1,1,1,1,1,1,1,1,1,6,1,1,1,1,1,1,1,1,1,1,1,1,1,1,1,1,1,1,1,1,1,1,1,1,1,1,1,1,1,1,1,1,1,1,1,1,1,1,1,1,1,1,1,1,1,1,1,1,1,1,1,1,1,9,1,1,1,1,1,1,1,1,1,1,1,1,1,1,1,1,1,1,1,1,6,1,1,1,1,1,1,1,1,6,1,1
339,21735,MAST,200,1,1,1,6,1,6,1,1,1,1,1,6,6,6,6,6,6,6,6,1,6,1,1,1,1,1,6,6,6,1,1,1,1,1,1,6,6,6,6,6,6,6,6,1,6,6,6,6,6,1,1,6,1,1,1,6,1,1,1,1,1,1,6,1,1,1,1,1,1,1,1,1,1,1,1,1,6,1,1,1,1,1,1,1,1,1,1,1,1,1,1,1,1,1,1,1,1,1,1,1,1,1,1,1,6,6,6,6,6,6,6,6,1,1,1,1,6,6,1,1,6,1,6,6,1,1,1,1,1,1,6,1,6,6,1,1,1,1,6,6,6,6,6,6,6,6,1,6,6,6,1,6,6,6,6,6,1,1,1,1,1,1,1,6,6,6,1,1,1,1,6,1,1,1,1,1,1,1,1,1,1,6,1,6,1,1,1,1,6,1,1,1,6,1,1,1,1,1,1,1,1,1,1,6,1,6,1,1,1,1,1,1,1,6,1,1,1,1,1,1,1,1,1,1,1,1,6,1,1,1,1,1,6,1,1,1,1,1,1,1,1,6,1,6,1,1,1,1,1,6,1,1,6,1,1,1,1,1,1,1,1,1,1,1,1,6,1,1,1,1,1,1,1,1,1,1,1,6,6,6,1,6,1,1,1,1,1,1,1,1,1,6,1,1,1,1,1,1,1,1,1,1,1,6,1,1,1,1,1,1,1,1,6,1,1,1,6,1,1,1,1,1,1,1,1,1,1,1,1,1,1,1,1,1,6,1,1,1,1,6,1,6,1,1,1,1,1,1,6,6,1,6,1,1,6,6,6,6,6,6,1,6,6,6,1,1,6,6,6,1,1,1,1,1,1,6,1,9,9,9,1,1,1,1,1,1,6,6,6,6,1,1,1,6,6,6,1,6,6,6,1,1,6,6,1,1,1,1,1,1,1,1,1,1,6,1,6,6,6,6,1,6,6,6,1,1,6,1,1,1,6,6,6,1,1,1,1,1,1,1,1,1,6,6,1,6,1,1,6,6,6,6,1,1,6,1,1,6,6,6,6,1,6,6,6,6,1,6,1,6,1,6,1,6,1,1,1,1,1,6,6,1,6,9,1,1,6,1,1,6,6,1,6,6,6,6,1,1,6,6,1,6,1,1,1,6,1,6,1,1,1,1,6,1,6,1,1,1,6,6,6,6,1,1,6,6,1,1,1,1,1,1,6,6,6,1,1,1,1,6,1,1,1,1,1,1,6,1,1,1,1,6,6,6,6,6,1,1,1,1,1,1,6,1,1,6,1,1,1,6,1,1,1,6,6,6,6,6,1,1,1,1,6,6,6,6,1,1,1,1,1,1,6,6,1,6,1,1,1,1,1,1,1,6,1,1,1,6,1,1,6,6,1,1,1,1,1,6,1,1,1,1,1,6,1,1,6,6,1,1,1,1,1,1,1,1,1,1,1,1,6,1,1,1,6,6,1,1,6,1,6,1,6,1,1,6,1,1,1,1,6,1,1,1,1,1,6,1,1,1,1,1,6,1,1,1,1,1,1,6,1,6,1,1,1,1,1,1,1,6,1,1,1,1,6,1,1,1,1,6,1,6,1,1,1,6,1,1,1,1,1,1,9,9,9,1,1,1,1,1,6,1,6,1,1,1,1,1,1,1,1,1,1,6,1,1,1,1,6,1,1,1,1,1,6,1,1,1,1,1,1,1,1,1,1,1,1,1,6,1,1,1,1,1,1,1,1,1,1,6,1,6,1,1,1,1,1,1,1,1,1,1,6,1,1,6,1,1,1,1,1,1,1,1,6,1,1,1,1,1,6,1,1,1,6,1,6,6,1,1,1,1,1,6,1,6,1,6,1,1,1,1,1,1,1,1,6,1,6,1,1,1,1,6,1,1,1,1,6,1,1,1,6,1,1,1,1,1,1,1,1,1,1,1,1,1,1,1,6,1,1,6,6,6,6,1,6,1,6,1,6,1,1,1,1,1,1,1,1,1,1,1,6,1,6,1,6,1,1,1,1,1,1,1,1,1,1,1,6,1,6,1,1,6,1,1,6,6,1,1,6,1,6,1,1,1,1,1,6,6,1,1,1,1,1,6,6,6,6,1,1,1,1,1,6,1,1,1,1,1,1,1,6,6,1,1,1,1,6,6,6,1,6,6,6,6,1,6,6,6,1,6,6,1,1,1,6,1,1,1,1,1,1,1,1,1,1,6,1,1,1,6,1,6,1,1,1,6,1,1,1,1,1,6,1,1,1,1,1,1,1,1,6,1,1,1,6,1,6,1,1,1,1,1,1,1,6,6,6,1,9,9,1,1,1,1,6,1,1,1,6,1,1,6,1,1,1,1,1,1,1,1,1,1,1,1,1,6,6,6,6,6,6,1,1,1,6,1,6,6,6,1,1,1,6,1,1,1,6,1,6,1,1,1,1,1,1,1,1,1,1,6,1,1,1,1,6,1,1,1,6,1,1,1,6,6,1,6,1,1,1,1,1,1,1,1,1,1,1,1,1,1,1,1,1,1,1,1,1,6,1,1,1,1,1,1,1,1,1,1,1,1,9,9,1,1,1,1,1,6,6,1,1,1,1,1,1,1,1,1,1,1,1,1,1,1,1,1,1,1,1,1,1,1,1,1,1,1,1,1,1,1,1,1,1,1,1,1,1,1,1,1,1,1,1,1,1,1,1,1,1,1,1,1,1,1,1,1,1,1,1,1,1,1,1,1
340,21736,MCEACHIN,100,6,6,6,1,6,1,6,6,6,1,6,1,1,1,1,1,1,1,1,6,1,6,1,1,6,6,1,1,1,1,6,6,1,6,6,1,1,1,1,1,1,1,1,6,1,1,1,1,1,6,6,1,6,6,6,1,6,6,1,1,6,6,1,6,1,1,6,6,6,6,6,6,6,6,6,6,6,1,1,6,6,6,6,6,1,1,6,6,6,6,6,6,6,6,6,6,6,6,1,6,1,6,6,1,1,1,1,1,1,1,1,1,6,6,6,6,1,1,6,6,1,6,1,1,6,1,6,6,6,6,1,6,1,1,1,1,6,6,1,1,1,1,1,1,1,1,6,1,1,1,6,1,1,1,1,1,6,1,1,6,6,6,6,1,1,1,6,6,9,9,9,1,1,1,6,6,1,6,6,1,6,1,1,9,6,1,6,6,6,6,6,1,6,1,1,6,6,6,6,6,6,6,6,1,6,1,6,1,1,9,9,9,9,9,9,9,9,9,9,9,1,1,6,6,1,6,6,6,6,1,1,1,6,6,1,1,1,1,6,6,1,1,6,1,6,6,1,1,1,6,6,6,6,1,6,1,1,6,6,6,1,9,9,9,9,1,6,6,6,6,6,1,6,6,6,9,1,1,1,1,6,1,6,1,1,1,6,6,6,9,6,1,1,6,6,6,6,6,9,1,6,6,1,1,6,6,6,1,1,6,6,6,1,6,6,6,1,6,1,6,1,1,1,6,6,1,1,1,1,6,6,1,6,6,1,6,1,6,6,1,6,1,9,1,1,6,6,1,1,1,6,6,6,6,6,6,1,1,1,1,6,1,1,1,1,6,6,6,6,6,6,6,6,6,1,1,1,1,1,1,6,6,1,1,1,1,1,1,1,6,9,9,6,1,1,1,6,1,1,1,6,1,1,1,6,6,6,1,6,6,6,1,6,6,6,6,1,6,1,1,1,1,1,1,6,6,6,6,1,1,1,1,1,6,6,1,1,1,1,1,6,6,1,6,6,6,6,6,1,6,6,6,6,6,6,6,6,1,1,1,1,1,6,1,1,6,6,6,6,1,6,1,6,1,1,1,6,6,1,6,6,1,6,1,9,9,9,9,9,9,9,1,6,1,1,6,6,1,1,1,1,1,6,1,1,1,6,6,6,6,6,6,1,6,1,6,6,6,1,1,1,1,6,6,1,1,6,1,6,1,6,6,6,1,1,6,6,6,1,1,6,6,1,1,6,6,1,6,1,6,6,1,1,6,1,6,1,1,6,6,1,1,1,1,1,1,1,1,1,1,6,6,1,1,1,1,1,1,6,1,6,6,1,1,1,1,6,6,1,1,6,6,1,1,6,1,6,1,6,6,6,6,6,1,6,1,1,1,6,6,1,1,6,1,6,6,1,1,6,1,6,1,1,1,6,6,1,1,9,1,6,6,1,1,1,6,1,6,6,6,1,6,6,6,1,1,6,1,1,6,1,6,1,1,1,1,1,6,6,1,1,6,1,6,6,1,1,1,6,1,1,1,1,6,6,6,6,6,6,1,6,1,6,6,1,1,6,6,1,1,6,1,1,1,1,6,6,6,1,1,6,1,6,6,1,1,6,6,1,1,1,1,6,6,6,6,6,6,6,1,1,6,1,1,1,1,1,6,6,1,1,6,1,1,6,6,6,6,1,6,6,1,1,6,6,6,6,6,6,1,6,1,1,6,6,6,1,9,9,6,6,6,6,6,6,6,6,1,1,1,6,1,6,6,6,6,1,1,6,6,1,1,1,6,6,1,6,1,1,6,6,6,6,6,1,6,1,1,1,1,1,6,6,6,1,6,1,6,6,1,6,6,1,1,6,1,6,1,6,6,6,1,1,6,6,1,1,6,6,6,6,1,1,1,1,1,1,1,1,6,6,1,1,6,6,1,1,1,1,6,6,1,1,1,1,1,6,6,1,6,1,1,6,6,6,6,1,1,6,6,1,1,6,1,1,6,6,6,6,6,6,6,1,6,6,1,1,1,1,1,6,6,6,1,1,1,6,6,1,6,6,6,6,6,6,6,6,6,1,6,1,6,6,1,1,1,6,6,1,1,6,1,6,6,6,6,6,1,1,6,1,6,6,1,1,6,1,1,1,1,6,6,1,1,1,1,6,6,1,6,1,1,6,1,1,6,1,6,6,6,6,1,1,6,1,1,1,6,6,1,1,6,6,6,6,1,1,1,6,6,6,1,6,1,1,6,6,1,6,6,6,6,6,1,1,1,1,6,6,1,6,1,1,6,6,6,1,1,1,6,6,6,6,6,6,1,1,1,1,1,1,1,6,6,6,6,1,6,6,6,1,6,1,9,9,1,1,6,6,1,1,1,1,7,1,6,6,6,1,1,1,6,6,6,6,6,6,6,1,6,6,6,6,6,1,6,6,6,6,6,1,6,1,1,6,6,6,6,6,1,1,1,6,6,6,1,1,6,6,6,1,1,6,6,9,9,9,9,9,6,1,1,1,6,1,1,1,1,6,6,1,1,6,1,6,6,6,6,6,1,6,1,1,1,6,1,6,1,1,6,1,1,1,1,1,9,9,6,6,9,1,1,1,1,1,1,1,1,1,1,1,1,6,1,1,1,1,1,1,1,1,1,1,1,1,1,1,1,1,6,1,1,1,6,6,6,6,1,6,1,1,1,1,1,1,1,1,1,1,1,1,1,1,1,1,1,1,1,1,1,6,1,1,6,6,1
341,21737,MITCHELL,200,1,1,1,6,1,6,1,1,1,1,1,6,6,6,6,6,6,6,6,1,6,1,1,1,1,1,1,6,6,1,1,1,1,1,1,6,6,6,6,6,6,6,6,1,6,6,6,6,6,1,1,6,1,1,1,6,1,1,1,1,1,1,6,1,1,1,1,1,1,1,1,1,1,1,1,1,1,1,1,1,1,1,1,1,1,1,1,1,1,1,1,1,1,1,1,1,1,1,1,1,1,1,1,1,6,6,6,6,6,6,6,6,1,1,1,1,6,6,1,1,6,1,6,6,1,1,1,1,1,1,6,1,6,6,1,1,1,1,6,6,6,6,6,6,6,6,1,6,6,6,1,6,6,6,6,6,1,1,1,1,1,1,6,6,6,6,1,1,1,1,1,1,1,1,1,1,1,1,1,1,1,6,1,6,1,1,1,1,1,1,1,1,1,1,1,1,1,1,1,1,1,1,1,6,1,6,1,1,1,1,1,1,1,6,1,1,1,1,1,1,1,1,1,1,1,1,1,1,1,1,1,1,6,1,1,1,1,1,1,1,1,6,1,1,1,1,1,1,1,6,1,1,1,1,1,1,1,1,1,1,1,1,1,6,1,6,1,1,1,1,1,1,1,1,1,1,1,6,6,6,1,6,1,1,1,1,1,1,1,1,1,6,1,1,1,1,1,1,1,1,1,1,1,6,1,1,1,1,1,1,1,1,6,1,1,1,6,1,1,1,1,1,1,1,1,6,1,1,1,1,1,1,1,6,6,1,1,1,1,6,1,6,1,1,1,1,1,1,6,6,1,6,1,1,1,6,6,6,6,6,1,6,6,6,6,1,1,1,1,6,1,1,1,1,1,6,1,1,1,1,1,1,1,6,6,6,6,6,6,1,1,1,1,6,6,6,1,6,6,6,1,1,6,6,1,1,1,1,1,1,1,1,1,1,6,6,6,1,6,6,6,6,6,6,1,1,1,1,6,6,6,6,6,1,1,1,1,1,1,1,1,1,1,1,6,6,1,6,6,6,6,1,6,1,6,1,1,6,6,6,6,1,1,6,6,1,1,6,1,6,1,6,1,6,6,6,1,1,1,1,1,6,1,1,9,9,1,1,6,6,6,1,6,6,6,1,1,6,6,6,6,6,1,6,6,6,1,6,1,1,1,1,6,1,6,1,1,1,6,6,6,6,1,1,6,6,1,1,1,1,1,1,1,6,6,1,1,1,1,6,1,1,1,1,1,1,6,1,1,1,1,6,6,1,6,1,1,1,1,1,1,1,6,1,1,6,1,1,1,1,1,1,1,6,6,6,6,6,1,1,1,1,6,6,6,6,1,1,1,1,1,1,6,6,1,6,1,1,1,1,1,1,1,6,1,1,1,6,1,1,1,6,1,1,9,9,9,9,9,9,1,1,1,1,1,1,6,6,6,1,1,1,1,1,1,1,1,1,1,1,6,1,1,1,6,6,1,1,6,1,6,1,6,1,1,1,1,1,1,1,6,1,1,1,1,1,6,1,1,1,1,1,6,1,1,1,1,1,1,6,1,6,1,1,1,1,1,1,1,6,1,1,1,1,1,1,1,1,1,6,1,1,1,1,1,1,1,1,1,1,1,1,6,6,6,1,1,1,1,1,6,6,6,1,1,1,1,1,1,1,1,1,1,1,1,1,1,1,6,1,1,1,1,1,6,1,1,1,1,1,1,1,1,1,1,1,1,1,1,1,1,1,1,1,1,1,1,1,1,1,1,6,1,1,1,1,1,1,1,1,1,1,6,1,1,6,1,1,1,1,1,1,1,1,6,1,1,1,1,1,6,1,1,1,6,1,6,1,1,1,1,1,1,6,1,6,1,6,1,1,1,1,1,1,1,1,6,1,1,1,1,1,1,1,1,1,1,1,1,1,1,1,6,1,1,1,1,1,1,1,1,1,1,1,1,1,1,1,6,1,1,6,6,1,6,1,6,1,6,1,6,1,1,1,1,1,1,1,1,1,1,1,6,1,6,1,1,1,1,1,1,1,1,1,1,1,1,1,1,6,6,6,1,6,1,1,6,6,1,1,6,1,1,1,1,1,1,1,6,6,1,1,1,1,1,6,6,6,6,1,9,6,6,1,6,1,1,1,1,1,1,1,6,6,1,1,1,1,1,1,6,6,6,6,6,6,6,1,6,1,1,6,6,1,1,1,1,1,1,1,1,1,1,1,1,1,1,1,1,1,1,6,1,6,1,1,1,6,1,1,1,1,1,6,1,1,1,1,1,1,1,1,6,1,1,1,6,1,1,6,1,1,1,1,1,1,6,1,6,1,1,1,1,1,1,1,6,1,1,1,6,1,1,6,1,1,1,1,1,1,1,1,1,1,1,1,1,1,6,6,6,6,1,1,1,1,1,1,6,1,1,1,1,1,6,1,1,1,1,1,6,1,1,1,1,1,1,1,1,1,1,6,1,1,1,1,6,1,1,1,6,1,1,1,6,6,6,6,1,1,1,1,1,1,1,1,1,1,1,1,1,1,1,1,1,1,1,1,1,6,1,1,1,1,1,1,1,1,1,1,1,1,1,1,1,1,1,1,1,1,1,1,1,1,1,1,1,1,1,1,1,1,1,1,1,1,1,1,1,1,1,1,1,1,1,1,1,1,1,1,1,1,1,1,1,1,1,1,1,1,1,1,1,1,1,1,1,1,1,1,1,1,1,1,1,1,1,1,1,1,1,1,1,6,1,1
342,21738,MURPHY,100,6,6,6,1,6,1,6,6,6,1,6,1,1,1,1,1,1,1,1,6,1,6,1,1,6,6,6,1,6,1,6,6,1,6,1,1,1,1,1,1,1,1,1,1,1,1,1,1,1,6,6,1,6,6,6,6,6,6,9,9,6,6,1,6,1,1,6,6,6,6,6,6,6,6,6,6,6,1,1,6,6,6,6,1,1,1,6,6,6,6,6,6,6,6,6,6,6,6,1,6,1,6,6,1,6,1,1,1,1,1,1,1,1,6,6,1,1,1,1,6,1,1,1,1,1,1,6,6,6,6,6,6,6,6,1,6,6,6,1,1,1,1,1,1,1,1,6,1,1,1,6,1,1,1,1,1,6,1,1,6,6,6,1,1,1,1,1,6,1,1,1,1,1,1,6,6,1,6,6,1,6,1,1,1,6,1,6,6,1,6,6,1,1,1,1,6,6,6,6,6,6,6,6,1,6,1,6,9,9,9,9,9,9,9,9,6,6,6,1,1,1,1,6,6,1,1,1,6,6,1,1,1,1,6,1,1,1,1,6,6,1,1,6,1,6,6,1,1,1,1,6,6,6,1,6,1,1,6,1,6,1,6,6,1,1,6,1,1,1,6,6,1,6,6,6,1,1,1,1,1,6,1,1,1,1,1,6,6,6,6,6,6,1,6,6,6,6,6,1,1,6,6,1,1,6,1,1,1,1,6,6,6,1,1,6,6,1,6,1,1,1,1,1,6,6,1,1,1,1,6,6,1,6,6,1,6,1,6,6,1,6,1,1,1,1,6,6,1,1,1,6,6,6,6,6,6,6,1,1,1,6,1,6,6,1,6,6,6,6,1,6,6,1,6,1,1,1,1,1,1,6,6,1,1,6,1,1,1,1,6,6,6,6,1,1,1,6,1,1,1,6,1,1,6,6,1,6,1,6,6,6,1,6,6,6,6,1,6,1,1,1,1,1,1,6,6,6,6,1,1,1,1,1,6,6,1,1,1,1,1,6,6,6,6,6,6,6,6,1,6,6,6,6,6,6,6,6,1,1,1,1,1,6,1,1,6,6,6,6,1,6,1,6,1,1,1,6,6,9,9,9,9,9,1,6,6,6,6,1,1,6,1,6,1,1,6,6,1,1,1,1,1,6,1,1,6,6,6,6,6,6,6,1,6,1,1,6,6,1,6,6,1,6,6,1,1,6,1,1,1,6,6,1,1,1,6,6,1,1,1,1,1,1,1,6,6,1,6,1,6,6,6,6,6,6,6,1,1,6,1,1,1,1,1,1,1,1,1,1,6,6,6,1,1,1,1,1,1,6,1,6,6,1,1,1,1,6,6,1,1,6,6,1,1,6,1,6,1,6,1,6,6,1,1,1,1,1,1,6,6,1,1,1,1,6,6,1,1,6,1,6,1,1,1,6,1,1,1,6,1,6,6,1,1,1,6,1,6,6,6,1,6,6,6,1,1,6,1,1,1,1,6,1,1,1,1,1,6,6,1,1,6,1,6,6,1,1,1,1,1,1,1,1,1,6,1,6,6,1,1,1,1,1,9,9,9,6,6,1,1,6,1,1,1,1,6,6,6,1,1,6,1,6,6,1,1,1,1,1,1,1,1,6,6,6,1,6,6,6,1,1,6,1,1,1,1,1,6,6,1,1,1,1,1,6,6,6,6,1,6,6,1,1,6,6,1,6,6,1,1,1,1,1,6,1,1,1,1,1,6,6,6,1,6,6,1,1,1,1,1,1,1,1,6,1,1,1,1,6,6,1,1,1,1,1,1,6,1,1,6,6,6,6,6,1,1,1,1,1,1,1,1,6,6,1,6,1,6,6,1,6,1,1,1,1,1,6,1,1,6,6,9,9,6,6,1,1,6,1,6,9,1,1,1,9,9,1,1,1,6,6,1,1,1,6,1,1,1,1,6,1,1,1,1,1,1,6,6,1,6,1,1,6,6,6,6,1,1,6,6,1,1,6,1,1,6,6,1,6,6,6,6,1,6,6,1,6,1,1,1,6,6,6,1,1,1,6,6,6,6,6,6,6,6,6,6,6,6,6,6,1,6,1,1,1,1,6,1,1,1,6,1,1,6,1,6,6,1,1,6,1,6,6,1,1,6,1,1,1,1,6,1,1,1,1,1,6,6,1,6,6,1,6,1,1,6,1,6,6,6,6,1,1,1,9,9,9,6,6,1,1,1,6,1,1,9,9,9,6,6,1,1,1,1,1,6,6,1,6,6,6,6,6,1,1,1,1,6,1,1,1,1,1,6,6,1,1,1,1,6,6,6,6,1,1,1,1,1,1,1,1,1,6,6,6,6,1,6,6,6,1,6,1,1,1,1,1,6,6,1,1,1,1,1,1,6,6,6,1,1,1,6,6,6,6,6,6,6,1,6,6,6,6,6,1,6,6,6,6,1,1,6,1,1,6,1,6,6,1,1,1,1,1,1,6,1,1,1,6,6,1,1,6,6,1,1,1,1,1,1,1,1,1,1,1,1,1,1,6,1,1,1,1,1,1,6,6,1,1,1,6,1,9,1,6,1,6,1,1,6,1,1,1,1,1,1,1,6,6,1,1,1,1,1,1,1,1,1,1,1,1,1,6,1,1,1,1,1,1,1,1,1,1,1,1,1,1,1,1,1,1,1,1,6,6,6,6,1,6,1,1,1,1,1,1,1,1,1,1,1,1,1,1,1,1,1,1,1,1,1,6,1,1,6,6,1
343,21739,O'HALLERAN,100,6,6,6,1,6,1,6,6,6,1,6,1,1,1,1,1,1,1,1,6,1,6,1,1,6,6,6,6,6,1,6,6,1,6,1,1,1,1,1,1,1,1,1,6,1,1,1,1,1,6,6,1,6,6,6,6,6,1,1,1,6,6,1,6,1,1,6,6,6,6,6,6,6,6,6,1,6,1,1,6,6,6,6,1,1,1,6,6,6,6,6,6,6,6,6,6,6,6,1,6,1,6,6,1,6,1,1,1,1,1,1,1,1,6,6,1,1,1,6,6,1,1,1,1,1,1,6,6,1,6,1,6,1,6,1,6,6,6,1,1,1,1,1,1,1,1,6,1,1,1,6,9,1,1,1,1,6,1,1,6,6,6,6,1,1,1,1,6,1,1,6,1,1,1,6,6,1,6,6,1,6,1,1,1,6,1,6,6,6,6,6,1,6,1,1,6,6,6,6,6,6,6,6,1,6,1,6,1,1,6,6,6,1,1,1,6,6,6,1,1,1,1,6,6,1,1,6,6,6,1,1,1,6,1,1,1,1,1,6,6,1,1,6,6,6,1,1,1,1,6,6,6,6,1,6,1,1,6,1,6,1,6,1,1,1,1,1,1,1,6,6,1,6,6,1,1,1,6,1,1,1,1,1,1,1,1,6,6,6,6,6,6,1,6,6,6,6,6,1,1,6,6,6,1,1,1,1,1,1,6,6,6,6,1,6,6,1,6,1,1,1,1,1,9,6,6,1,1,1,6,6,6,6,6,1,6,1,6,6,1,6,1,1,1,1,6,6,1,1,1,6,6,6,6,6,6,1,6,6,6,1,1,6,6,1,6,6,6,6,6,6,6,6,6,1,1,1,1,1,1,6,6,1,1,1,6,1,1,1,6,6,6,6,1,1,1,6,1,1,1,1,1,1,6,6,1,6,1,6,6,6,1,6,6,6,6,1,6,1,1,1,6,1,1,6,6,6,6,1,1,6,1,1,1,6,1,1,1,1,1,6,6,6,6,6,6,1,6,1,6,6,6,6,6,6,6,6,1,6,1,1,6,6,1,1,6,6,6,6,1,6,1,6,1,1,1,6,6,1,6,6,1,6,1,6,6,6,6,1,1,6,1,1,1,1,6,6,1,1,1,1,1,1,1,1,1,6,6,6,6,6,6,1,6,1,1,6,6,1,1,6,1,6,6,1,1,6,1,1,1,6,6,6,1,1,6,6,1,1,1,1,1,1,1,6,6,1,6,1,6,6,6,6,6,6,6,1,1,6,6,1,1,1,1,1,1,1,1,1,6,6,6,1,1,1,1,1,1,6,1,6,6,6,1,1,1,6,6,1,1,6,6,1,1,6,1,6,1,6,1,6,6,1,1,1,1,1,6,6,6,6,1,6,1,6,6,1,1,6,1,6,1,1,6,6,6,6,1,6,1,6,6,1,1,1,6,1,1,6,6,1,6,6,6,1,1,6,1,1,1,6,6,1,1,1,6,1,6,6,1,1,6,1,6,6,1,6,1,1,1,1,1,1,1,6,1,6,6,1,1,6,1,1,6,1,1,6,6,1,1,6,1,1,1,6,6,6,6,1,1,6,6,6,6,1,6,1,1,1,1,1,1,6,6,6,6,6,6,1,1,6,6,1,1,1,1,1,6,6,1,1,1,1,6,6,6,6,6,1,6,6,1,1,6,6,9,9,9,9,9,1,1,1,6,6,1,1,1,6,6,6,6,1,6,6,6,1,1,1,6,1,6,1,6,6,1,1,1,6,6,1,1,1,1,6,1,6,1,1,6,6,1,6,6,1,1,1,1,1,1,1,1,6,6,1,6,1,6,1,1,6,6,1,1,1,1,6,1,1,6,6,1,1,6,6,1,1,1,6,6,6,1,1,1,1,1,1,1,6,6,6,1,1,1,6,1,1,1,1,6,1,1,1,1,1,1,6,6,1,6,1,1,6,6,6,1,1,1,6,6,1,1,6,1,1,6,6,6,6,6,6,6,1,6,1,1,6,1,1,1,6,6,6,1,1,1,6,6,6,6,6,6,6,6,6,6,6,6,1,1,1,6,6,1,1,1,6,1,6,1,1,1,1,6,1,6,6,1,1,6,1,1,1,1,6,6,1,1,1,1,6,6,6,1,1,1,6,6,6,6,1,1,6,6,1,6,1,6,6,6,9,1,1,1,1,1,6,6,6,1,1,1,1,1,1,1,1,6,6,6,6,1,1,6,1,6,6,1,6,6,6,6,6,1,1,1,1,6,1,1,1,1,1,6,6,1,1,1,1,6,6,6,6,1,1,1,6,1,1,1,1,1,6,6,6,6,1,6,6,1,1,6,1,1,1,1,1,6,6,1,1,1,1,1,1,6,6,6,1,1,1,6,6,6,6,6,6,6,1,6,6,6,6,6,1,6,6,6,6,1,1,6,1,1,6,6,6,6,1,1,1,1,1,1,6,1,1,1,6,6,1,1,6,6,1,1,1,1,1,1,1,1,9,1,1,1,1,1,6,1,1,1,1,1,1,6,6,6,1,1,6,1,1,9,6,1,6,1,1,6,1,1,9,9,1,1,1,6,6,6,1,1,1,1,1,1,1,1,1,1,1,1,6,1,1,1,1,1,1,1,1,1,1,1,1,1,1,1,1,6,1,1,1,6,6,6,6,1,6,1,1,1,1,1,1,1,1,1,1,1,1,6,1,1,1,1,1,1,1,1,1,1,1,6,6,1
344,21740,PANETTA,100,6,6,6,1,6,1,6,6,6,1,6,1,1,1,1,1,1,1,1,6,1,6,1,1,6,6,1,1,6,1,6,6,1,6,6,1,1,1,1,1,1,1,1,6,1,1,1,1,1,6,6,1,6,6,6,1,6,1,1,1,6,6,1,6,1,1,6,6,6,6,6,6,6,6,6,6,6,1,1,6,6,6,6,6,1,1,6,6,6,6,6,6,6,6,6,6,6,6,1,6,1,6,6,1,1,1,1,1,1,1,1,1,6,6,6,6,1,1,6,6,1,6,1,1,1,1,6,6,6,6,1,6,1,6,6,6,6,6,1,1,1,1,1,1,1,1,6,1,1,1,6,1,1,1,1,1,6,1,1,6,6,6,6,1,1,1,6,6,1,1,1,1,1,1,6,6,1,6,6,1,6,1,1,1,6,1,6,6,6,6,6,1,6,1,1,6,6,6,6,6,6,6,6,1,6,1,6,1,1,6,6,6,6,1,1,6,6,6,1,1,1,1,6,6,1,1,1,6,6,1,1,1,6,6,1,1,1,1,6,6,1,1,6,9,6,6,1,1,1,6,6,6,6,1,6,1,1,6,6,6,1,6,6,1,1,1,6,1,1,6,6,1,6,6,6,1,1,1,1,1,6,6,1,1,1,1,6,6,6,6,6,1,6,6,6,6,6,6,1,1,6,6,1,1,6,1,6,1,1,6,6,6,1,1,6,6,1,6,1,1,1,1,1,6,6,1,1,1,1,6,6,1,6,6,1,6,1,6,6,1,6,1,6,1,1,6,6,1,1,1,6,6,6,6,6,1,1,1,1,1,6,1,1,6,1,6,6,6,6,6,6,6,6,6,1,1,1,1,1,1,6,6,1,1,1,1,1,1,1,6,6,6,6,1,1,1,6,1,1,1,6,1,1,1,6,6,6,1,6,6,6,1,6,6,6,6,1,6,1,1,1,1,1,1,6,6,6,6,1,1,1,1,1,6,6,1,1,1,1,1,6,6,1,6,6,6,6,6,1,6,6,6,6,6,6,6,6,1,1,1,1,6,6,1,1,6,6,6,6,1,6,1,6,1,1,1,6,6,1,6,6,1,6,1,6,6,6,6,1,1,6,1,6,1,1,6,6,1,1,1,1,1,1,1,1,1,6,6,6,6,6,6,1,6,1,6,6,6,1,1,6,1,6,6,1,1,6,1,6,1,6,6,6,1,1,6,6,6,1,1,6,1,1,1,6,6,1,6,1,6,6,1,1,6,1,6,1,1,6,6,1,1,1,1,1,1,1,1,1,6,6,6,1,1,1,1,1,1,6,1,6,6,6,1,1,1,6,6,1,1,6,6,1,1,6,1,6,1,6,6,6,6,1,1,6,1,1,6,6,6,6,1,6,1,6,6,1,1,1,1,6,1,1,6,6,6,6,1,6,1,6,6,1,1,1,6,1,1,6,6,1,6,6,6,1,1,6,1,1,1,1,6,1,1,1,6,1,6,6,1,1,6,1,6,6,1,6,1,6,1,1,1,1,6,6,6,6,6,1,1,6,1,6,6,1,1,6,6,1,1,6,1,6,1,6,6,6,6,1,1,6,1,6,6,1,6,6,1,1,1,1,1,6,6,6,6,6,6,6,1,1,6,1,1,1,1,1,6,6,1,1,6,1,1,6,6,6,6,1,6,6,1,1,6,6,6,6,6,1,1,6,1,1,6,6,6,1,1,1,6,6,6,6,6,6,6,6,1,1,1,6,6,1,6,6,6,1,1,6,6,1,1,1,6,6,1,6,1,1,6,6,6,6,6,1,6,1,1,1,1,1,6,6,6,1,6,1,6,6,1,6,6,1,1,6,1,6,1,1,6,6,1,1,6,6,1,1,6,6,6,6,1,1,6,1,1,1,1,6,6,6,6,1,6,6,1,1,1,1,6,6,1,1,1,1,1,6,6,1,6,1,1,6,6,6,6,1,1,6,6,1,6,6,1,1,6,6,6,6,6,6,6,1,6,6,1,6,1,1,1,6,6,6,1,1,1,6,6,6,6,6,6,6,6,6,6,6,6,1,6,1,6,1,1,1,1,6,6,1,1,6,1,6,6,6,6,6,1,1,6,1,6,6,1,1,6,1,1,1,1,6,6,6,1,1,1,6,6,1,6,1,1,6,1,1,6,1,6,6,6,6,1,1,6,1,1,6,6,6,1,1,1,1,1,1,1,1,1,6,6,6,1,1,1,1,6,6,1,6,6,6,6,6,1,1,1,1,6,6,1,6,1,1,6,6,6,1,1,1,6,6,6,6,1,1,1,1,1,1,1,1,1,6,6,6,6,1,6,6,6,1,6,1,1,6,1,1,6,6,1,1,1,1,6,1,6,6,6,1,1,1,6,6,6,6,6,6,6,1,6,6,6,6,6,1,6,6,6,6,6,1,6,1,1,6,6,6,6,1,1,1,1,6,1,6,1,1,1,6,6,1,1,6,6,1,1,1,1,6,1,1,1,1,6,1,1,1,1,6,6,1,1,6,6,1,6,6,6,6,1,6,1,1,1,9,1,6,1,1,6,1,1,1,1,1,1,1,6,6,6,1,1,1,1,1,1,1,1,1,1,1,1,6,1,1,1,1,1,1,1,1,1,1,1,1,1,1,1,1,1,1,1,1,6,6,6,6,1,6,9,1,1,1,1,1,1,1,1,1,1,1,1,1,1,1,1,1,1,1,1,6,1,1,6,6,1
345,21741,RASKIN,100,6,6,6,1,6,1,6,6,6,1,6,1,1,1,1,1,1,1,1,6,1,6,1,1,6,6,6,1,1,6,6,6,1,6,6,1,1,1,1,1,1,1,1,6,1,1,1,1,1,6,6,1,6,6,6,1,6,6,1,1,6,6,1,6,1,1,6,6,6,6,6,6,6,6,6,6,6,1,1,6,6,6,6,6,1,1,6,6,6,6,6,6,6,6,6,6,6,6,1,6,1,6,6,1,1,1,1,1,1,1,1,1,6,6,6,6,1,1,6,6,1,6,1,1,6,1,6,6,6,6,1,6,1,1,6,1,6,6,1,1,1,1,1,1,1,1,6,1,1,1,6,1,1,1,1,1,6,1,1,6,6,6,6,1,1,1,6,6,1,1,6,1,1,1,6,6,1,6,6,1,6,1,1,1,6,1,6,6,6,6,6,1,6,1,1,6,6,6,6,6,6,6,6,1,6,1,6,1,1,6,6,6,6,1,6,6,6,6,6,1,1,1,6,6,1,1,6,6,6,1,1,1,6,6,1,1,1,1,6,6,1,1,6,1,6,6,1,1,1,9,6,6,6,1,6,9,1,6,6,6,1,6,6,6,1,1,6,1,1,6,6,1,6,6,6,1,1,1,1,1,6,1,1,1,1,1,6,6,6,6,6,1,6,6,6,6,6,6,1,1,6,6,9,1,6,6,6,1,1,6,6,6,1,6,6,6,1,6,1,6,1,1,1,6,6,6,1,9,1,6,6,1,6,6,1,6,1,6,6,1,6,1,6,9,9,6,6,1,1,1,6,1,6,6,6,1,1,1,1,1,6,1,1,1,1,6,6,6,6,6,6,6,6,6,1,1,6,1,1,1,6,6,1,1,1,1,1,1,1,6,6,6,6,1,1,1,6,1,1,1,6,1,1,1,6,6,6,1,6,6,6,1,6,6,6,6,1,6,1,1,1,1,1,1,6,6,6,6,1,1,1,1,1,6,6,1,1,1,1,1,6,6,6,6,6,6,6,6,1,6,6,6,6,6,6,6,6,1,1,1,1,6,6,1,1,6,6,6,6,1,6,1,6,1,1,1,6,6,1,6,6,1,6,1,6,6,6,6,1,1,6,1,6,1,1,6,6,1,1,1,1,1,6,1,1,1,6,6,6,6,6,6,1,6,1,6,6,6,1,1,1,1,6,6,1,1,6,1,6,1,6,6,6,1,1,6,6,6,1,1,6,6,1,1,6,6,1,6,1,6,6,1,1,6,1,6,1,1,6,6,1,1,1,1,1,1,1,1,1,6,6,6,1,1,1,1,1,1,6,1,6,6,6,1,1,1,6,6,1,1,6,6,1,1,6,1,6,1,6,6,6,6,6,1,6,1,1,6,6,6,6,1,6,1,6,6,1,1,6,1,6,6,1,6,6,6,6,1,6,6,6,6,1,1,1,6,1,6,6,6,1,6,6,6,1,1,6,1,1,6,6,6,1,1,1,6,6,6,6,1,1,6,1,6,6,1,6,1,6,1,1,1,1,6,6,6,6,6,6,1,6,1,6,6,1,1,6,6,1,1,6,1,6,1,6,6,6,6,9,1,6,6,6,6,1,6,6,6,1,1,1,1,6,6,6,6,6,6,6,1,6,1,1,6,1,1,1,6,6,1,1,6,1,6,6,6,6,6,1,6,6,1,6,6,6,6,1,6,6,1,6,1,1,6,6,6,1,1,6,6,6,6,6,6,6,6,6,1,1,6,6,6,6,6,6,6,1,1,6,6,1,1,1,6,6,1,6,1,1,6,6,6,6,6,1,6,6,1,1,1,1,6,6,6,1,6,1,6,6,1,6,6,1,1,6,1,6,1,6,6,6,1,1,6,6,1,1,6,6,6,6,1,1,6,1,9,1,1,1,6,6,6,1,6,6,6,1,1,1,6,6,1,1,1,1,1,6,6,1,6,1,1,1,6,1,6,1,1,6,6,1,1,6,1,1,6,6,6,6,6,6,6,1,6,1,1,6,1,1,1,6,6,6,1,1,1,6,6,9,1,6,6,6,6,6,6,6,6,1,6,1,6,6,1,1,1,6,6,1,1,6,6,6,6,6,1,1,1,1,6,1,1,1,1,1,6,6,1,1,1,6,6,6,1,1,1,6,6,6,6,1,1,6,1,1,6,1,6,6,6,6,1,1,6,1,1,1,6,6,1,1,6,6,6,6,1,1,6,6,6,6,1,6,1,1,6,6,1,6,6,6,6,6,1,1,1,1,6,6,1,6,1,1,6,6,6,1,1,6,6,6,6,6,6,6,6,1,6,1,6,1,1,6,6,6,6,1,6,6,6,1,6,6,1,6,1,1,6,6,1,1,1,1,7,1,6,6,6,1,1,1,6,6,6,6,6,6,6,1,6,6,6,6,6,1,6,6,6,6,6,1,6,1,1,6,6,6,6,6,1,1,1,6,6,6,6,1,6,6,6,1,1,6,6,1,1,1,1,6,6,1,1,1,6,1,1,1,1,6,6,1,1,6,1,6,6,6,6,6,1,6,1,1,1,6,1,6,1,1,6,1,1,1,1,1,1,1,6,6,9,1,1,1,1,1,1,1,1,1,1,1,1,6,1,1,1,1,1,1,1,1,1,1,1,1,1,1,1,1,6,1,1,1,6,6,6,6,1,6,1,1,1,1,1,1,1,1,1,1,1,1,6,1,1,1,1,1,1,1,1,6,1,1,6,6,1
346,21742,ROONEY,200,1,1,1,6,1,6,1,1,1,1,1,6,6,6,6,6,6,6,6,1,6,1,1,1,1,1,1,6,6,1,1,1,1,1,1,6,6,6,6,6,6,6,6,1,6,6,6,6,6,1,1,6,1,1,1,6,1,1,1,1,1,1,6,1,1,1,1,1,1,1,1,1,1,1,1,1,1,1,1,1,1,1,1,1,1,1,1,1,1,1,1,1,1,1,1,1,1,1,1,1,1,1,1,1,6,6,6,6,6,6,6,6,1,1,1,1,6,6,1,1,6,1,6,6,1,1,1,1,1,1,6,1,6,6,1,1,1,1,6,6,6,6,6,6,6,6,1,6,6,6,1,6,6,6,6,6,1,1,1,1,1,1,1,6,6,6,1,1,1,1,1,1,1,1,1,1,1,1,1,1,1,6,1,6,1,1,1,1,1,1,1,1,1,1,1,1,1,1,1,1,1,1,1,6,1,6,1,1,1,1,1,1,1,6,1,1,1,1,1,1,1,1,1,1,1,1,1,1,1,1,1,1,1,1,1,1,1,1,1,1,1,6,1,1,1,1,1,6,1,9,1,1,1,1,1,1,1,1,1,1,1,1,1,1,1,6,1,1,1,1,1,1,1,1,1,1,1,6,6,6,1,6,1,1,9,9,1,1,1,1,1,6,1,1,1,1,1,1,1,1,1,1,1,6,1,1,1,1,1,1,1,1,6,1,1,1,6,1,1,1,1,1,1,1,1,1,1,1,1,1,1,1,1,6,6,1,1,1,1,6,1,6,1,1,1,1,1,1,6,6,1,6,1,1,1,6,6,6,6,6,1,6,6,1,6,1,1,1,1,6,1,1,1,1,1,6,1,9,9,9,1,1,1,6,6,6,6,6,6,1,1,1,1,6,6,6,1,6,6,6,1,1,6,6,1,1,1,1,1,1,1,1,1,1,1,1,6,1,6,6,6,6,6,6,1,1,1,1,6,6,6,6,6,1,1,1,1,1,1,1,1,1,9,1,1,1,6,1,6,1,1,1,1,1,1,1,1,6,6,6,6,6,1,6,6,1,1,1,9,6,6,6,1,6,6,6,1,1,1,1,1,6,1,9,9,9,9,9,9,9,9,9,9,9,9,9,9,9,9,9,9,9,9,9,9,9,9,9,9,9,9,9,9,9,9,9,9,9,9,9,9,9,9,9,9,9,9,9,1,1,1,1,1,6,6,6,9,9,9,9,9,9,1,1,1,1,6,1,9,1,1,6,6,1,6,1,1,1,1,1,1,1,6,1,1,6,1,1,1,1,1,9,1,6,6,6,6,6,1,1,9,1,9,6,6,6,1,1,1,1,1,1,6,6,1,6,1,1,1,1,1,1,1,6,1,1,1,1,1,1,1,6,1,1,1,1,1,6,1,1,1,1,1,1,1,1,1,6,1,1,1,1,1,1,1,1,9,9,1,1,6,1,1,1,6,6,1,1,6,1,1,1,6,1,1,9,1,1,1,1,6,1,1,1,1,1,1,1,1,1,9,1,6,1,1,1,1,1,1,6,1,6,1,9,9,9,1,1,1,6,1,1,1,1,1,1,1,1,1,6,1,1,1,1,1,1,1,1,1,1,1,1,6,6,6,1,1,1,1,1,1,6,6,1,1,9,9,1,1,1,1,1,1,1,1,1,1,1,6,1,1,1,1,1,6,9,1,1,1,1,1,1,1,1,1,1,1,1,1,1,1,1,1,1,1,1,1,1,1,1,1,1,9,1,1,1,1,1,1,1,1,1,6,1,1,6,1,9,9,1,1,1,1,1,6,1,6,1,1,1,6,1,1,1,6,1,6,1,1,1,1,1,1,9,9,6,1,6,1,1,1,1,1,1,1,1,9,9,9,1,1,1,1,1,1,1,9,9,9,1,1,1,6,1,1,1,9,9,1,1,1,1,1,1,1,1,1,1,6,1,1,6,6,1,6,1,6,1,1,1,6,1,1,9,9,1,1,1,1,1,1,1,6,1,6,1,1,1,1,1,1,1,1,1,1,1,1,1,1,1,1,1,1,1,1,6,1,1,1,1,6,1,1,1,1,1,1,1,1,6,1,1,1,9,9,9,6,6,6,1,1,6,6,1,6,1,1,1,1,1,1,1,1,6,1,1,1,1,1,1,6,6,1,6,6,1,1,1,1,6,1,6,6,1,9,9,9,1,1,1,1,1,1,1,1,1,1,1,1,1,1,6,1,6,1,1,1,6,1,1,1,1,1,6,1,1,1,1,1,1,1,1,6,1,1,1,6,1,1,1,1,1,1,1,1,1,6,6,6,1,1,1,1,1,1,1,6,6,1,1,6,1,1,6,1,1,1,1,1,9,9,9,1,1,1,1,1,1,6,6,6,1,6,6,1,1,1,1,6,1,1,1,1,1,6,1,1,1,1,6,6,1,1,1,1,1,1,1,1,1,1,6,1,1,1,1,6,1,1,1,6,1,1,1,6,6,1,6,1,1,1,1,1,1,1,1,1,1,1,1,1,6,1,1,1,1,1,1,1,6,1,1,9,9,1,9,9,1,1,1,1,1,1,1,6,1,1,1,1,1,6,1,1,1,1,1,1,1,1,1,1,1,1,1,1,1,1,1,1,1,1,1,1,1,1,1,1,1,1,1,1,1,1,1,1,1,1,1,1,1,1,1,1,1,9,1,1,1,1,9,9,9,9,9,9,9,9,9,9,9,9,9,9,9,9,9
347,21743,ROSEN,100,6,6,6,1,6,1,6,6,6,1,6,1,1,1,1,1,1,1,1,6,1,6,1,1,6,6,9,6,1,1,6,6,1,6,6,1,1,1,1,1,1,1,1,6,1,1,1,1,1,1,6,1,6,6,6,6,6,6,1,1,6,6,1,6,1,1,6,6,6,6,6,6,6,6,6,6,6,1,1,6,6,6,6,6,1,1,6,9,6,6,6,6,6,6,6,6,6,6,1,6,1,6,6,1,6,1,1,1,1,1,1,1,1,6,6,6,1,1,6,6,1,1,1,1,1,1,6,6,6,6,6,6,6,6,1,6,6,6,1,1,1,1,1,1,1,1,6,1,1,1,6,1,1,1,1,1,6,1,1,6,6,6,1,1,1,1,6,6,1,1,6,1,1,1,6,6,1,6,6,1,6,1,1,1,6,1,6,6,1,6,6,1,6,1,1,6,6,6,6,6,6,6,6,1,6,1,6,1,1,6,6,6,6,1,1,6,6,6,1,1,1,1,6,6,1,6,6,6,6,1,9,1,1,1,1,1,1,1,6,6,1,1,6,6,6,6,1,1,1,1,6,6,1,1,6,1,1,6,6,6,1,6,6,1,1,1,1,1,1,6,6,1,6,6,1,1,1,1,1,1,6,1,1,1,1,1,6,6,6,6,6,6,1,6,6,6,6,6,1,1,6,6,6,1,6,1,1,1,1,6,6,6,1,1,6,6,1,6,1,1,1,1,1,6,6,6,1,1,1,6,6,6,1,1,1,6,1,6,6,1,6,1,6,1,1,6,6,1,1,1,6,6,6,6,6,6,6,6,6,1,6,1,1,6,1,6,6,6,6,6,6,6,6,6,1,1,1,1,1,1,6,6,1,1,1,1,1,1,1,6,6,6,6,1,1,1,6,1,1,1,6,1,1,6,6,1,6,1,6,6,6,1,6,6,6,6,1,6,1,1,1,1,1,1,6,6,6,6,1,1,6,1,1,6,6,1,1,1,1,1,6,6,6,6,6,6,6,6,1,6,6,6,6,6,6,6,6,1,1,1,1,6,6,1,1,6,6,6,6,1,6,1,6,1,1,1,6,6,1,6,6,1,6,1,6,6,6,6,1,1,6,1,6,1,1,6,6,1,1,1,1,1,6,1,1,1,6,6,6,6,6,6,1,6,1,1,6,6,1,1,6,1,6,6,1,1,6,1,1,1,6,6,6,1,1,6,6,6,1,1,1,1,9,9,9,9,9,9,9,9,9,9,9,9,9,9,1,1,6,1,1,1,1,1,1,1,1,1,1,6,6,6,1,1,1,1,1,1,6,1,6,6,6,1,1,1,6,6,1,1,6,6,1,1,6,1,6,1,6,1,6,6,1,1,1,1,1,6,6,6,1,1,6,1,6,6,1,1,6,1,6,1,1,6,6,1,6,1,1,1,6,6,1,1,1,6,1,1,6,6,1,6,6,6,1,1,6,1,1,1,1,6,1,1,1,1,1,6,6,1,1,6,1,6,6,1,6,1,1,1,1,1,1,6,6,6,6,6,1,1,1,1,1,9,9,9,6,6,1,1,6,1,1,1,6,6,6,6,1,1,1,6,6,6,1,6,6,1,1,1,1,1,1,1,1,6,6,6,6,1,6,6,1,1,1,1,1,6,6,1,1,1,1,6,6,6,6,6,1,6,6,1,1,6,6,6,6,6,1,1,6,1,1,6,6,1,1,9,9,6,6,6,6,6,6,6,6,1,1,6,1,6,6,6,6,1,1,1,6,6,1,1,1,6,6,1,6,1,1,6,6,6,6,6,1,6,1,1,9,9,1,1,6,6,1,6,1,6,1,1,6,6,1,1,6,6,1,1,1,6,6,1,1,6,6,1,1,1,6,6,6,1,1,1,1,1,1,1,6,6,6,6,1,6,6,1,1,1,1,6,1,1,1,1,1,1,6,6,1,6,1,1,6,6,6,6,1,1,6,6,1,1,6,1,1,6,6,6,9,6,6,6,1,6,1,6,6,1,1,1,6,6,6,1,1,1,6,6,6,1,6,6,6,6,6,6,6,6,1,6,1,6,6,1,1,1,6,6,6,1,6,1,6,6,6,6,6,1,1,1,1,6,6,1,6,6,1,9,9,9,6,6,6,1,1,1,6,6,6,6,1,1,6,1,6,6,1,6,6,6,6,1,1,6,1,1,6,6,6,1,1,1,1,1,1,1,1,6,6,6,6,1,1,6,1,6,6,1,6,6,6,6,6,1,1,9,9,6,6,1,6,1,1,6,6,6,1,1,1,6,6,6,6,1,1,1,6,1,1,1,1,1,6,6,6,6,1,6,6,6,1,6,1,1,6,1,1,6,6,1,1,1,1,1,1,6,6,6,1,1,1,6,6,6,6,6,6,6,1,6,6,6,6,6,1,6,6,6,6,6,1,6,1,1,6,6,6,6,1,1,1,1,1,1,6,1,1,1,6,6,1,1,6,6,1,1,1,1,6,1,1,1,1,6,1,1,1,1,6,6,1,1,1,1,1,6,6,6,1,1,1,1,1,1,6,1,6,1,1,6,1,1,1,1,1,1,1,6,6,6,1,1,9,9,9,9,9,9,9,9,9,9,9,9,9,9,9,9,9,9,9,9,9,9,9,9,9,9,9,9,9,9,9,9,9,9,9,9,9,9,9,9,9,9,9,9,9,9,9,9,9,9,9,9,9,9,9,9,9,9,9,9,9,9,9,9
348,21744,RUTHERFORD,200,1,1,1,6,1,6,1,1,1,1,1,6,6,6,6,6,6,6,6,1,6,1,1,1,1,1,1,6,6,1,1,1,9,1,9,9,9,9,9,9,9,9,9,9,9,9,9,9,9,9,9,9,9,9,9,9,9,9,1,1,1,1,6,1,1,1,1,1,1,1,1,1,1,1,1,1,1,1,1,1,1,1,1,1,1,1,1,1,1,1,1,1,1,1,1,1,1,1,1,1,1,1,1,1,6,6,6,6,6,6,6,6,1,1,1,1,6,6,9,1,6,1,6,6,1,1,1,1,1,1,6,1,6,6,1,1,1,1,6,6,6,6,6,6,6,6,1,6,6,6,1,6,6,6,6,6,1,1,1,1,1,1,1,6,6,6,1,1,1,1,1,1,1,1,1,1,1,1,1,1,1,6,1,6,1,1,1,1,1,1,1,1,1,1,1,1,1,1,1,1,1,1,1,6,1,6,1,1,1,1,1,1,1,6,1,1,1,1,1,1,1,1,1,1,1,1,1,1,1,1,1,1,1,1,1,1,1,1,1,1,1,6,1,1,1,1,1,1,1,6,1,1,1,1,1,1,1,1,1,1,1,1,1,1,1,6,1,1,1,1,1,1,1,1,1,1,1,6,6,6,1,6,1,1,1,1,1,1,1,1,1,6,1,1,1,1,1,1,1,1,1,1,1,6,1,1,1,1,1,1,1,1,6,1,1,1,6,1,1,1,1,1,1,1,1,6,1,1,1,1,1,6,1,6,6,1,1,1,1,6,1,6,1,1,1,1,1,1,6,6,1,6,1,1,1,6,6,6,6,6,1,6,6,6,6,1,1,1,1,6,1,1,1,1,1,6,1,1,1,1,1,1,1,6,6,6,6,6,6,1,1,1,1,6,6,6,1,6,6,6,1,1,6,6,1,1,1,1,1,1,1,1,1,1,6,6,6,1,6,6,6,6,6,6,1,1,6,6,6,6,6,1,6,1,1,1,1,1,1,1,1,1,6,1,1,6,6,6,6,6,6,1,6,1,6,1,1,6,6,6,6,6,1,6,6,9,9,9,9,9,9,9,9,9,9,9,9,9,9,9,9,9,9,9,9,9,1,1,6,6,6,6,6,6,6,1,1,6,6,6,6,6,1,6,6,6,1,6,1,6,1,6,6,1,9,9,9,9,9,9,9,9,9,9,9,9,9,9,1,1,1,1,1,6,6,1,1,1,1,6,1,1,1,1,1,1,6,1,1,1,1,6,6,6,6,1,1,1,1,1,1,1,6,1,1,6,1,1,1,6,1,1,1,6,6,6,6,6,1,1,1,1,6,6,6,6,1,1,1,1,1,1,6,6,1,6,1,1,1,1,1,1,1,6,1,1,1,6,1,1,1,6,1,1,1,1,1,6,1,1,1,1,1,1,1,1,1,6,1,1,1,1,1,1,1,1,1,1,1,1,6,1,1,1,6,9,1,1,6,1,1,1,6,1,1,6,1,1,1,1,6,1,1,1,1,1,6,1,1,1,1,1,6,1,1,1,1,1,1,6,1,6,1,1,1,1,1,1,1,6,1,1,1,1,1,1,1,1,1,6,1,1,1,1,1,1,1,1,1,1,1,1,6,6,6,1,1,1,1,1,1,6,6,1,1,1,1,1,1,1,1,1,1,1,1,1,1,1,6,1,1,1,1,1,6,1,1,1,1,1,1,1,1,1,1,1,1,1,1,1,1,1,1,1,1,1,1,1,1,6,1,1,1,1,1,1,1,1,1,1,1,1,6,1,1,6,1,1,1,1,1,1,1,1,6,1,1,1,1,1,6,1,1,1,6,1,6,1,1,1,1,1,1,6,1,6,1,6,1,1,1,1,1,1,1,1,6,1,1,1,1,1,1,1,1,1,1,1,6,1,1,1,6,1,1,1,1,1,1,1,1,1,1,1,1,1,1,1,6,1,1,6,6,1,6,1,6,1,6,1,6,1,1,1,1,1,1,1,1,1,1,1,6,1,6,1,6,1,1,9,1,1,1,1,1,1,1,1,1,6,6,6,1,6,1,1,6,6,1,1,6,1,1,1,1,1,1,1,6,6,1,1,1,1,1,6,6,6,6,1,1,6,6,1,6,1,1,1,1,1,1,1,6,6,1,1,1,1,1,1,6,6,6,6,6,6,6,6,6,1,1,6,6,1,1,1,1,1,1,1,1,1,1,1,1,1,1,1,1,1,1,6,1,6,1,1,1,6,1,1,1,9,1,6,1,1,1,1,1,1,1,1,6,1,1,1,6,1,6,6,1,1,1,6,6,1,6,6,6,1,1,1,1,1,1,1,6,1,1,1,6,1,1,6,1,1,1,1,1,1,1,1,1,1,1,1,1,1,6,1,6,6,1,1,1,1,1,1,6,1,1,1,6,1,6,1,1,1,1,1,6,1,1,1,1,1,1,1,1,1,1,6,1,1,1,1,6,1,1,1,6,1,1,1,6,6,9,6,1,1,1,1,1,1,1,1,1,1,1,1,1,1,1,1,1,1,1,1,1,6,1,1,1,1,1,1,1,1,1,1,1,1,1,1,1,1,1,1,1,1,1,1,1,1,1,1,1,1,1,1,1,1,1,1,1,9,1,1,1,1,1,1,9,1,1,1,1,1,1,1,1,1,1,1,1,1,1,1,1,1,1,1,1,1,1,1,1,1,1,1,1,1,1,1,1,1,1,1,1,1,1,1,1,6,1,1
349,21745,SMUCKER,200,1,1,1,6,1,6,1,1,1,1,1,1,6,6,6,6,6,6,6,6,6,1,1,1,1,1,1,6,6,1,1,1,1,1,1,6,6,6,6,6,6,6,6,1,6,6,6,6,6,1,1,6,1,1,1,6,1,1,1,1,1,1,6,1,1,1,1,1,1,1,1,1,1,1,1,1,1,1,1,1,1,1,1,1,1,1,1,1,1,1,1,1,1,1,1,1,1,1,1,1,1,1,1,1,6,6,6,6,6,6,6,6,1,1,1,1,6,6,1,1,6,1,6,6,1,1,1,1,1,1,6,1,6,6,1,1,1,1,6,6,6,6,6,6,6,6,1,6,6,6,1,6,6,6,6,6,1,1,1,1,1,1,1,6,6,6,1,1,1,1,1,1,1,1,1,1,1,1,1,1,1,6,1,6,1,1,1,1,1,1,1,1,1,1,1,1,1,1,1,1,1,1,1,6,1,6,1,1,1,1,1,1,1,6,1,1,1,1,1,1,1,1,1,1,1,1,1,1,1,1,1,1,9,1,1,1,1,1,1,1,1,6,1,1,1,1,1,1,1,1,1,1,1,1,1,1,1,1,1,1,1,1,1,1,1,6,1,1,1,1,1,1,1,1,1,1,1,6,6,6,1,6,1,1,1,1,1,1,1,1,1,6,1,1,1,1,1,1,1,1,1,1,1,6,1,1,1,1,1,1,1,1,6,1,1,1,6,1,1,1,1,1,1,1,1,1,1,1,1,1,1,1,1,1,6,1,1,1,1,6,1,6,1,9,1,1,1,1,6,6,1,6,1,1,1,6,6,6,6,6,1,6,6,6,6,1,1,1,1,6,1,1,1,1,1,6,1,1,1,1,1,1,1,6,6,6,6,6,6,1,1,1,1,6,6,6,1,6,6,6,1,1,6,6,1,1,1,1,1,1,1,1,1,1,6,6,6,1,6,6,6,6,6,6,1,1,6,6,6,1,6,6,6,1,1,1,1,1,1,1,1,1,1,1,6,6,6,6,6,6,6,1,6,1,1,1,1,6,6,6,6,1,1,6,6,1,1,6,1,6,1,6,1,6,6,6,1,1,1,6,1,6,1,1,1,1,1,1,6,6,6,1,6,6,6,1,1,6,6,6,6,6,1,6,6,6,1,6,1,1,1,6,6,1,6,1,1,1,6,6,6,6,1,1,6,6,1,1,1,1,1,1,6,6,6,1,1,1,1,6,1,1,1,1,1,9,6,1,1,1,1,6,6,1,6,1,9,9,9,9,9,9,6,1,1,6,1,1,1,1,1,1,1,6,6,6,6,6,1,1,1,1,6,6,6,6,1,1,1,1,1,1,6,6,1,6,1,1,1,1,1,1,1,6,1,1,1,6,1,1,6,6,1,1,1,1,1,6,1,1,1,1,1,1,1,1,6,6,1,1,1,1,1,1,1,1,1,1,1,1,6,1,1,1,6,6,1,1,6,1,6,1,6,1,1,6,1,1,1,1,6,1,1,1,1,1,6,1,1,1,1,1,6,1,1,1,1,1,1,6,1,6,1,1,1,1,1,1,1,6,1,1,1,1,6,1,1,1,1,6,1,1,1,1,1,6,1,1,1,1,1,1,6,6,6,1,1,1,1,1,1,6,6,1,1,1,1,1,1,1,1,1,1,1,1,1,1,1,6,1,1,1,1,1,6,1,1,1,1,1,1,1,1,1,1,1,1,1,1,1,1,1,1,1,1,1,1,1,1,1,1,1,1,1,1,6,1,1,1,1,1,1,6,1,1,6,1,1,1,1,1,1,1,1,6,1,1,1,1,1,6,1,1,1,6,1,6,1,1,1,1,1,1,6,1,6,1,6,1,1,1,1,1,1,1,1,6,1,1,1,1,1,1,6,1,1,1,1,1,1,1,1,6,1,1,1,1,1,1,1,1,1,1,1,1,1,1,1,6,1,1,6,6,1,6,1,6,1,6,1,6,1,1,1,1,1,1,1,1,1,1,1,6,1,6,1,1,9,9,9,1,1,1,1,1,1,1,1,1,1,6,1,1,6,1,1,6,1,1,1,6,1,1,1,1,1,1,1,1,6,1,1,1,1,1,6,6,6,6,1,1,6,6,1,6,1,1,1,1,1,1,1,1,6,1,1,1,1,1,1,6,6,6,6,6,1,6,1,1,1,1,6,6,1,1,1,1,1,1,1,1,1,1,1,1,1,1,1,1,1,1,6,1,6,1,1,1,6,1,1,1,1,1,6,1,1,1,1,1,1,1,1,6,6,1,1,6,1,6,6,1,1,1,6,6,6,6,1,6,1,1,1,1,1,1,1,6,1,1,1,6,1,1,6,1,1,1,1,1,1,1,1,1,1,1,1,1,1,6,6,6,1,1,1,1,1,1,1,6,1,1,1,1,1,6,1,1,1,1,1,6,1,1,1,1,1,1,1,1,1,1,6,1,1,1,1,6,1,1,1,6,1,1,1,6,6,6,6,1,1,9,9,9,1,1,1,1,1,1,1,1,6,1,1,1,1,1,1,1,6,1,1,1,1,1,1,1,1,1,1,1,1,1,1,1,1,1,1,1,1,1,1,1,1,1,1,1,1,1,1,1,1,1,1,1,1,1,1,1,1,1,1,1,1,1,1,1,1,1,1,1,1,1,1,1,1,1,1,1,1,1,1,1,1,1,1,1,1,1,1,1,1,1,1,1,1,1,1,1,1,1,1,1,1,1,1
350,21746,SOTO,100,6,6,6,1,6,1,6,6,6,1,6,1,1,1,1,1,1,1,1,6,1,6,1,1,6,6,1,1,1,1,6,6,1,6,6,1,1,1,1,1,1,1,1,6,1,1,1,1,1,6,6,1,6,6,6,6,6,6,1,1,6,6,1,6,1,1,6,6,6,6,6,6,6,6,6,6,6,1,1,6,6,6,6,6,1,1,6,6,6,6,6,9,6,6,6,6,6,6,1,6,1,6,6,1,1,1,1,1,1,1,1,1,6,6,6,6,1,1,6,6,1,6,1,1,6,1,6,6,6,6,1,6,1,1,1,1,6,6,1,1,1,1,1,1,1,1,6,1,1,1,6,1,1,1,1,1,6,1,1,6,6,6,1,1,1,1,6,6,1,1,1,1,1,1,6,6,1,6,6,1,6,1,1,1,6,1,6,6,1,6,6,1,6,1,1,6,6,6,6,6,6,6,6,1,6,1,6,1,1,6,6,6,6,1,1,6,6,6,1,1,9,1,6,6,1,1,6,6,6,1,1,1,6,6,1,1,1,1,6,6,1,1,6,6,6,6,1,1,1,1,6,6,6,1,6,1,1,6,6,6,1,6,6,1,1,1,6,1,1,6,6,1,6,6,6,1,1,1,1,1,6,1,1,1,1,1,6,6,6,6,6,1,6,6,6,6,6,6,1,1,6,6,6,1,6,1,6,1,1,6,6,6,1,1,6,6,1,6,1,1,1,1,1,6,6,1,1,1,1,6,6,6,6,6,1,6,1,6,6,1,6,1,6,1,1,6,6,1,1,1,6,6,6,6,6,6,1,1,1,1,6,1,6,6,1,6,6,6,6,6,6,6,1,6,1,1,1,1,1,1,6,6,1,1,1,1,1,1,1,6,6,6,6,1,1,1,6,1,1,1,6,1,1,1,6,6,6,1,6,6,6,1,6,6,6,6,1,6,1,1,1,1,1,1,6,6,6,6,1,1,1,1,1,6,6,1,1,1,1,1,6,6,6,6,6,6,6,6,1,6,6,6,6,6,6,6,6,1,1,1,1,6,6,1,1,6,6,6,6,1,6,1,6,1,1,1,6,6,1,6,6,1,6,9,6,6,6,6,1,1,6,1,6,1,1,6,6,1,1,1,1,1,6,1,1,1,6,6,6,6,6,6,1,6,1,6,6,6,1,1,1,1,6,6,1,1,6,1,6,1,6,6,6,1,1,6,6,6,1,1,1,6,9,9,6,6,1,6,1,6,6,1,6,6,1,6,1,1,6,6,1,1,1,1,1,1,1,1,1,6,6,6,1,1,1,1,1,1,6,1,6,6,6,1,1,1,6,6,1,1,6,6,1,1,6,1,6,1,6,6,6,6,1,1,6,1,1,6,6,6,6,1,6,1,6,6,1,1,6,1,6,1,1,6,6,6,6,1,6,1,6,6,1,1,1,6,1,1,6,6,1,6,6,6,1,1,6,1,1,6,6,6,1,1,1,6,1,6,6,1,1,6,1,6,6,1,6,1,6,1,1,1,1,6,6,6,6,6,1,1,6,1,1,6,1,1,6,6,1,1,6,1,1,1,6,6,6,6,1,1,6,6,6,6,1,6,6,1,1,1,1,1,6,6,6,6,6,6,6,1,6,1,1,6,1,1,1,6,6,1,1,6,1,6,6,6,6,6,1,6,6,1,1,6,6,6,6,6,6,1,6,1,1,6,6,6,1,1,6,6,6,6,6,6,6,6,6,1,1,6,6,6,1,6,6,1,1,1,6,6,1,1,1,1,6,1,6,1,1,6,6,6,6,6,1,6,1,1,1,1,1,6,6,6,1,6,1,6,6,1,6,6,1,1,6,1,6,1,1,6,6,1,1,6,6,1,1,6,6,6,6,1,1,6,1,1,1,1,6,6,6,6,1,6,6,6,1,1,1,6,6,1,1,1,1,1,6,6,1,6,1,1,6,6,1,6,1,1,6,6,1,1,6,1,1,6,6,6,6,6,6,6,1,6,1,6,6,1,1,1,6,6,6,1,1,6,6,6,6,6,6,6,6,6,6,6,6,6,1,6,1,6,6,1,1,1,6,6,6,1,6,1,6,6,6,6,6,1,1,6,1,1,1,1,1,6,1,1,1,1,6,6,6,1,1,1,6,6,6,6,1,1,6,1,1,6,1,6,6,6,6,1,1,6,1,1,6,6,6,1,1,1,6,6,1,1,1,6,6,6,6,1,6,1,1,6,6,1,6,6,6,6,6,1,1,1,1,6,6,1,6,1,1,6,6,6,1,1,1,6,6,6,6,6,6,1,1,1,1,1,1,1,6,6,6,6,1,6,6,6,1,6,1,1,6,1,1,6,6,1,1,1,1,6,1,6,6,6,1,1,1,6,6,6,6,6,6,6,1,6,6,6,6,6,1,6,6,6,6,6,1,6,1,1,6,6,6,6,6,1,1,1,6,6,6,1,1,6,6,6,1,1,6,6,1,1,1,1,6,6,1,1,1,6,1,1,1,1,6,6,1,1,6,1,1,6,6,6,6,1,6,1,1,1,6,1,6,1,1,6,1,1,1,1,1,1,1,6,6,6,1,1,1,1,1,1,1,1,1,1,1,1,6,1,1,1,1,1,1,1,1,1,1,1,1,1,1,1,1,6,1,1,1,6,6,6,6,1,6,1,1,1,1,1,1,1,1,1,1,1,1,1,1,1,1,1,1,1,1,1,6,1,1,6,6,1
351,21747,SUOZZI,100,6,6,6,1,6,1,6,6,6,1,9,1,1,1,1,1,1,1,1,6,1,6,1,1,6,6,6,1,1,1,6,6,1,6,1,1,1,1,1,1,1,1,1,6,1,1,1,1,1,1,6,1,1,9,9,6,6,1,1,1,6,6,1,6,1,1,6,6,6,6,6,6,6,6,6,6,6,1,1,6,6,6,6,6,1,1,6,6,6,9,6,6,6,6,6,6,6,6,1,6,1,6,6,1,6,6,1,1,1,1,1,1,1,6,6,1,1,1,1,6,1,1,1,1,6,1,6,6,9,6,1,6,1,1,1,1,6,6,1,1,1,1,1,1,1,1,6,1,1,1,6,1,1,1,1,1,6,1,1,6,6,6,1,1,1,1,6,6,1,1,1,9,9,9,6,6,1,6,6,1,6,1,1,1,6,1,6,6,1,6,6,1,1,1,9,6,6,9,6,6,6,6,6,1,6,1,6,1,1,6,6,6,1,9,1,6,6,6,1,1,1,1,6,1,1,1,1,6,1,1,1,1,1,1,1,1,1,1,6,6,1,1,6,1,6,6,1,1,1,1,6,6,1,1,6,1,1,6,6,6,1,6,6,9,1,1,1,1,1,6,6,1,6,6,6,1,1,1,1,1,6,1,1,1,1,1,6,6,6,6,6,1,1,6,6,6,6,6,1,1,6,6,1,1,6,6,1,1,1,6,6,6,1,6,6,6,1,6,1,1,6,1,1,6,6,1,1,1,1,6,6,1,6,6,1,6,1,6,6,1,6,1,6,1,1,6,6,1,1,1,6,6,6,6,6,6,1,6,1,1,1,1,6,1,1,6,6,6,6,6,6,6,6,6,1,1,1,1,1,1,6,6,1,1,1,1,1,1,1,6,6,6,6,1,1,1,6,1,1,1,6,1,1,6,6,1,6,1,6,6,6,1,6,6,6,6,1,6,1,1,1,1,1,1,6,6,6,6,1,1,6,1,1,6,6,1,1,9,9,9,9,9,9,6,6,6,6,6,1,6,6,6,6,6,6,6,6,1,6,1,1,1,6,1,1,6,6,6,1,1,6,1,6,1,1,1,6,6,1,6,6,1,6,1,6,6,6,6,1,1,6,1,6,1,1,6,6,1,1,1,1,1,1,1,1,1,6,6,6,6,6,6,1,6,1,6,6,6,1,1,6,1,6,6,1,1,6,1,1,1,6,6,6,1,1,6,6,1,1,1,1,1,1,1,6,6,1,6,1,6,6,6,6,6,6,6,1,1,6,6,1,1,1,1,1,1,1,1,1,6,6,6,1,1,1,1,1,1,6,1,6,6,6,1,1,1,6,6,1,1,6,6,1,1,6,1,6,1,6,1,6,6,1,1,6,1,1,6,6,6,6,1,6,1,6,6,1,1,6,1,6,1,1,6,6,1,6,1,6,1,6,6,1,1,1,6,1,1,6,9,1,6,6,6,1,1,6,1,1,1,6,6,1,1,1,1,1,6,6,1,9,6,1,6,6,1,1,1,6,1,1,1,1,1,6,1,6,1,1,1,1,1,1,6,1,1,6,6,1,1,6,1,1,1,1,6,6,6,1,1,1,1,9,9,9,9,9,9,9,1,1,1,1,1,1,6,6,6,6,1,6,6,1,1,1,1,1,6,6,1,1,1,1,6,6,6,6,6,1,6,6,1,1,6,6,6,6,6,6,1,6,1,1,6,6,6,1,1,6,6,6,6,6,6,6,6,6,1,1,6,1,6,1,6,6,6,1,1,6,6,1,1,1,1,1,1,6,1,1,6,6,6,6,6,1,1,1,1,1,1,1,1,6,6,1,6,1,6,1,1,6,6,1,1,1,1,1,1,1,6,1,1,1,6,6,1,1,1,6,6,6,1,1,6,1,1,1,1,6,6,6,1,1,1,6,1,1,1,1,6,1,1,1,1,1,1,6,6,1,6,1,1,6,6,6,6,1,1,6,6,1,1,6,1,1,6,6,6,6,6,6,6,1,6,1,6,9,1,1,1,6,6,6,1,1,1,6,6,1,6,6,6,6,6,6,6,6,6,1,6,1,6,1,1,1,1,6,6,6,1,6,1,1,6,6,6,6,1,1,6,1,6,1,1,1,6,1,1,1,1,6,6,6,1,1,1,6,6,6,6,1,1,6,1,1,6,1,6,6,6,6,1,1,6,1,1,1,6,6,1,1,1,6,1,1,1,1,6,6,6,1,1,1,6,1,6,6,1,6,6,6,6,6,1,1,1,1,6,6,1,1,1,1,6,6,6,1,1,1,6,6,6,6,9,9,9,9,9,9,9,1,9,6,6,6,6,1,6,6,1,1,6,1,1,1,1,1,6,6,1,1,1,1,1,1,6,6,6,1,1,1,6,6,6,6,6,6,6,1,6,6,6,6,6,1,6,6,6,6,6,1,6,1,1,6,1,6,6,1,1,1,1,6,1,6,1,1,1,6,6,1,1,6,6,1,1,1,1,6,1,1,1,1,6,1,1,1,1,6,1,1,6,1,1,1,6,6,6,1,1,6,1,1,1,6,1,6,1,1,6,1,1,1,1,1,9,1,6,6,6,1,1,1,1,1,1,1,1,1,1,1,1,6,1,1,1,1,1,1,1,1,1,1,1,1,1,1,1,1,6,1,1,1,6,6,6,6,1,6,1,1,1,1,1,1,1,1,1,1,1,1,1,1,1,1,1,1,1,1,1,6,1,1,6,6,1
352,21748,TAYLOR,200,1,1,1,6,1,6,1,1,1,1,1,6,6,6,6,6,6,6,6,1,6,1,1,1,1,1,1,6,6,1,1,1,1,1,1,6,6,6,6,6,6,6,6,1,6,6,6,6,6,1,1,6,1,1,1,6,1,1,1,1,1,1,6,1,1,1,1,1,9,9,9,9,1,1,1,1,1,1,1,1,1,1,1,1,1,1,1,1,1,1,1,1,1,1,1,1,1,1,1,1,1,1,1,1,6,6,6,6,6,6,6,6,1,1,1,1,6,6,1,1,9,9,9,9,9,1,1,1,1,1,6,1,6,6,1,6,1,1,6,6,6,6,6,6,6,6,1,6,6,6,1,6,6,6,6,6,1,1,1,1,1,1,1,6,6,6,1,1,6,1,1,1,1,1,1,1,1,1,1,1,1,6,1,6,1,1,1,1,1,1,1,1,1,1,1,1,1,1,1,1,1,1,1,6,1,6,1,1,1,1,1,1,1,6,1,1,1,1,1,1,1,1,1,1,1,1,1,1,1,1,1,1,1,1,1,1,1,1,1,1,1,6,1,1,1,1,1,1,1,1,1,1,1,1,1,1,1,1,1,1,1,1,1,1,1,6,1,1,1,1,1,1,1,1,1,1,1,6,6,6,1,6,1,1,1,1,1,1,1,1,1,6,1,1,1,1,1,1,1,1,9,9,9,6,1,1,1,1,1,1,1,1,6,1,1,1,6,1,1,1,1,1,1,1,1,1,1,1,1,1,1,1,1,6,6,1,1,1,1,6,1,6,1,1,1,1,1,1,6,6,1,6,1,1,1,6,6,6,6,6,1,6,6,1,6,1,6,1,1,6,1,1,1,1,1,6,1,1,1,1,1,1,1,6,6,6,6,6,6,1,1,1,1,6,6,6,1,6,6,6,1,1,6,6,1,1,1,1,1,1,1,1,1,1,6,1,6,1,6,6,6,6,6,6,1,1,6,1,6,6,6,6,6,1,1,1,9,1,1,1,1,1,1,6,1,6,1,1,6,6,1,1,1,6,1,1,1,6,6,6,6,1,1,6,6,1,1,1,1,6,1,6,1,6,6,6,1,6,1,1,1,6,1,1,1,1,1,1,6,6,1,6,6,6,6,1,1,6,6,6,1,6,6,6,1,6,1,1,1,1,1,1,6,1,6,1,1,1,6,6,6,6,1,1,6,6,1,1,1,1,1,1,1,6,6,1,1,1,1,6,1,1,1,1,1,1,6,1,1,1,1,6,6,1,6,1,1,9,1,1,1,1,6,1,1,6,1,1,1,1,1,1,1,6,6,6,6,6,1,1,1,1,1,6,6,6,1,1,1,1,1,1,6,6,1,6,1,1,1,1,1,1,1,6,1,1,1,1,1,1,1,6,1,1,1,1,1,6,1,1,1,6,1,1,1,1,1,6,1,1,1,1,1,1,1,1,1,1,1,1,9,9,9,9,9,9,9,9,9,9,9,1,6,1,1,1,1,1,1,1,6,1,1,1,1,1,1,1,1,1,1,1,6,1,1,1,1,1,1,6,1,6,1,1,1,1,1,1,1,6,1,1,1,1,1,1,1,1,1,6,1,1,1,1,1,1,1,1,1,1,1,1,6,9,6,1,1,1,1,1,1,6,6,1,1,1,1,1,1,1,1,1,1,1,1,1,1,1,6,1,1,1,1,1,6,1,1,1,1,1,1,1,1,1,1,1,1,1,6,1,1,1,1,1,1,1,1,1,1,1,1,6,1,1,1,1,1,1,1,1,1,1,6,1,1,6,1,1,1,1,1,1,1,1,6,1,1,1,1,1,6,1,1,1,6,1,6,1,1,1,1,1,1,6,1,6,1,6,1,1,1,1,1,1,1,1,6,1,6,1,1,1,1,1,1,1,1,1,6,1,1,1,6,1,1,1,1,1,1,1,1,1,1,1,1,1,1,1,6,1,1,6,1,1,6,1,6,1,6,1,6,1,7,1,1,1,1,1,1,1,1,1,9,1,6,1,9,1,1,1,1,1,1,1,1,1,1,1,6,6,6,6,1,6,1,1,6,1,1,1,6,1,1,1,1,1,1,1,6,6,1,1,1,1,1,6,6,6,6,1,1,6,1,1,6,1,1,1,1,1,1,1,6,6,1,1,1,1,6,1,6,6,1,6,6,1,6,1,1,1,1,6,6,1,9,9,9,1,1,1,1,1,1,1,1,1,1,6,1,1,1,6,1,6,1,1,1,6,1,1,1,1,1,6,1,1,1,9,9,9,1,1,6,6,1,1,6,1,6,6,1,1,1,6,6,6,6,1,6,1,1,1,1,1,1,1,6,1,1,1,6,1,1,6,1,1,1,1,1,1,1,1,1,1,1,1,1,1,6,6,6,6,1,1,1,1,1,6,6,1,1,6,6,1,6,1,1,1,1,1,6,1,1,1,1,1,1,1,1,1,1,6,1,1,1,1,6,1,1,1,6,1,1,1,6,6,6,6,1,1,9,9,9,9,9,9,1,1,1,1,1,1,1,1,1,1,1,1,1,6,1,1,1,1,1,1,1,1,1,9,9,9,1,1,1,1,1,1,1,6,1,1,1,9,1,1,1,1,1,1,1,1,1,6,1,1,1,1,1,1,1,1,1,1,1,1,1,6,1,1,1,1,1,9,1,1,1,1,1,1,9,9,9,9,9,9,9,9,9,9,9,9,9,9,9,9,9,9,9,9,9,9,9,9,9,9
353,21749,TENNEY,200,1,1,1,6,1,6,1,1,1,1,1,6,6,6,6,6,6,6,6,1,6,1,1,1,1,1,1,6,6,1,1,1,1,1,1,6,6,6,6,6,6,6,6,1,6,6,6,6,6,1,1,6,1,1,1,6,1,1,1,1,1,1,6,1,1,1,1,1,1,1,1,1,1,1,1,1,1,1,1,1,1,1,1,1,1,1,1,1,1,1,1,1,1,1,1,1,1,1,1,1,1,1,1,1,6,6,6,6,6,6,6,6,1,1,1,1,6,6,1,1,6,1,6,6,1,1,1,1,1,1,6,1,6,6,1,1,1,1,6,6,6,6,6,6,6,6,1,6,6,6,1,6,6,6,6,6,1,1,1,1,1,1,1,6,6,6,1,1,1,1,9,1,1,1,1,1,1,1,1,1,1,6,1,6,1,1,1,1,6,1,1,1,1,1,1,1,1,1,1,1,1,1,1,6,1,6,1,1,1,1,1,1,1,6,1,1,1,1,1,1,1,1,1,1,1,1,1,1,1,1,1,1,1,1,1,1,1,1,1,1,1,6,1,6,1,1,1,1,1,6,1,1,6,1,1,9,1,1,1,1,1,1,1,1,1,6,1,1,1,1,1,1,1,1,1,1,1,6,6,6,1,6,1,1,1,1,1,1,1,1,1,6,1,1,1,1,1,1,1,1,1,1,1,6,1,1,1,1,1,1,1,1,6,1,1,1,6,1,1,1,1,1,1,1,1,6,1,1,1,1,1,6,1,1,6,1,1,1,1,6,1,6,1,1,1,1,1,1,6,6,1,6,1,1,1,6,6,6,6,6,1,6,6,6,6,1,6,6,1,6,1,1,1,1,1,6,1,1,1,1,1,1,1,6,6,6,6,6,6,1,1,1,1,9,9,6,1,6,6,6,1,1,6,6,1,1,1,1,1,1,1,1,1,1,6,6,6,6,6,6,6,6,6,1,1,1,6,6,1,1,6,1,6,1,1,1,1,1,1,1,1,1,6,6,6,6,6,6,6,6,6,6,6,1,1,1,1,6,6,6,6,1,6,6,6,1,1,6,1,6,1,6,1,6,6,6,6,1,1,6,1,6,1,1,1,1,1,1,6,6,1,6,6,6,6,1,1,6,6,6,6,6,1,6,1,6,1,6,6,1,1,6,6,1,6,1,1,1,6,6,6,6,1,1,1,6,1,1,1,1,1,1,6,6,6,1,1,1,1,6,1,1,1,1,1,1,6,1,1,1,1,6,6,6,6,1,1,1,1,1,1,1,6,1,1,6,1,1,1,6,1,1,1,6,6,6,6,6,1,1,1,1,1,6,6,6,1,6,1,1,1,1,6,6,1,6,1,1,1,1,1,1,1,6,1,1,1,6,1,1,6,6,1,1,1,1,1,6,1,1,1,1,1,6,1,1,6,6,1,1,1,1,1,1,1,1,1,1,1,1,6,1,1,1,6,6,1,1,6,1,6,1,6,1,1,6,1,1,1,1,6,1,1,1,1,1,6,1,1,1,1,1,6,1,1,1,1,1,1,6,1,6,1,1,1,1,1,1,1,6,1,1,1,1,6,1,1,1,1,6,1,6,1,1,1,1,1,1,1,1,1,1,6,6,6,1,1,1,1,1,6,6,6,1,1,1,1,1,1,1,1,1,1,6,1,1,1,1,6,1,1,1,1,1,6,1,1,1,1,1,1,1,1,9,9,1,1,1,6,1,1,1,1,1,1,1,1,1,1,6,1,6,1,1,1,1,1,1,1,1,1,1,9,1,1,6,1,1,1,1,1,1,1,1,6,1,1,1,1,1,6,1,1,1,6,1,6,1,1,1,1,1,1,6,1,6,1,6,1,1,1,1,1,1,1,1,6,1,6,1,1,1,1,1,1,1,1,1,1,1,1,1,6,1,1,1,1,1,1,1,1,1,1,1,1,1,1,1,6,1,1,6,6,6,6,1,6,1,6,1,6,1,1,1,1,1,1,1,1,1,1,1,6,1,6,1,6,1,1,1,1,1,1,1,1,1,1,1,6,6,6,6,1,6,1,1,6,6,1,1,6,1,1,1,1,1,1,1,6,6,1,1,1,1,1,6,6,6,6,1,1,1,1,1,6,1,1,1,1,1,1,1,6,6,1,1,1,1,6,1,6,6,1,6,6,6,6,6,6,1,1,1,6,1,1,1,6,1,1,1,1,1,1,1,1,1,1,6,1,1,1,6,1,6,1,1,1,6,1,1,1,1,1,6,1,1,1,1,1,1,1,1,6,6,1,1,6,1,1,1,1,1,1,1,1,6,6,6,6,1,1,1,1,1,1,1,6,1,1,1,6,1,1,6,1,1,1,1,1,1,1,1,1,1,1,1,1,6,6,6,6,6,1,1,1,1,1,1,6,1,1,1,6,1,6,1,1,1,1,1,6,1,1,1,1,1,1,1,1,1,1,6,1,1,1,1,6,1,1,1,6,1,1,1,6,6,6,6,1,1,1,1,1,1,1,1,1,1,1,1,1,1,1,1,1,1,1,1,1,6,1,1,1,1,1,1,1,1,1,1,6,1,1,1,1,1,1,1,1,6,1,1,1,1,1,1,1,1,1,1,1,1,1,1,1,1,1,1,1,1,1,1,1,1,1,1,1,1,1,1,1,1,1,1,1,1,1,1,1,1,1,1,1,1,1,1,1,1,1,1,1,1,1,1,1,1,1,1,1,1,1,1,1,1,1,1
354,29106,WATERS,100,6,6,6,1,6,9,9,6,6,6,6,1,1,9,1,1,1,1,1,6,1,6,1,1,6,6,1,1,1,6,6,6,9,6,1,1,1,1,1,1,1,1,1,6,1,1,1,1,1,6,6,1,6,9,6,1,6,6,1,1,6,6,1,6,1,1,6,6,6,6,6,6,6,6,6,6,6,1,1,6,6,6,6,6,9,9,6,6,6,6,6,6,6,6,6,6,6,6,1,6,1,6,6,1,1,1,1,1,1,1,1,1,6,6,6,6,1,1,6,6,1,9,1,1,6,1,6,6,6,6,1,6,1,1,6,1,6,6,1,1,1,1,1,1,1,1,6,1,1,1,6,9,1,1,1,1,6,1,1,6,6,6,1,1,1,1,6,6,1,1,1,1,1,1,6,6,1,6,6,1,6,1,6,1,6,1,6,6,6,6,6,1,6,1,1,6,6,6,6,6,6,6,6,1,6,1,6,1,1,6,6,6,6,1,6,6,6,6,6,1,1,1,6,6,1,1,1,6,6,1,1,1,1,6,1,1,1,1,6,6,1,1,6,1,6,6,1,1,1,1,6,6,6,1,6,1,1,6,6,6,1,6,6,6,1,1,6,6,6,6,6,1,6,6,6,1,1,1,1,9,6,1,6,1,9,9,6,6,6,6,6,1,6,6,6,6,6,6,1,1,6,6,6,1,6,6,6,9,9,6,6,6,1,6,6,6,9,9,1,6,1,1,1,6,6,6,1,1,1,6,6,1,6,6,1,6,1,6,6,1,6,1,6,1,1,6,6,1,1,1,6,1,6,6,6,1,1,1,1,1,6,1,1,6,1,6,6,6,6,6,6,6,6,6,1,1,1,1,1,1,6,6,1,1,1,1,1,1,1,6,6,6,6,1,1,1,6,1,1,1,6,6,1,1,6,9,6,1,6,6,6,1,6,6,6,6,1,6,1,1,1,1,1,1,6,6,6,6,1,1,1,1,1,6,9,9,1,1,1,1,6,6,1,6,6,6,6,6,1,6,6,6,6,6,6,6,6,1,1,1,1,6,6,1,1,6,6,6,6,1,6,1,6,1,1,1,6,6,1,6,6,1,6,1,6,6,6,6,1,1,6,1,6,1,1,6,6,1,1,1,1,1,6,1,1,1,6,6,6,6,6,6,1,6,1,6,6,6,1,1,1,1,6,6,1,1,6,1,6,1,6,6,6,1,1,6,6,6,1,1,6,6,1,1,6,6,1,6,1,6,6,1,1,6,1,6,1,1,6,6,1,1,1,1,1,1,1,1,1,1,6,6,1,1,1,1,1,1,6,1,6,6,1,1,1,1,6,6,1,1,6,6,1,1,6,1,6,1,6,6,6,6,6,1,6,1,1,1,6,6,6,1,6,1,6,6,1,1,6,1,6,9,9,9,6,6,1,1,6,1,6,6,1,1,1,6,1,1,6,6,1,6,6,6,1,1,6,1,1,6,1,6,1,9,1,1,6,6,6,1,1,6,1,6,6,1,6,1,6,9,1,1,1,6,6,6,6,6,6,1,6,1,6,6,1,1,6,6,1,1,6,1,6,1,1,6,6,6,1,1,6,1,6,6,1,1,6,1,9,1,1,1,1,1,1,6,6,6,6,1,1,1,1,6,1,1,1,6,6,1,1,6,1,1,6,6,6,6,1,6,6,1,6,6,6,9,6,6,6,9,6,1,1,6,6,6,1,1,1,6,6,6,6,6,6,6,6,1,1,1,6,1,6,6,6,6,1,1,6,6,1,1,1,6,6,1,6,1,1,6,6,6,6,6,1,6,1,1,1,1,1,6,9,6,1,6,1,6,6,1,6,6,1,1,6,1,6,1,6,6,6,1,1,6,6,1,9,9,9,6,6,1,1,1,1,1,1,1,1,6,6,6,1,6,6,6,1,1,1,6,6,1,1,1,9,9,6,6,1,6,1,1,6,6,1,6,1,1,6,6,1,1,6,9,9,9,6,6,6,6,6,6,1,6,1,6,1,1,1,1,6,6,6,1,6,1,6,6,1,6,6,6,6,6,6,6,6,6,6,6,1,6,1,1,1,1,6,6,1,1,6,6,6,6,6,1,1,1,1,6,1,1,1,1,1,6,6,9,9,9,9,9,9,9,9,9,6,6,1,6,1,1,6,1,1,6,1,6,6,6,6,1,1,6,1,1,1,6,6,1,1,6,6,6,6,1,1,9,6,6,6,1,6,1,6,6,6,1,6,6,6,6,6,1,1,1,1,6,6,1,6,1,1,6,6,6,1,1,6,6,6,6,6,6,6,1,1,6,1,1,1,1,6,6,6,6,1,6,6,6,1,6,1,9,9,1,1,6,6,1,1,1,1,7,1,6,6,6,6,1,1,6,6,6,1,6,6,6,1,6,6,6,6,6,1,6,6,6,6,6,1,6,1,1,6,6,6,6,6,1,1,1,6,6,6,1,1,6,6,6,1,1,6,6,1,1,1,1,6,6,1,9,1,6,1,1,1,1,6,6,1,1,7,1,6,6,6,6,6,1,6,1,1,1,6,1,6,1,9,6,1,9,1,1,1,1,1,6,6,9,1,1,1,1,1,1,1,1,1,1,1,1,6,1,1,1,1,1,1,1,1,1,1,1,1,1,1,1,1,6,1,1,1,6,6,6,6,1,6,9,1,1,1,1,1,1,1,1,1,1,1,6,1,1,1,1,1,1,1,1,6,1,1,1,6,1
355,29109,DeLAURO,100,6,6,6,1,6,1,6,6,6,6,6,1,1,1,1,1,1,1,1,6,1,6,1,1,6,6,1,1,1,6,6,6,1,6,6,1,1,1,1,1,1,1,1,9,1,1,1,1,1,6,6,1,6,6,6,1,6,6,1,1,6,6,1,6,1,1,6,6,6,6,6,6,6,6,6,6,6,1,1,6,6,6,6,6,1,1,6,6,6,6,6,6,6,6,6,6,6,6,1,6,1,6,6,1,1,1,1,1,1,1,1,1,6,6,6,6,1,1,6,6,1,6,1,1,6,1,6,6,6,6,1,6,1,1,1,6,6,6,1,1,1,1,1,1,1,1,6,1,1,1,6,1,1,1,1,1,6,1,1,6,6,6,1,1,1,1,6,6,1,1,1,1,1,1,6,6,1,6,6,1,6,1,1,1,6,1,6,6,1,6,6,1,1,1,1,6,6,6,6,6,6,6,6,1,6,1,6,1,1,6,6,6,6,1,1,6,6,6,1,1,1,1,6,6,1,1,1,6,6,1,1,1,1,6,1,1,1,1,6,6,1,1,6,1,6,6,1,1,1,1,6,6,9,1,6,1,1,6,6,6,1,6,6,6,1,1,1,1,1,6,6,1,6,6,6,1,1,1,1,1,6,1,1,1,1,1,6,6,6,6,6,1,6,6,6,6,6,6,1,1,6,6,1,1,6,1,6,1,1,6,6,6,1,6,9,6,1,6,1,6,1,1,1,9,9,9,1,1,1,6,6,1,6,6,1,6,1,6,6,1,6,1,6,1,1,6,6,1,1,1,6,6,6,6,6,6,1,1,1,1,6,1,1,6,1,6,6,6,6,6,6,6,6,6,1,1,1,1,1,1,6,6,1,1,1,1,1,1,1,6,6,6,6,1,1,1,6,1,1,1,6,1,1,1,6,6,6,1,6,6,6,1,6,6,6,6,1,6,6,6,1,1,1,1,6,6,6,6,1,1,1,1,1,6,6,1,1,9,9,1,6,6,1,6,6,6,6,6,1,6,6,6,6,6,6,6,6,1,1,1,1,6,6,1,1,6,6,6,6,1,6,1,6,1,1,1,6,6,9,9,9,9,9,9,9,9,9,9,9,9,9,9,9,9,9,9,9,9,9,9,9,9,9,9,9,9,9,9,9,9,9,9,9,9,9,9,9,9,9,9,9,9,9,9,9,9,9,9,6,1,6,6,1,1,1,6,6,6,1,1,6,6,1,1,6,6,1,6,1,6,6,6,1,6,1,6,1,1,6,6,1,1,1,1,1,1,1,1,1,1,6,6,1,1,1,1,1,1,6,1,6,6,9,1,1,1,6,6,1,1,6,6,1,1,6,1,6,1,6,6,6,6,6,1,6,1,1,1,6,6,1,1,6,1,6,6,1,1,6,1,6,1,1,1,6,6,1,1,6,1,6,6,1,1,1,6,1,6,6,6,1,6,6,6,1,1,6,1,1,6,1,6,1,1,1,1,1,6,6,1,1,6,1,6,6,1,1,1,6,1,1,1,1,6,6,6,6,6,6,1,6,1,6,6,1,1,6,6,1,1,6,1,6,1,1,6,6,6,1,1,6,1,6,6,1,1,6,6,1,1,1,1,6,9,6,6,6,6,6,1,1,1,1,6,1,1,1,6,6,1,1,6,1,1,6,6,6,6,1,6,6,1,1,6,6,6,6,6,6,1,6,1,1,6,6,6,1,1,1,6,6,6,6,6,6,6,6,1,1,1,6,1,6,6,6,1,1,1,6,6,1,1,1,6,6,1,6,1,1,6,6,6,6,6,1,6,1,1,1,1,1,6,6,6,1,6,9,9,6,1,6,6,1,1,6,1,6,1,6,6,6,1,1,6,6,1,1,6,1,6,6,1,1,1,1,1,1,1,1,6,6,6,1,6,6,6,1,1,9,9,9,9,9,9,1,1,6,6,1,6,1,1,6,6,1,6,1,1,6,6,1,1,6,1,1,6,6,6,6,6,6,6,1,6,9,9,9,1,1,1,6,6,6,1,1,6,6,6,1,6,6,6,6,6,6,6,6,6,1,6,1,6,1,9,9,9,6,6,1,1,6,6,6,6,6,6,6,1,1,6,1,1,1,1,1,6,1,1,1,1,6,6,1,1,1,1,6,6,1,6,1,1,6,1,1,6,1,6,6,6,6,1,1,6,9,9,9,6,6,1,1,1,6,6,6,1,1,9,6,6,6,1,1,1,1,6,6,1,6,6,6,6,6,1,1,1,1,6,6,1,6,1,1,6,6,6,1,1,1,6,6,6,6,6,6,1,1,1,1,1,1,1,6,6,6,6,1,6,6,6,1,6,1,1,6,1,1,6,6,1,1,1,1,7,1,6,6,6,1,1,1,6,6,6,6,6,6,6,1,6,6,6,6,6,1,6,6,6,6,6,1,6,1,1,6,6,6,6,6,1,1,1,6,6,6,1,1,6,6,6,1,1,6,6,1,1,1,1,6,6,1,1,1,6,1,1,1,1,6,6,9,1,1,1,1,6,6,6,6,1,6,1,1,1,6,1,6,1,1,6,1,1,1,1,1,1,1,6,6,1,1,1,1,1,1,1,9,1,1,1,1,1,6,1,1,1,1,1,1,1,1,1,1,1,1,1,1,1,1,6,1,1,1,6,6,6,6,1,6,1,1,1,1,1,1,1,1,1,1,1,1,6,1,1,1,1,1,1,1,1,6,1,1,6,6,1
356,29127,PETERSON,100,6,6,6,1,6,1,1,6,6,1,1,6,1,6,1,1,1,1,1,6,1,1,1,1,6,6,6,1,1,1,6,6,1,1,1,6,1,6,6,6,6,6,1,1,1,1,1,1,1,6,6,1,6,6,6,6,6,1,1,1,6,1,1,1,1,1,1,6,6,6,1,1,6,6,9,9,1,1,1,6,6,1,6,6,1,1,6,6,6,6,1,6,6,6,6,1,1,1,1,6,1,6,6,1,6,1,1,1,6,1,1,1,1,6,6,1,6,1,1,6,6,1,6,6,1,1,6,6,6,6,6,6,6,6,1,1,6,6,1,1,1,1,1,1,1,1,6,1,1,1,6,1,1,1,1,1,1,1,1,6,6,6,6,1,1,1,6,1,1,1,6,1,1,1,6,6,1,6,6,1,6,1,1,1,1,1,6,6,6,6,6,1,6,1,1,6,6,6,6,6,6,6,6,1,1,1,1,1,1,6,6,6,6,1,1,6,6,6,1,1,1,1,6,6,1,1,6,6,6,1,1,1,9,6,1,1,1,1,6,6,1,1,6,6,6,6,1,6,1,6,6,6,6,1,6,1,1,6,6,6,1,6,6,1,1,6,1,1,1,6,6,1,6,6,1,1,1,6,6,6,1,6,1,1,1,1,6,6,1,6,1,6,1,6,6,6,6,6,1,1,6,6,6,1,1,1,1,1,1,6,6,6,6,1,6,6,6,1,1,1,1,1,1,6,6,6,1,1,1,6,6,6,1,6,1,6,1,6,6,1,1,1,1,1,1,6,6,1,1,1,1,6,6,6,6,6,1,1,1,6,6,1,6,1,1,6,6,6,6,6,6,6,6,6,1,1,1,1,1,1,6,6,1,6,6,6,6,6,6,1,6,6,6,6,6,1,1,6,6,6,1,1,6,6,1,1,6,1,6,6,6,1,6,6,6,6,6,6,6,6,6,6,6,6,6,6,6,6,6,6,6,1,1,6,6,1,1,1,1,1,6,6,6,6,6,6,6,6,1,6,6,6,6,6,1,6,6,1,6,6,1,6,6,6,6,6,6,6,6,6,1,6,6,1,6,6,1,1,1,6,6,6,6,1,6,6,1,1,6,6,1,1,6,1,1,1,1,1,1,1,1,1,1,1,1,1,1,6,6,6,6,6,1,1,1,1,1,6,1,1,6,6,6,6,1,1,1,1,1,1,6,6,6,1,1,1,6,6,1,1,1,1,1,1,6,6,6,1,1,6,6,6,6,6,6,6,1,1,6,6,1,1,6,1,1,1,1,1,1,1,6,6,1,1,6,6,6,1,1,1,6,6,6,1,1,1,1,6,1,1,6,6,6,1,1,1,1,1,6,1,9,6,1,1,1,1,1,6,1,6,6,1,1,1,6,6,1,6,1,1,6,1,1,1,6,6,6,1,1,1,6,6,1,1,1,6,1,1,6,6,6,1,6,6,1,1,6,1,1,1,9,6,1,1,1,6,1,1,1,1,6,1,1,6,1,1,6,1,1,1,1,1,1,1,6,6,6,6,1,6,1,1,1,6,1,1,6,6,1,1,6,1,1,1,6,6,6,6,1,1,1,6,6,6,1,6,6,1,1,1,1,1,6,6,6,6,6,6,1,1,6,6,1,1,1,9,9,6,6,1,1,1,1,6,6,6,6,1,1,6,1,1,1,1,6,1,6,6,6,1,1,1,1,6,6,1,1,1,6,6,6,6,6,6,6,6,1,1,1,9,1,6,1,6,6,6,1,1,6,6,1,1,1,1,1,1,1,1,1,6,6,6,6,6,1,1,1,1,1,1,6,1,6,6,1,1,1,1,1,1,6,6,1,1,1,6,1,1,1,6,6,1,1,6,6,1,6,1,6,6,6,1,1,6,1,1,1,1,1,6,6,1,1,1,1,1,1,1,1,6,6,1,1,1,1,1,6,6,1,1,1,1,1,6,1,6,1,1,6,6,1,1,6,1,1,6,1,1,6,6,6,6,1,1,6,1,6,1,1,1,6,6,6,1,1,6,6,6,6,6,6,6,6,6,1,1,6,6,6,1,1,6,6,1,1,1,6,6,6,1,1,1,1,6,6,6,6,1,1,6,1,1,1,1,1,1,1,1,1,1,6,6,6,1,1,1,6,6,6,6,1,6,6,6,1,6,1,6,6,6,6,1,1,1,1,1,6,6,6,1,1,1,1,1,1,1,1,6,6,6,6,1,1,1,1,6,6,1,6,6,6,6,6,1,1,1,1,1,1,1,1,1,1,6,6,6,1,1,1,6,6,6,6,1,1,1,6,1,1,1,1,1,6,6,6,6,1,1,6,6,1,1,1,1,1,1,1,6,6,1,1,1,1,9,9,9,9,9,9,9,9,9,9,9,9,9,9,9,9,9,9,9,9,9,9,9,9,9,9,9,9,9,1,1,6,6,6,6,1,1,1,1,1,1,6,1,1,1,6,6,1,1,6,6,1,6,6,6,1,1,1,1,1,6,1,1,1,1,6,6,1,1,1,1,1,6,6,1,1,1,6,1,1,1,1,1,1,1,1,6,1,1,1,1,1,1,1,6,1,6,1,1,1,1,1,1,1,1,1,1,1,1,6,1,9,9,9,9,9,9,9,9,9,9,9,9,9,9,9,9,9,9,9,9,6,6,6,1,6,1,1,1,1,1,1,1,1,1,1,1,1,6,1,1,1,1,1,1,1,1,1,1,1,1,6,1
357,29134,SERRANO,100,6,6,6,1,6,1,6,6,6,6,6,1,1,1,1,1,1,1,1,6,1,6,1,1,6,6,6,1,1,6,6,6,1,6,6,1,1,1,1,1,1,1,1,6,1,1,1,1,1,6,6,1,6,6,6,1,6,6,1,1,6,6,1,6,1,1,6,6,6,6,6,6,6,6,6,6,6,1,1,6,6,6,6,6,1,1,6,6,6,6,6,6,6,6,6,6,6,6,1,6,1,6,6,1,1,1,1,1,1,1,1,1,6,6,6,6,1,1,6,6,1,6,1,1,6,1,6,6,6,6,1,6,1,1,6,1,6,6,1,6,1,1,1,1,1,1,6,1,1,1,6,1,1,1,1,1,6,1,1,6,6,6,1,1,1,1,6,6,9,1,1,1,1,1,6,6,1,6,6,1,6,1,1,1,6,1,6,6,1,6,6,1,6,1,1,6,6,6,6,6,6,6,6,1,6,1,6,1,1,6,6,6,6,1,6,6,6,6,1,1,1,1,6,6,1,1,1,6,6,1,1,1,1,6,1,1,1,1,6,6,1,1,6,1,6,6,1,1,1,1,6,6,1,1,6,1,1,6,6,6,1,6,6,6,1,1,6,1,1,6,6,1,6,6,6,1,1,1,1,1,6,1,1,1,1,1,6,6,6,6,6,1,6,6,6,6,6,6,1,1,6,6,1,1,6,6,6,1,1,6,6,6,1,6,6,6,1,6,1,6,6,1,1,6,6,1,1,1,1,6,6,1,6,6,1,6,1,6,6,1,6,1,6,1,1,6,6,1,1,1,6,6,6,6,6,1,1,1,1,1,6,1,1,6,1,6,6,6,6,6,6,6,6,6,1,1,6,1,1,1,6,6,1,1,1,1,1,1,1,6,6,6,6,1,1,1,6,1,1,1,6,6,1,1,6,6,6,1,6,6,6,1,6,6,6,6,1,6,1,1,1,1,1,1,6,6,6,6,1,1,1,1,1,6,6,1,1,1,1,1,6,6,1,6,6,6,6,6,1,6,6,6,6,6,6,6,6,1,1,1,1,6,6,1,1,6,6,6,6,1,6,6,6,1,1,1,6,6,1,6,6,1,6,1,6,6,6,6,1,1,6,1,6,1,1,6,6,1,1,1,1,1,6,1,1,1,6,6,6,6,6,6,1,6,1,6,6,6,1,1,1,1,6,6,1,1,6,1,6,1,6,6,1,1,1,6,6,6,1,1,6,6,1,1,6,6,1,6,1,6,6,1,1,6,1,6,1,1,6,6,1,1,1,1,1,1,1,1,1,1,6,6,1,1,1,1,1,1,6,1,6,6,6,1,1,1,6,6,1,1,6,6,1,1,6,1,6,1,6,6,6,6,6,1,6,1,1,1,6,6,6,1,6,1,6,6,1,1,6,1,6,1,1,6,6,6,6,1,6,6,6,6,1,1,1,6,1,6,6,6,1,6,6,6,1,1,6,1,1,6,6,6,1,1,1,6,1,6,6,1,1,6,1,6,6,1,6,1,6,1,1,1,1,6,6,6,6,6,6,1,6,1,6,6,1,1,6,6,1,1,6,9,6,1,6,6,6,6,1,1,6,6,6,6,1,1,6,6,1,1,1,1,1,1,1,6,6,6,6,1,1,1,1,6,1,1,1,6,6,1,1,6,1,1,6,6,6,6,1,6,6,1,6,6,6,6,6,6,6,1,6,1,1,6,6,6,1,1,6,6,6,6,6,6,6,6,6,1,1,6,6,6,6,6,6,6,1,1,6,6,1,1,1,6,6,1,6,1,1,6,6,6,6,6,1,6,1,1,1,1,1,6,6,6,1,6,1,6,6,1,6,6,1,1,6,1,6,1,6,6,6,1,1,6,6,6,1,6,6,6,6,1,1,6,1,1,1,1,6,6,6,6,1,6,6,6,1,1,1,6,6,1,1,1,1,1,6,6,1,6,1,1,6,6,6,6,1,1,6,6,1,1,6,1,1,6,6,6,6,6,6,6,1,6,1,6,6,9,1,1,6,6,6,1,1,6,6,6,6,6,6,6,6,6,6,6,6,6,1,6,1,6,6,1,1,1,6,6,6,1,6,1,6,6,6,1,1,1,1,6,1,1,1,1,1,6,6,1,1,1,6,6,6,1,1,1,6,6,6,6,1,1,6,1,1,6,1,6,6,6,6,1,1,6,1,1,6,6,6,1,1,1,6,6,6,1,1,6,6,6,6,1,6,1,6,6,6,1,6,6,6,6,6,1,1,1,1,6,6,1,6,1,1,6,6,6,1,1,6,6,6,6,6,6,6,6,1,1,1,6,1,1,6,6,9,6,1,6,6,6,1,6,1,1,6,1,1,6,6,1,1,1,1,6,1,6,6,6,1,1,1,6,6,6,6,6,6,6,1,6,6,6,6,6,1,6,6,6,6,6,1,6,1,1,6,6,6,6,6,1,1,1,6,6,6,6,1,6,6,6,1,1,6,6,1,1,1,1,6,6,1,1,1,6,1,1,1,1,6,6,1,1,6,1,6,6,6,6,6,1,6,1,1,1,6,1,6,1,1,6,1,1,1,1,1,1,1,6,6,6,1,1,1,1,1,1,1,1,1,1,9,1,6,1,1,1,1,1,1,1,1,1,1,1,1,1,1,1,1,6,1,1,1,6,6,6,6,1,6,1,1,1,1,1,1,1,1,1,1,1,1,6,1,1,1,1,1,1,1,1,6,1,1,6,6,1
358,29143,JOHNSON,200,1,1,1,6,1,6,1,1,1,1,1,6,6,6,6,6,6,6,6,1,6,1,1,1,1,1,1,6,6,1,1,1,1,1,1,6,6,6,6,6,6,6,6,1,6,6,6,6,6,1,1,6,1,1,1,6,1,1,1,1,1,1,6,1,1,1,1,1,1,1,1,1,1,1,1,1,1,1,1,1,1,1,1,1,1,1,1,1,1,1,1,1,1,1,1,1,1,1,1,1,1,1,1,6,6,6,6,6,6,6,6,6,1,1,1,1,6,6,1,1,6,1,6,6,1,1,1,1,1,1,6,1,6,6,1,1,1,1,6,6,6,6,6,6,6,6,1,6,6,6,1,6,6,6,6,6,1,1,1,1,1,1,1,6,6,6,1,1,1,1,1,1,1,1,1,1,1,1,1,1,1,6,1,6,1,1,1,1,1,1,1,1,1,1,1,1,1,1,1,1,1,1,1,6,1,6,1,1,1,1,1,1,1,6,1,1,1,1,1,1,1,1,1,1,1,1,1,1,1,1,1,1,1,1,6,1,1,1,1,1,1,6,1,1,1,1,1,6,1,1,1,1,1,1,1,1,9,9,9,9,9,9,9,9,9,9,9,9,9,9,9,9,9,9,9,9,9,9,9,9,9,9,9,9,9,9,9,9,9,9,9,9,9,9,9,9,9,9,9,9,9,9,9,9,9,9,9,9,9,9,9,9,9,9,9,9,9,9,9,9,9,1,1,1,1,1,1,1,1,1,1,1,1,6,6,1,1,1,1,6,1,6,1,9,9,9,9,9,9,9,9,9,9,9,9,9,9,9,9,9,9,9,9,9,9,9,9,9,9,9,1,1,1,1,1,6,1,9,9,9,9,9,1,6,6,6,6,6,6,1,1,1,1,6,6,6,1,6,6,6,1,1,6,6,1,1,1,1,1,1,1,1,1,1,1,1,6,1,6,6,6,6,6,6,1,1,1,1,6,6,6,6,6,1,1,1,1,1,1,1,1,1,1,1,1,1,1,1,6,1,1,1,1,1,6,1,1,6,6,6,6,1,1,6,6,1,1,1,1,6,1,6,1,6,6,6,1,1,6,1,1,6,1,1,1,1,1,1,6,6,1,6,6,6,6,1,1,6,6,6,6,6,6,6,6,6,1,1,1,1,1,1,6,1,6,1,1,1,6,6,6,6,1,1,6,6,1,1,9,9,9,9,9,9,9,9,9,9,9,9,9,9,1,1,1,1,6,1,1,1,1,6,6,1,6,1,1,1,1,1,1,1,6,1,1,6,1,1,1,1,1,1,1,6,6,6,6,6,1,1,1,1,1,9,9,9,9,9,9,1,1,1,6,6,1,6,1,1,1,1,1,1,1,9,9,1,1,1,1,1,1,6,1,1,1,1,1,9,1,1,1,9,9,9,9,9,9,9,9,9,9,9,9,9,9,1,1,1,1,1,6,1,1,1,6,6,1,1,6,1,1,1,6,1,1,1,1,1,1,1,6,1,1,1,1,1,1,1,1,1,1,1,6,1,1,1,1,1,1,6,1,6,1,1,1,1,1,1,1,6,1,1,1,1,1,1,1,1,1,6,1,1,1,1,1,1,1,1,1,1,1,1,6,6,6,1,1,9,1,1,1,6,6,1,1,1,1,1,1,1,1,1,1,1,1,1,1,1,6,1,1,1,1,1,6,9,9,9,9,9,1,1,1,1,1,1,1,1,1,1,1,1,1,1,1,1,1,1,1,1,1,1,1,1,1,1,1,1,1,1,1,1,6,1,1,6,1,1,1,1,1,1,1,1,6,1,1,1,1,1,6,1,1,1,6,1,6,1,1,1,1,1,1,6,1,6,1,6,1,1,1,1,1,1,1,1,6,1,1,1,1,1,1,1,1,1,1,1,1,1,1,1,6,1,1,1,1,1,1,1,1,1,1,1,1,1,1,1,6,1,1,6,6,1,6,1,6,1,1,1,6,1,1,1,1,1,1,1,1,1,1,1,6,1,6,1,1,1,1,1,1,1,1,1,1,1,1,1,1,1,1,1,1,1,1,1,6,6,1,1,6,1,9,1,1,1,1,1,1,6,1,1,1,1,1,6,6,6,6,1,1,6,6,1,6,1,1,1,1,1,1,1,1,6,1,1,1,1,1,1,6,6,1,6,6,1,6,1,1,1,1,6,6,1,1,1,1,1,1,1,1,1,1,1,1,1,1,1,1,1,1,6,1,6,1,1,1,6,1,1,1,1,1,6,1,9,9,9,9,9,9,9,6,6,1,1,6,1,6,1,1,1,1,6,6,6,6,6,6,1,1,1,1,1,1,1,6,1,1,1,6,1,1,6,1,9,9,1,1,1,1,1,1,1,1,1,1,1,6,6,6,1,1,1,1,1,1,1,6,1,1,1,1,1,6,1,1,1,1,1,6,1,1,1,1,1,1,1,1,6,1,6,1,1,1,1,6,1,1,1,6,1,1,1,6,6,6,6,1,1,1,1,1,1,1,1,1,1,1,1,1,1,1,1,1,1,1,1,1,6,1,1,1,1,1,1,1,1,1,1,6,1,1,1,1,1,1,1,1,1,6,1,9,9,9,9,9,9,9,9,9,9,9,9,9,9,9,9,9,9,9,9,9,9,9,9,9,9,9,9,9,1,1,1,1,1,1,1,1,1,1,1,1,1,1,1,1,1,1,1,1,1,1,1,1,1,1,1,1,1,1,1,1,1,1,9
359,29312,ESHOO,100,6,6,6,1,6,1,6,6,6,6,6,1,1,1,1,1,1,1,1,6,1,6,1,1,6,6,1,1,6,1,6,6,1,6,6,1,1,1,1,1,1,1,1,6,1,1,1,1,1,6,6,1,6,6,6,1,6,1,1,1,6,6,1,6,1,1,6,6,6,6,6,6,6,6,6,6,6,1,1,6,6,6,6,6,1,1,6,6,6,6,6,6,6,6,6,6,6,6,1,6,1,6,6,1,1,1,1,1,1,1,1,1,6,6,6,6,1,1,6,6,1,6,1,1,6,1,6,6,6,6,1,6,1,1,1,1,6,6,1,1,1,1,1,1,1,1,6,1,1,1,6,1,1,1,1,1,6,1,1,6,6,6,1,1,1,1,6,6,1,1,1,1,1,1,6,6,1,6,6,1,6,1,1,1,6,1,6,6,6,6,6,1,6,1,1,6,6,6,6,6,6,6,6,1,6,1,6,1,1,6,6,6,6,1,1,6,6,6,1,1,1,1,6,6,1,6,1,6,6,1,1,1,1,6,1,1,1,1,6,6,1,1,6,1,6,6,1,1,1,1,6,6,1,1,6,1,1,6,6,6,1,6,6,6,1,1,1,1,1,6,6,1,6,6,6,1,1,1,1,1,6,1,1,1,1,1,6,6,6,6,6,1,6,6,6,6,6,6,1,1,6,6,9,1,6,1,6,1,1,6,6,6,1,1,6,6,1,6,1,6,1,1,1,6,6,1,1,1,1,6,6,1,6,6,1,6,1,6,6,1,6,1,6,1,1,6,6,1,1,1,6,6,6,6,6,1,1,1,1,1,6,1,1,6,1,6,6,6,6,6,6,6,6,6,1,1,6,1,1,1,6,6,1,1,1,1,1,1,1,6,6,6,6,1,1,1,6,1,1,1,6,1,1,1,6,6,6,1,6,6,6,1,6,6,6,6,1,6,1,1,1,1,1,1,6,6,6,6,1,1,1,1,1,6,6,1,1,1,1,1,6,6,1,6,6,6,6,6,1,6,6,6,6,6,6,6,6,1,1,1,1,6,6,1,1,6,6,6,6,1,6,1,6,1,1,1,6,6,1,6,6,1,6,1,6,6,6,6,1,1,6,1,6,1,1,6,6,1,1,1,1,1,1,1,1,1,6,6,6,6,6,6,1,6,1,6,6,6,1,1,1,1,6,6,1,1,6,1,6,1,6,6,6,1,1,6,6,6,1,1,6,6,1,1,6,6,1,6,1,6,6,6,6,6,1,6,1,1,6,6,1,1,9,9,9,9,9,1,1,1,6,6,1,1,1,1,1,1,6,1,6,6,1,1,1,1,6,6,1,1,6,6,1,1,6,1,6,1,6,6,6,6,6,1,6,1,1,1,6,6,1,1,6,1,6,6,1,1,6,1,6,1,1,1,6,6,1,1,6,6,6,6,1,1,1,6,1,1,6,6,1,6,6,6,1,1,6,1,1,6,1,6,1,1,1,1,1,6,6,1,1,6,1,6,6,1,9,1,6,1,1,1,1,6,6,6,6,6,6,1,6,1,6,6,1,1,6,6,1,1,6,1,6,1,1,6,6,6,1,1,6,1,6,6,1,1,6,6,1,1,1,1,6,6,6,6,6,6,6,1,6,1,1,6,1,1,1,6,6,1,1,6,1,1,6,6,6,6,1,6,6,1,1,6,6,6,6,6,6,1,6,1,1,6,6,6,1,1,1,6,6,6,6,6,6,6,6,1,1,1,6,1,6,6,6,6,1,1,6,6,1,1,1,6,6,1,6,1,1,6,6,6,6,6,1,6,6,6,1,1,1,6,6,6,1,6,1,6,6,1,6,6,1,1,6,1,1,1,6,6,6,9,9,6,6,1,1,6,1,6,6,1,1,1,1,1,1,1,1,6,6,6,1,6,6,6,1,1,1,6,6,1,1,1,1,1,6,6,1,6,1,1,6,6,1,6,1,1,6,6,1,6,6,1,1,6,6,6,6,6,6,6,1,6,1,6,1,1,1,1,6,6,6,1,1,6,6,6,1,6,6,9,6,6,6,6,6,6,1,6,1,6,6,1,1,1,6,6,1,1,6,1,6,6,6,1,1,1,1,6,1,1,1,1,1,6,6,1,1,1,6,6,1,1,1,1,6,6,1,6,1,1,6,1,1,6,1,6,6,6,6,1,1,6,1,1,1,6,6,1,1,1,6,6,6,1,1,1,6,6,6,1,6,1,1,6,6,1,6,6,6,6,6,1,1,1,1,6,6,1,1,1,1,6,6,6,1,1,6,6,6,6,9,9,9,9,9,9,9,9,1,1,6,6,6,6,1,6,6,6,1,6,1,1,6,1,1,6,6,1,1,1,1,7,1,6,6,6,1,1,1,6,6,6,6,6,6,6,1,6,6,6,6,6,1,6,6,6,6,6,1,6,1,1,9,6,6,6,6,1,1,1,6,6,6,6,9,9,9,9,9,9,9,9,9,9,9,9,9,9,9,9,9,9,9,9,9,9,9,9,9,9,9,9,9,9,9,9,9,9,9,9,1,1,1,1,6,1,1,6,1,1,1,1,1,1,1,6,6,1,1,1,1,1,1,1,1,1,1,1,1,1,6,1,1,1,1,1,1,1,1,1,1,1,1,1,1,1,1,6,1,1,1,6,6,6,6,1,6,1,1,1,1,1,1,1,1,1,1,9,9,9,9,9,9,9,9,9,9,9,9,9,9,9,9,9
360,29317,ROYBAL-ALLARD,100,6,6,6,1,6,1,6,6,6,1,6,1,1,1,1,1,1,1,1,6,1,6,1,1,6,6,1,1,1,6,6,6,1,6,6,1,1,1,1,1,1,1,1,6,1,1,1,1,1,6,6,1,6,6,6,1,6,6,1,1,6,6,1,6,1,1,6,6,6,6,6,6,6,6,6,6,6,1,1,6,6,6,6,6,1,1,6,6,6,6,6,6,6,6,6,6,6,6,1,6,1,6,6,1,1,1,1,1,1,1,1,1,6,6,6,1,1,1,6,6,1,6,1,1,6,1,6,6,6,6,6,6,6,6,1,6,6,6,1,1,1,1,1,1,1,1,6,1,1,1,6,1,9,1,1,1,6,1,1,6,9,6,6,1,1,1,6,6,9,1,6,1,1,1,6,6,1,6,6,1,6,1,1,1,6,1,6,6,6,6,6,1,6,1,1,6,6,6,6,6,6,6,6,1,6,1,6,1,1,6,6,6,6,1,6,6,6,6,1,1,1,1,6,6,1,1,6,6,6,1,1,1,9,6,1,1,1,1,6,6,1,1,6,6,6,6,1,1,1,6,6,6,6,1,6,1,9,6,6,6,1,6,6,6,1,1,6,1,1,9,6,1,6,6,6,1,1,1,1,1,6,1,1,1,1,1,6,6,6,6,6,1,6,6,6,6,6,6,1,1,6,6,6,1,6,1,6,1,1,6,6,6,1,6,6,6,1,6,1,6,1,1,1,6,6,6,1,1,1,6,6,6,6,6,1,6,1,6,6,1,6,1,6,1,1,6,6,1,1,1,6,6,6,6,6,6,1,1,1,1,6,1,1,6,1,6,6,6,6,6,6,6,6,6,1,1,1,1,1,1,6,6,1,1,1,1,1,1,1,6,6,6,6,1,1,1,6,1,1,1,6,1,1,1,6,6,6,1,6,6,6,1,6,6,6,6,1,6,1,1,1,1,1,1,6,6,6,6,1,1,1,1,1,6,6,1,1,1,1,1,6,6,9,6,6,6,6,6,1,6,6,6,6,6,6,6,6,1,1,1,1,6,6,1,1,6,6,6,6,1,6,1,6,1,1,1,6,6,1,6,6,1,6,1,6,6,6,6,1,1,6,1,6,1,1,6,6,1,1,1,1,1,6,1,1,1,6,6,6,6,6,6,1,6,1,6,6,6,1,1,1,1,6,6,1,1,9,1,6,1,6,6,6,1,1,6,6,6,1,1,6,6,1,1,6,6,1,6,1,6,6,1,1,9,1,6,1,1,6,6,1,1,1,1,1,1,1,1,1,6,6,6,1,1,1,1,1,1,6,1,6,6,6,1,1,1,6,6,1,1,6,6,1,1,6,1,6,1,6,6,6,6,6,1,6,9,9,9,9,9,9,9,9,9,9,9,9,9,9,9,9,1,1,6,6,6,6,1,6,1,6,6,1,1,1,6,1,6,6,6,1,6,6,6,1,1,6,1,1,6,6,6,1,1,1,6,1,6,6,1,1,6,1,6,6,1,6,1,6,1,1,1,1,6,6,6,6,6,6,1,6,1,6,6,1,1,6,6,1,1,6,1,6,1,1,6,6,6,1,1,6,6,6,6,1,6,6,6,1,1,1,1,6,6,6,6,6,6,6,1,6,1,1,6,1,1,1,6,6,1,1,6,1,9,6,6,6,6,1,6,6,1,1,6,6,6,6,6,6,1,6,1,1,6,6,6,1,1,6,6,6,6,6,6,6,6,6,1,1,6,6,1,6,6,6,6,1,1,6,6,1,1,1,6,6,1,6,1,1,6,6,6,6,6,1,6,1,1,1,1,1,6,6,6,1,6,1,6,6,1,6,6,1,1,6,1,6,1,6,6,6,1,1,6,6,1,1,6,6,6,6,1,1,6,1,1,1,1,6,6,6,6,1,6,6,6,1,1,1,6,6,1,1,9,1,1,6,6,1,6,1,1,6,6,6,6,1,1,6,6,1,1,9,1,1,6,6,6,6,6,6,6,1,6,1,6,6,9,9,9,6,6,6,1,1,6,6,6,6,6,6,6,6,6,6,6,6,6,1,6,1,6,6,1,1,1,6,6,6,1,6,6,6,6,6,6,6,1,1,6,1,1,1,1,1,6,1,1,1,1,6,6,6,1,1,1,6,6,6,6,1,1,6,1,1,6,1,6,6,6,6,1,1,6,1,1,1,6,6,1,1,6,6,6,6,1,1,6,6,6,6,1,6,1,6,6,6,1,6,6,6,6,6,1,1,1,1,6,6,1,6,1,1,6,6,6,1,1,6,6,6,6,6,6,6,1,1,6,1,1,1,1,6,6,6,6,1,6,6,6,1,6,1,1,6,1,1,6,6,1,1,1,1,7,1,6,6,6,1,1,1,6,6,6,6,6,6,6,1,6,6,6,6,6,1,6,6,6,6,6,1,6,1,1,6,6,6,6,6,1,1,1,6,6,6,1,1,6,6,6,1,1,6,6,1,1,1,1,6,6,1,1,1,6,1,1,1,1,6,6,1,1,6,1,6,6,6,6,6,1,6,1,1,1,6,1,6,1,1,6,1,1,1,1,1,1,1,6,6,6,1,1,1,1,1,1,1,1,1,1,1,1,6,1,1,1,9,1,1,1,1,1,1,1,1,1,1,1,1,6,1,1,1,6,6,6,6,1,6,1,1,1,1,1,1,1,1,1,1,1,1,6,1,1,1,1,1,1,1,1,6,1,1,6,6,1
361,29321,ROYCE,200,1,1,1,6,1,6,1,1,1,1,1,6,6,6,6,6,6,6,6,1,6,1,1,1,1,1,1,6,6,1,1,1,1,1,1,6,6,6,6,6,6,6,6,1,6,6,6,6,6,1,1,6,1,1,1,6,1,1,1,1,1,1,6,1,1,1,1,1,1,1,6,1,1,1,1,1,1,1,1,1,1,1,1,1,1,1,1,1,1,1,1,1,1,1,1,1,1,1,1,1,1,1,1,1,6,6,6,6,6,6,6,6,1,1,1,1,6,6,1,1,6,1,6,6,1,1,1,1,1,1,6,1,6,6,1,1,1,1,6,6,6,6,6,6,6,6,1,6,6,6,1,6,6,6,6,6,1,1,1,1,1,1,1,6,6,6,1,1,1,1,1,1,1,9,1,1,1,1,1,1,1,6,1,6,1,1,1,1,1,1,1,1,1,1,1,1,1,1,1,1,1,1,1,6,1,6,1,1,1,1,1,1,1,6,1,1,1,1,1,1,1,1,1,1,1,1,1,1,9,1,1,1,1,1,1,1,1,1,1,1,1,6,1,1,1,1,1,1,1,1,1,1,1,1,1,1,1,1,1,1,1,1,1,1,1,6,1,1,1,1,1,1,1,1,1,1,1,6,6,6,1,6,1,1,1,1,1,1,1,1,1,6,1,1,1,1,1,1,1,1,1,1,9,6,1,1,1,1,1,1,1,1,6,1,1,1,6,1,1,1,1,1,1,1,1,1,1,1,1,1,1,1,1,6,6,1,1,1,1,6,1,6,1,1,1,1,1,1,6,6,1,9,1,1,1,6,6,6,6,6,1,6,6,1,6,1,6,1,1,6,1,1,1,1,1,6,1,1,1,1,1,1,1,6,6,6,6,6,6,1,1,1,1,1,6,6,1,6,6,6,1,1,6,6,1,1,1,1,1,1,1,1,1,1,9,1,6,1,6,6,6,6,6,6,1,1,1,1,6,1,6,6,6,1,1,1,1,1,1,1,1,1,1,1,6,1,1,1,6,1,1,1,1,1,1,1,1,6,6,6,6,1,1,6,6,1,1,6,1,6,1,6,1,6,6,6,6,1,1,1,6,6,1,1,1,1,1,1,6,6,1,1,6,6,6,1,1,1,6,1,6,1,1,6,6,6,1,1,1,6,1,1,6,1,6,1,1,1,6,6,6,6,1,6,1,6,1,1,1,1,1,1,1,6,6,1,1,1,1,6,1,1,1,1,1,1,6,1,1,1,1,6,6,6,6,1,1,1,1,1,1,1,6,1,1,6,1,1,1,1,1,1,1,6,6,6,6,6,1,1,1,1,1,6,6,6,1,1,1,1,1,1,6,6,1,6,1,1,1,1,1,1,1,6,1,1,1,1,1,1,1,6,1,1,1,1,1,6,1,1,1,1,1,1,1,1,1,6,1,1,1,1,1,1,1,1,1,1,1,1,6,1,1,1,6,6,1,1,6,1,1,1,6,1,1,1,1,1,1,1,6,1,1,1,1,1,1,1,1,1,1,1,6,1,1,1,1,1,1,6,1,6,1,1,1,1,1,1,1,6,1,1,1,1,1,1,1,1,1,6,1,1,1,1,1,1,1,1,1,1,1,1,6,6,6,1,1,1,1,1,1,6,6,1,1,1,1,1,1,1,1,1,1,1,1,1,1,1,6,1,1,1,1,1,6,1,1,1,1,1,1,1,1,1,1,1,1,1,1,1,1,1,1,1,1,1,1,1,1,1,1,1,1,1,1,1,1,1,1,1,1,1,6,1,1,6,1,1,1,1,1,1,1,1,6,1,1,1,1,1,6,1,1,1,6,1,6,1,1,1,1,1,1,6,1,6,1,6,1,1,1,1,1,1,1,1,6,1,1,1,1,1,1,1,1,1,1,1,1,1,1,1,6,1,1,1,1,1,1,1,1,1,1,1,9,9,1,1,6,1,1,6,1,1,6,1,6,1,1,1,6,1,1,1,1,1,1,1,1,9,9,1,6,1,6,1,1,1,1,1,1,1,1,1,1,1,1,1,1,1,1,6,1,1,1,1,6,6,1,1,6,1,1,1,1,1,1,1,1,6,1,1,1,1,1,6,6,6,6,1,1,6,6,1,6,1,1,1,1,1,1,1,1,6,1,1,1,1,1,1,6,6,6,6,6,6,6,1,6,6,1,6,6,1,1,1,1,1,1,1,1,1,1,1,1,1,1,1,1,1,1,6,1,6,1,1,1,6,1,1,1,1,1,6,1,1,1,1,1,1,1,1,6,1,1,1,6,1,6,1,1,1,1,6,6,6,6,6,6,1,1,9,1,1,1,1,6,1,1,1,6,1,1,6,1,1,1,1,1,1,1,1,1,1,1,1,1,1,6,6,6,1,1,6,1,1,1,1,6,1,1,1,6,1,6,1,1,1,1,9,6,1,1,1,1,1,1,1,1,6,1,6,1,1,1,1,6,1,1,1,6,1,9,9,9,9,9,9,9,9,1,1,1,1,1,1,1,1,1,1,1,1,1,1,1,1,1,1,1,6,1,1,1,1,1,1,1,9,9,1,6,1,1,1,1,1,1,1,1,1,1,1,1,1,1,1,1,1,1,1,1,1,1,1,1,1,1,1,1,1,1,1,1,1,1,1,1,1,1,1,1,1,1,1,1,1,1,1,1,1,1,1,1,9,1,1,1,1,1,1,1,1,1,1,1,1,1,1,1,1,1,1,1,1,1,1
362,29323,CALVERT,200,1,1,1,6,1,6,1,1,1,1,1,6,6,6,6,6,6,6,6,1,6,1,1,1,1,1,1,6,6,1,1,1,1,1,1,6,6,6,6,6,6,6,6,1,6,6,6,6,6,1,1,6,1,1,1,6,1,1,1,1,1,1,6,1,1,1,1,1,1,1,1,1,1,1,1,1,1,1,1,1,1,1,1,1,1,1,1,1,1,1,1,1,1,1,1,1,1,1,1,1,9,1,1,1,6,6,6,6,6,6,6,6,1,1,1,1,6,6,1,1,6,1,6,6,1,1,1,1,1,1,6,1,6,6,1,9,1,1,6,6,6,6,6,6,6,6,1,6,6,6,1,6,6,6,6,6,1,1,1,1,1,1,1,6,6,6,1,1,1,1,1,1,1,1,1,1,1,1,1,1,1,6,1,6,1,1,1,1,1,1,1,1,1,1,1,1,1,1,1,1,1,1,1,6,1,9,9,1,1,1,1,1,1,6,1,1,1,1,1,1,1,1,1,1,1,1,9,1,1,1,1,1,1,1,1,1,1,1,1,1,1,6,1,1,1,1,1,1,1,1,1,1,1,1,1,1,1,1,1,1,1,1,1,1,1,6,1,1,1,1,1,1,1,1,1,1,1,6,6,6,1,6,1,1,1,1,1,1,1,1,1,6,1,1,1,1,1,1,1,1,1,1,1,6,1,1,1,1,1,1,1,1,6,1,1,1,6,1,1,1,1,1,1,1,1,1,1,1,1,1,1,1,1,6,6,1,1,1,1,6,1,6,1,1,1,1,1,1,6,6,1,6,1,1,1,6,6,6,6,6,1,6,6,6,6,1,1,1,1,6,1,1,1,1,1,6,1,1,1,1,1,1,1,6,6,6,6,6,6,1,1,1,1,6,6,6,1,6,9,6,1,1,6,6,1,1,1,1,1,1,1,1,1,1,6,6,6,1,6,6,6,6,6,6,1,1,6,1,6,6,6,6,6,1,1,1,1,1,1,1,1,1,1,1,1,1,6,6,6,6,6,1,1,1,1,1,1,6,6,6,6,1,1,6,6,6,1,6,1,6,1,6,1,6,6,6,1,1,1,6,6,6,1,1,1,1,1,1,6,6,6,1,6,6,6,1,1,6,6,1,6,6,6,6,6,6,6,6,6,1,1,6,6,1,6,1,1,1,6,6,6,6,6,1,6,6,1,1,1,1,1,1,1,6,6,1,1,1,1,6,1,1,1,1,1,1,6,1,1,1,1,6,6,1,6,1,1,1,1,1,1,1,6,1,1,6,1,1,1,1,1,1,1,6,6,6,6,6,1,1,1,1,1,6,6,6,1,1,1,1,1,1,6,6,1,6,1,1,1,1,1,1,1,6,1,1,1,1,1,1,1,6,1,1,1,1,1,6,1,1,1,1,1,1,1,1,1,6,1,1,1,1,1,1,1,1,1,1,1,1,6,1,1,1,6,6,1,1,6,1,1,1,6,1,1,1,1,1,1,1,6,1,1,1,1,1,1,1,1,1,1,1,6,1,1,1,1,1,1,6,1,6,1,1,1,1,1,1,1,6,1,1,1,1,1,1,1,1,1,6,1,1,1,1,1,9,1,1,1,1,1,1,6,9,6,1,1,1,1,1,1,6,6,1,9,1,1,1,1,1,1,1,1,1,1,1,1,1,6,1,1,1,1,1,6,1,1,1,1,1,1,1,1,1,1,1,1,1,1,1,1,1,1,1,1,1,1,1,1,1,1,1,1,1,1,1,1,1,1,1,1,1,6,1,1,6,1,1,1,1,1,1,1,1,6,1,1,1,1,1,6,1,1,1,6,1,6,1,1,1,1,1,1,6,1,6,1,6,1,1,1,1,1,1,1,1,6,1,1,1,1,1,1,1,1,1,1,1,9,1,1,1,6,1,1,1,1,1,1,1,1,1,1,1,1,1,1,1,6,1,1,6,1,1,6,1,6,1,1,1,6,1,1,1,1,1,1,1,1,1,1,1,6,1,6,1,1,1,1,1,1,1,1,1,1,1,1,1,9,6,6,1,1,6,1,1,6,6,1,1,6,1,1,1,1,1,1,1,1,6,1,1,1,1,1,6,6,6,6,1,1,6,6,1,6,1,1,1,1,1,1,1,1,6,1,1,1,1,1,1,6,6,6,6,6,6,6,6,6,1,1,6,6,1,1,1,1,1,1,1,1,1,1,1,1,1,1,1,1,1,1,6,1,6,1,1,1,6,1,1,1,1,1,6,1,1,1,1,1,1,1,1,6,1,1,1,6,1,6,6,1,1,1,6,6,1,6,6,6,1,1,1,1,1,1,1,6,1,1,1,6,1,1,6,1,1,1,1,1,1,1,1,1,1,1,1,1,1,6,6,6,6,1,1,1,1,1,1,6,1,1,1,6,1,6,1,1,1,1,1,6,1,1,1,1,1,1,1,1,1,1,6,1,1,1,1,6,1,1,1,6,1,1,1,6,6,6,6,1,1,1,1,1,1,1,1,1,1,1,1,1,1,1,1,1,1,1,1,1,6,1,1,1,1,1,1,1,1,1,1,1,1,1,1,1,1,1,1,1,1,1,1,1,1,1,1,1,1,1,1,1,1,1,1,1,1,1,1,1,1,1,1,1,1,1,1,1,1,1,1,1,1,1,1,1,1,1,1,1,1,1,1,1,1,1,1,1,1,1,1,1,1,1,1,1,1,1,1,1,1,1,1,1,1,1,1
363,29337,HASTINGS,100,6,6,6,1,6,1,6,6,6,1,6,1,1,1,1,1,1,1,1,6,1,6,1,1,6,6,6,1,1,6,6,6,1,6,6,1,1,1,1,1,1,1,1,6,1,1,1,1,1,6,6,1,6,6,6,1,6,6,1,1,6,6,1,6,1,1,6,6,6,6,6,6,9,9,9,9,9,1,1,6,9,6,6,6,1,1,6,6,6,6,6,6,6,6,6,6,6,6,1,6,1,6,6,1,1,1,1,1,1,1,1,1,6,6,6,6,1,1,6,6,1,6,1,1,6,1,6,6,6,6,1,6,1,1,6,1,6,6,1,1,1,1,1,1,1,1,6,1,1,1,6,1,1,1,1,1,6,1,1,6,6,6,6,1,1,1,6,6,1,1,1,1,1,1,6,6,6,6,6,1,6,1,6,1,6,1,6,6,6,6,6,1,6,1,1,6,6,6,6,6,6,6,6,1,6,1,6,1,1,6,6,6,6,1,1,6,6,6,1,1,1,1,6,6,1,1,6,6,6,1,1,1,1,6,1,1,1,1,6,6,1,1,6,1,6,6,1,1,1,6,6,6,1,1,6,1,1,6,6,6,1,6,6,6,6,1,6,6,1,6,6,1,6,6,6,1,1,1,1,1,6,1,6,6,1,1,6,6,6,6,6,1,6,6,6,6,6,6,1,1,6,6,6,1,6,6,6,1,1,6,6,6,1,6,6,9,1,6,1,6,1,1,1,6,6,6,1,1,1,6,6,1,6,6,1,6,1,6,6,1,6,1,6,1,1,6,6,1,1,1,6,1,6,6,6,1,1,1,1,1,6,1,1,6,1,6,6,6,6,1,6,6,1,6,1,1,1,1,1,1,6,6,1,1,1,1,1,1,1,6,6,6,6,1,1,1,6,1,1,1,6,1,1,1,6,6,6,1,6,6,6,1,6,6,6,6,1,6,1,1,1,1,1,1,6,6,6,6,1,1,1,1,1,6,6,1,1,1,1,1,6,6,6,6,6,6,6,6,1,6,6,6,6,6,6,6,6,1,1,1,1,6,6,1,1,6,6,6,6,1,6,6,6,1,1,1,6,6,1,6,6,1,6,1,6,6,6,6,1,1,6,1,6,1,1,6,6,1,1,1,1,1,1,1,1,1,6,6,6,6,6,6,1,6,1,6,6,6,1,6,1,6,6,6,1,1,6,1,6,1,6,6,6,1,1,6,6,6,1,1,6,6,1,1,6,6,1,6,6,6,6,1,1,6,1,6,9,9,6,6,1,1,1,1,1,1,1,1,1,6,6,6,1,1,1,1,1,1,6,1,6,6,1,1,1,1,6,6,1,1,6,6,1,1,6,1,6,1,6,6,6,6,6,1,6,9,9,9,9,9,6,1,6,1,6,6,1,1,6,1,6,1,1,6,6,6,1,1,6,1,6,6,1,1,1,6,1,1,6,6,1,6,6,9,1,1,6,1,1,6,6,6,1,1,1,6,6,6,6,1,1,6,1,6,6,1,6,1,6,1,1,1,1,6,6,9,6,6,1,1,6,1,6,6,1,1,6,6,1,1,6,1,6,1,6,6,6,6,1,1,6,6,6,6,1,6,6,1,1,1,1,1,1,1,1,6,6,6,6,1,6,1,1,6,1,1,1,6,6,1,1,6,1,6,6,6,6,6,1,6,6,1,6,6,6,6,6,6,6,1,6,1,1,6,6,6,1,1,6,6,6,6,6,6,6,6,6,1,1,6,6,6,6,6,6,6,1,1,6,6,1,1,1,6,1,1,6,1,1,6,6,6,6,6,1,6,1,1,1,1,1,6,6,6,1,6,1,6,6,1,6,6,1,1,6,1,6,1,6,6,6,1,1,6,6,1,1,6,6,6,6,1,1,1,1,1,1,1,6,6,6,6,1,6,6,6,1,1,1,6,6,1,1,1,1,1,6,6,1,6,1,1,6,6,6,6,1,1,6,6,1,1,6,1,1,6,6,6,6,6,6,6,1,6,1,6,6,1,1,1,6,6,6,1,6,6,6,6,6,6,6,6,6,6,6,6,6,6,1,6,1,6,6,1,1,1,6,6,6,1,6,1,1,6,6,6,6,1,1,6,1,1,1,1,6,6,1,1,1,1,6,6,6,1,1,1,6,6,6,6,1,1,6,1,1,6,1,6,6,6,6,1,1,6,1,1,6,6,6,1,1,6,6,6,6,1,1,6,6,6,6,1,6,1,1,6,6,1,6,6,6,6,6,1,1,1,1,6,6,1,6,1,1,6,6,6,1,1,1,6,6,6,6,6,6,1,1,1,1,1,9,9,6,6,6,6,1,6,6,6,1,6,1,1,6,1,1,6,6,1,1,1,1,7,1,6,6,6,1,1,1,6,6,6,6,6,6,6,1,6,6,6,6,6,1,6,6,6,6,6,1,6,1,1,6,6,6,6,6,1,1,1,6,6,6,1,1,6,6,6,1,1,6,6,1,1,1,1,6,1,1,1,1,6,1,1,1,1,6,6,1,1,6,1,6,6,6,6,6,1,6,1,1,9,9,9,9,9,9,9,9,9,1,1,1,1,1,9,9,9,1,1,1,1,1,1,1,1,1,1,1,1,6,1,9,9,9,9,9,9,9,9,9,9,9,9,9,9,9,9,9,9,9,9,9,9,9,9,9,9,9,9,9,9,9,9,9,9,9,9,9,9,9,9,9,9,9,9,9,9,9,9,9,9,9,9
364,29339,BISHOP,100,6,9,6,1,6,1,6,6,6,6,6,1,1,1,1,1,1,1,1,6,1,6,9,9,6,6,1,1,1,1,9,9,9,6,6,1,1,1,1,1,1,1,1,6,1,1,1,1,1,1,6,1,1,6,6,1,6,6,1,1,6,6,1,6,1,1,6,6,6,6,6,1,6,6,6,1,6,1,1,6,6,6,6,6,1,1,6,6,6,6,6,6,6,6,6,6,9,9,1,6,1,6,6,1,1,1,1,1,1,1,1,1,6,6,6,6,1,1,6,6,1,1,1,1,1,1,6,9,6,6,1,6,1,1,1,6,6,6,1,1,1,1,1,1,1,1,6,1,1,1,6,1,1,1,1,1,6,1,1,6,6,6,6,1,1,1,6,1,1,1,6,1,1,1,6,6,1,6,6,1,6,1,1,1,6,1,6,6,6,6,6,1,6,1,1,6,6,6,6,6,6,6,6,1,6,1,6,9,9,6,6,6,6,1,1,6,6,6,1,1,9,1,6,6,1,6,6,6,6,1,1,1,1,6,1,1,1,1,6,6,1,1,6,6,6,6,9,1,1,6,6,6,6,1,6,1,1,6,6,6,1,6,6,1,1,1,6,1,1,6,6,1,9,9,6,1,1,1,1,1,1,1,1,1,1,1,6,6,6,6,6,1,6,6,6,6,6,6,1,1,6,6,1,1,6,1,1,1,1,6,6,6,6,1,6,6,1,1,1,6,1,1,1,6,6,6,1,1,1,6,6,6,6,6,1,6,1,6,6,1,6,1,6,1,1,6,6,1,1,1,6,6,6,6,6,6,1,1,1,1,6,1,1,6,1,6,6,6,6,1,6,6,6,6,1,1,1,1,1,1,6,6,1,1,6,1,1,1,1,1,6,6,6,1,1,1,1,1,1,1,6,1,1,1,1,6,6,1,6,6,6,1,6,6,6,6,1,6,1,1,1,1,1,6,6,6,6,6,1,1,1,1,1,1,6,1,1,1,1,1,6,6,1,6,1,6,6,6,1,6,6,6,6,6,6,6,6,1,1,1,1,6,6,1,1,6,6,6,6,1,6,1,6,1,1,1,6,6,1,6,6,6,1,1,6,6,6,9,1,1,6,1,6,1,1,6,6,1,1,1,1,1,1,1,1,1,6,6,6,6,6,6,1,6,1,6,6,6,1,1,1,1,6,6,1,1,6,1,6,1,6,6,6,1,1,6,6,6,1,1,6,6,1,1,6,6,1,6,1,6,6,6,1,6,1,6,1,1,6,6,1,1,1,1,1,1,1,1,1,1,6,6,1,1,1,1,1,1,6,1,6,6,9,1,1,1,6,6,1,1,6,6,1,1,6,1,1,1,6,6,6,6,1,9,9,1,1,6,6,6,1,1,6,1,6,6,1,1,1,1,6,1,1,9,6,6,6,1,6,1,6,6,1,1,1,6,1,1,6,6,1,6,6,6,1,1,6,1,1,1,6,6,1,1,1,6,1,6,1,1,1,1,1,6,6,1,6,1,6,1,1,1,1,1,6,6,6,6,6,1,1,1,6,6,1,1,6,6,1,1,6,1,1,1,6,6,6,6,9,1,6,6,6,6,1,6,1,1,1,9,9,9,6,9,6,6,6,6,6,1,6,6,1,1,1,1,1,6,6,1,1,6,1,6,6,6,6,6,1,6,6,1,1,6,6,6,6,6,6,1,1,1,1,6,6,1,1,1,6,6,6,6,1,6,6,6,1,1,1,6,1,6,1,6,6,1,1,1,6,6,1,1,1,6,6,9,9,1,1,6,6,6,6,6,1,6,1,1,1,1,1,1,6,6,1,1,1,1,1,1,6,6,1,1,6,1,6,1,1,6,6,1,1,6,6,1,1,1,6,6,6,1,1,1,9,1,1,1,1,9,9,9,9,9,9,9,1,1,1,6,6,1,1,1,1,1,6,6,1,1,1,1,6,6,6,6,1,1,6,6,1,1,6,1,1,6,6,6,6,6,6,6,1,6,6,1,6,1,1,1,6,6,6,1,1,1,6,6,6,6,6,6,6,6,6,6,6,6,1,1,1,6,6,1,1,1,6,6,6,1,1,1,1,6,6,6,6,1,1,1,1,1,1,1,1,6,1,1,1,1,6,6,6,1,1,1,6,6,6,6,1,1,6,6,6,6,1,6,6,6,6,1,1,6,1,1,6,6,6,1,1,1,6,6,6,1,1,6,6,6,6,1,6,1,1,6,6,1,6,6,6,6,6,1,1,1,1,6,6,1,1,1,1,6,6,6,1,1,1,6,6,6,6,6,6,1,1,6,1,1,1,1,6,6,6,6,1,6,9,9,1,1,1,1,6,9,9,6,6,9,9,1,1,7,1,6,6,6,1,1,1,6,1,1,6,6,6,6,1,6,6,6,6,6,1,6,6,6,6,1,1,6,1,1,6,6,6,6,1,1,1,1,6,6,6,1,1,6,6,6,1,1,6,6,1,1,1,1,1,6,1,1,1,6,1,1,1,1,6,6,1,1,1,1,6,6,6,1,1,1,6,1,1,1,6,1,1,1,1,6,1,1,1,1,1,1,1,6,6,1,1,1,1,1,1,1,9,9,9,9,1,1,6,1,1,1,1,1,1,1,1,1,1,1,1,1,1,1,1,6,1,1,1,6,6,6,6,1,6,1,1,1,1,1,1,1,1,1,1,1,1,1,1,1,1,1,1,1,1,1,6,1,1,6,6,1
365,29346,RUSH,100,6,6,6,1,9,9,9,9,9,9,9,9,9,9,9,9,9,9,9,9,9,9,9,9,9,9,9,9,9,9,9,9,9,9,9,9,9,9,9,9,9,9,9,9,1,1,1,1,1,6,6,1,6,9,9,9,9,9,9,9,9,9,9,9,9,9,9,9,6,6,9,9,9,9,9,9,9,9,9,9,9,9,9,9,9,9,9,9,9,9,9,6,6,6,6,6,9,9,9,9,9,9,9,1,1,1,1,1,9,1,1,1,1,6,6,6,1,1,6,6,9,9,9,9,9,9,9,6,6,6,1,6,1,1,6,1,9,9,9,9,9,9,9,9,9,9,9,9,9,9,9,9,9,9,9,9,9,9,9,9,9,9,9,9,9,9,9,9,9,9,9,9,9,9,9,9,9,9,9,9,9,9,9,9,9,9,9,9,9,9,9,9,9,9,9,9,9,9,9,9,9,9,9,9,9,9,9,1,1,6,6,6,6,1,6,6,6,6,1,1,1,1,6,6,6,6,6,6,6,1,1,1,6,6,6,1,1,1,6,6,9,1,6,6,6,6,1,6,1,6,6,6,6,1,6,1,1,6,6,6,1,6,6,6,1,1,6,1,1,6,6,1,6,6,6,1,1,1,1,1,6,1,6,1,9,9,6,6,6,6,6,1,6,6,6,6,6,6,1,1,6,6,1,1,6,1,6,1,1,6,6,6,1,6,6,6,1,6,1,6,1,9,9,6,6,1,1,1,1,6,6,6,6,6,1,6,1,6,6,9,6,1,6,1,1,6,6,1,1,1,6,9,6,6,6,1,1,1,1,1,6,1,1,1,9,6,6,6,6,6,6,6,6,6,1,1,1,9,9,9,6,6,1,1,1,1,1,1,1,6,6,6,6,1,1,1,6,1,1,1,6,1,1,1,6,6,6,1,6,6,6,1,6,6,6,6,1,6,1,1,1,1,1,1,9,6,6,6,1,1,1,1,1,6,6,1,1,1,1,1,6,6,1,9,6,6,6,6,1,6,6,6,6,6,6,6,6,1,9,1,1,6,6,1,1,6,6,6,6,1,6,1,6,1,1,1,6,6,1,6,6,1,6,1,6,6,6,6,1,1,6,1,6,1,1,6,6,1,1,1,1,1,6,1,1,1,1,6,6,6,6,6,1,6,1,6,6,6,1,1,1,1,6,6,1,1,6,1,6,1,6,6,6,1,1,6,9,6,1,1,6,6,1,1,6,6,1,6,1,6,6,1,6,6,1,6,1,1,6,6,1,1,1,1,1,1,1,9,9,9,6,6,1,1,1,1,1,1,6,1,6,6,6,1,1,1,6,6,1,1,6,6,1,1,1,1,6,1,6,6,9,6,1,1,6,1,1,6,6,6,6,1,6,1,6,6,1,1,6,1,6,9,9,9,9,9,9,1,6,1,6,6,1,1,1,6,9,9,6,6,1,6,6,6,1,1,6,1,1,6,1,6,1,1,1,1,6,6,6,1,1,6,1,6,6,1,6,1,6,1,1,1,1,6,6,6,6,6,6,1,6,1,6,9,9,9,6,6,1,1,6,1,6,1,9,6,6,6,1,1,6,6,6,6,1,6,6,6,1,1,1,1,6,9,6,6,6,6,6,1,9,9,1,6,1,1,1,9,6,1,1,6,1,6,6,6,6,6,1,6,6,1,6,6,6,6,6,6,6,1,6,1,1,6,6,6,1,9,9,6,6,6,6,6,6,6,6,1,1,6,6,6,6,6,6,6,1,1,6,6,1,1,1,6,6,1,6,9,9,6,6,6,6,6,1,6,6,1,9,9,1,6,6,6,1,6,1,6,9,9,6,6,9,1,6,1,6,1,6,6,6,9,9,9,9,9,9,9,9,6,6,1,9,6,1,1,1,1,6,6,6,6,1,6,6,6,9,9,1,6,6,1,1,1,1,1,6,6,1,6,1,1,6,6,1,6,1,1,6,6,1,1,6,1,1,6,6,6,6,6,6,6,1,6,9,6,1,1,1,1,6,9,1,1,1,6,6,6,6,1,6,6,6,6,6,6,6,6,6,6,1,6,6,9,9,9,6,6,6,1,6,6,6,6,6,6,6,1,1,6,1,1,1,1,1,6,1,1,1,1,6,6,6,1,1,1,6,6,6,6,1,1,6,1,1,6,1,6,6,6,6,1,1,6,1,1,1,6,6,1,1,6,6,6,6,1,1,6,6,6,9,1,1,1,6,6,6,1,6,6,6,6,6,1,1,9,9,9,9,9,9,9,9,9,9,9,9,9,9,9,9,9,6,6,6,1,1,6,1,1,9,9,9,9,9,9,9,9,6,6,1,6,6,1,6,9,9,6,6,1,1,1,1,6,1,6,6,6,1,1,1,6,6,6,6,6,6,6,1,6,6,6,6,6,1,6,6,6,6,6,1,6,1,1,6,6,6,6,6,1,1,1,6,6,6,6,9,9,6,6,1,1,6,6,1,1,1,1,6,6,1,1,1,6,1,1,1,1,6,6,9,1,6,1,6,6,6,9,9,9,9,9,1,1,6,9,9,9,9,6,1,1,9,9,1,1,1,6,6,1,1,1,1,1,1,1,1,1,9,1,1,1,6,1,1,1,1,9,1,1,1,1,1,1,1,1,1,1,1,6,1,1,1,6,9,6,6,1,6,1,1,1,1,1,1,1,1,1,1,1,1,6,1,1,1,1,1,1,1,1,6,1,1,6,6,1
366,29348,GUTIÉRREZ,100,6,9,6,1,6,1,6,6,6,6,9,1,1,9,1,1,1,1,1,6,1,6,9,9,6,9,6,1,9,6,9,6,1,6,6,1,1,1,1,1,1,1,1,6,1,1,1,1,1,6,6,9,6,6,6,1,6,6,9,9,6,6,1,6,9,9,6,6,6,6,6,6,6,6,6,6,6,9,9,6,6,6,6,9,9,9,6,6,6,6,6,6,6,6,6,6,6,6,9,9,9,6,6,1,1,1,1,1,1,1,1,1,6,6,9,6,1,1,6,9,1,1,1,1,1,9,9,6,6,6,6,6,1,1,6,1,6,6,1,1,1,1,1,1,1,1,6,1,9,1,6,1,1,1,1,1,6,1,1,6,6,6,6,1,1,1,6,6,9,1,6,9,9,9,6,6,1,6,6,1,6,1,1,1,6,1,6,6,6,6,6,1,6,9,9,6,6,6,6,6,6,6,6,1,6,1,6,9,9,6,6,6,6,1,6,6,6,6,1,1,9,9,6,6,1,1,6,6,6,1,1,1,6,6,6,1,1,1,6,6,9,1,6,6,6,6,1,6,1,6,6,6,6,1,6,1,9,9,9,9,9,9,9,9,9,9,9,9,9,6,6,1,6,6,6,1,1,1,1,1,6,1,6,1,9,9,6,6,6,6,6,1,6,6,6,6,6,6,9,9,6,6,6,1,6,6,6,9,9,6,6,6,1,6,6,6,9,6,1,6,1,9,9,6,6,6,1,1,1,6,6,6,6,6,1,6,1,9,6,1,6,1,6,9,9,6,6,9,1,1,1,1,6,6,6,1,1,1,1,1,6,1,1,6,1,9,6,6,6,1,6,6,6,6,1,1,6,9,9,9,6,6,1,1,1,1,1,1,1,6,6,6,6,1,1,1,6,1,1,1,6,6,1,1,6,9,9,9,6,6,6,1,6,6,6,6,1,6,1,1,1,1,1,1,6,6,6,6,1,1,1,1,1,6,9,6,1,9,9,1,6,6,6,6,6,6,6,6,1,6,6,6,6,6,6,6,6,1,1,1,1,6,6,1,1,6,6,6,6,1,6,1,6,1,1,1,6,6,1,6,6,1,6,1,6,6,6,6,1,1,6,1,6,1,1,6,6,1,1,1,1,1,6,1,1,1,6,6,6,6,6,6,1,6,1,6,6,6,1,1,1,1,6,6,1,1,6,1,6,1,6,6,6,1,1,6,9,9,9,1,6,6,9,9,9,6,1,6,1,6,6,1,1,6,1,6,9,9,6,6,1,1,1,1,1,1,1,9,9,9,6,6,1,1,1,1,1,1,6,1,9,6,6,1,1,1,6,6,1,9,6,6,1,1,6,1,6,1,6,6,6,6,6,9,9,9,9,9,6,6,6,1,6,6,6,6,1,1,6,1,6,9,9,9,6,6,6,1,6,6,6,6,1,1,1,6,9,9,6,6,9,6,6,6,1,1,6,1,1,6,6,9,9,9,9,9,9,9,9,9,1,6,1,6,6,1,6,1,6,1,9,9,9,9,6,6,6,6,6,1,6,1,6,9,9,9,6,6,1,1,6,1,6,1,6,6,6,6,1,1,6,1,6,6,1,6,6,6,1,1,1,1,1,1,1,6,9,9,6,1,6,1,1,6,1,9,9,6,6,1,1,6,1,6,6,6,6,6,1,6,6,1,6,6,6,7,6,6,6,9,6,9,9,6,6,6,1,9,9,9,9,9,6,6,6,6,6,1,1,6,6,6,6,6,6,6,9,9,9,9,9,9,9,9,9,9,9,1,1,6,6,6,6,6,1,6,1,1,9,9,1,6,6,6,1,6,1,6,9,9,6,6,1,1,6,1,6,1,6,6,6,9,9,6,6,6,1,6,6,6,6,1,1,6,9,1,9,9,9,6,6,6,1,6,6,6,9,9,1,6,6,1,1,1,9,9,6,6,1,6,9,1,9,6,1,6,1,1,6,6,1,1,6,9,9,9,9,9,9,9,9,6,1,6,6,6,6,9,9,9,9,6,6,1,1,6,6,6,6,1,6,6,6,6,6,6,6,6,6,6,1,6,6,9,9,9,6,6,6,1,6,1,6,6,9,6,1,1,1,6,1,6,6,1,1,6,6,9,9,9,9,9,9,1,1,1,6,6,6,6,1,1,6,1,1,6,1,6,6,6,9,1,1,6,1,1,9,9,9,1,1,1,6,9,9,9,9,9,6,6,6,1,6,1,6,6,6,1,6,6,6,6,6,1,1,9,9,9,9,9,9,9,1,6,6,6,1,1,1,6,6,6,6,6,6,1,1,6,1,6,9,9,6,6,6,6,1,6,6,6,1,6,6,1,6,9,9,9,9,9,9,9,1,6,1,6,6,6,1,1,1,6,6,6,9,6,6,6,1,6,6,6,6,6,1,6,6,6,6,6,9,6,9,9,6,6,6,6,6,1,1,1,6,6,6,6,9,9,6,6,1,1,6,6,1,1,1,1,6,6,9,9,9,6,1,1,9,9,6,6,1,1,6,1,6,6,6,6,6,9,9,9,9,9,6,9,9,9,9,9,9,9,9,9,1,1,1,6,6,6,1,9,9,9,9,9,9,9,9,9,9,9,6,1,9,1,1,1,1,1,1,9,1,1,1,1,1,9,1,6,1,1,9,9,6,6,6,1,6,1,9,9,9,9,9,9,9,9,9,9,9,9,9,9,9,9,9,9,9,9,9,9,9,9,9,9
367,29368,THOMPSON,100,6,6,6,1,6,1,6,6,6,6,6,1,1,1,1,1,1,1,1,6,1,6,1,1,6,6,6,1,1,6,6,6,1,6,6,1,1,1,1,1,1,1,1,6,1,1,1,1,1,6,6,1,6,6,6,1,6,6,1,1,6,6,1,6,1,1,6,6,6,6,6,6,6,6,6,6,6,1,1,6,6,9,6,6,1,1,6,6,6,6,6,6,6,6,6,6,6,6,1,6,1,6,6,1,1,1,1,1,1,1,1,1,6,6,6,6,1,1,6,6,1,6,1,1,6,1,6,6,6,6,1,6,1,1,1,6,6,6,1,1,1,1,1,1,1,1,6,1,1,1,6,1,1,1,1,1,6,1,1,6,6,6,6,1,1,1,6,6,1,1,6,1,1,1,9,9,9,6,6,1,6,1,1,1,6,1,6,6,6,6,6,1,6,1,1,6,6,6,6,6,6,6,6,1,6,1,6,9,9,6,6,6,6,1,6,6,6,6,1,1,1,1,6,6,6,6,6,6,6,1,1,1,6,6,1,1,1,1,6,6,1,1,6,6,6,6,1,1,1,6,6,6,6,1,6,1,1,6,6,6,1,6,6,1,1,9,9,1,1,6,6,1,6,6,6,1,1,1,1,1,6,1,1,1,1,1,6,6,6,6,6,1,1,6,6,6,6,6,1,1,6,6,6,1,6,6,6,1,1,6,6,6,1,6,6,6,9,6,1,6,1,1,1,6,6,6,1,1,1,6,6,6,6,6,1,6,1,6,6,1,6,1,6,1,1,6,6,1,1,1,6,1,6,6,6,6,1,1,1,1,6,1,1,6,1,6,6,6,6,1,6,6,1,6,1,1,1,1,1,1,6,6,1,1,1,1,1,1,1,6,6,6,6,1,1,1,6,1,1,1,6,1,1,1,6,6,6,1,6,6,6,1,6,6,6,6,1,6,6,6,1,1,1,1,6,6,6,6,1,1,1,1,1,6,6,1,1,1,1,1,6,6,6,6,6,6,6,6,1,6,6,6,6,6,6,6,6,1,1,1,1,6,6,1,1,6,6,6,6,1,6,1,6,1,1,1,6,6,1,6,6,1,6,1,6,6,6,6,1,1,6,1,6,1,1,6,6,1,1,1,1,1,1,1,1,1,6,6,6,6,6,6,1,6,1,6,6,6,1,1,1,1,6,6,1,1,6,1,6,1,6,6,6,1,1,6,6,6,1,1,6,6,1,1,9,6,1,6,1,6,6,1,1,6,6,6,1,1,6,6,1,1,1,1,1,1,1,1,1,6,6,6,1,1,1,1,1,1,6,1,6,6,6,1,1,1,6,6,1,1,6,6,1,1,6,1,6,1,6,6,6,6,6,1,6,9,9,9,9,9,9,1,6,1,6,6,1,1,6,1,6,1,1,6,6,6,6,1,6,1,6,6,1,1,1,6,1,1,6,6,1,6,6,6,1,1,6,1,1,6,6,6,1,1,1,6,6,6,6,1,1,6,1,6,6,1,6,1,6,1,1,1,1,6,6,6,6,6,6,1,6,1,6,6,1,1,6,6,1,1,6,1,6,9,9,9,9,9,9,9,9,9,6,6,1,6,6,6,1,1,1,1,1,1,1,6,6,6,6,1,6,1,1,6,1,1,1,6,6,1,1,6,1,6,6,6,6,6,1,6,6,1,6,6,6,6,6,6,6,1,6,1,1,6,6,6,1,1,6,6,6,6,6,6,6,6,6,1,1,6,6,6,6,6,6,1,1,1,6,6,1,1,1,6,6,1,6,1,1,6,6,6,6,6,1,6,1,1,1,1,1,6,6,6,1,6,1,6,6,1,6,6,1,1,6,1,6,1,6,6,6,1,1,6,6,1,1,6,6,6,6,1,1,1,1,1,1,1,6,6,6,6,1,6,6,1,9,9,9,6,6,1,1,6,1,1,6,6,1,6,1,1,6,6,6,6,1,1,6,6,1,1,6,1,1,6,6,6,6,6,6,6,1,6,6,1,6,1,1,1,6,6,6,1,1,1,6,6,6,6,6,6,6,6,6,6,6,6,6,6,1,6,6,9,9,9,6,6,6,1,6,1,6,6,6,6,6,1,1,6,1,6,1,1,1,6,1,1,1,1,6,6,6,1,1,1,9,6,6,6,1,1,6,1,1,6,1,6,6,6,6,1,1,6,1,1,6,6,6,1,1,6,6,6,6,9,9,9,9,9,9,1,6,1,1,6,6,1,6,6,6,6,6,1,1,9,9,9,9,9,9,9,9,9,9,9,9,9,9,9,9,9,9,9,9,9,9,9,9,9,1,1,6,6,6,6,1,6,6,6,1,6,1,9,9,1,1,6,6,1,1,1,1,6,1,6,6,6,1,1,1,6,6,6,6,6,6,6,1,6,6,6,6,6,1,6,6,6,6,6,1,6,9,9,6,6,6,6,6,1,1,1,6,6,6,1,1,6,6,6,1,1,6,6,1,1,1,1,1,6,1,1,1,6,1,1,1,1,6,6,1,1,6,1,6,6,6,6,6,1,6,1,1,1,6,1,6,1,1,6,1,1,1,1,1,1,1,6,6,6,1,1,9,9,9,9,9,9,9,9,9,9,9,9,9,9,9,9,9,9,9,9,9,9,9,9,9,9,9,9,9,9,9,9,9,9,9,9,9,9,9,9,9,9,9,9,9,9,9,1,1,6,1,1,1,1,1,1,1,1,6,1,1,6,6,1
368,29375,KING,200,1,1,1,6,1,6,1,1,1,1,1,6,6,6,6,6,6,6,6,1,6,1,1,1,1,1,1,6,6,1,1,1,1,1,1,6,6,6,6,6,6,6,6,1,6,6,6,6,6,1,1,6,1,1,1,6,1,1,1,1,1,1,6,1,1,1,1,1,1,1,1,1,1,1,1,6,1,1,1,1,1,1,1,1,1,1,9,9,9,1,1,1,1,1,1,1,6,1,1,1,1,1,1,1,6,6,6,6,6,6,6,6,1,1,1,1,6,6,1,6,6,1,6,6,1,1,1,1,1,1,6,1,6,6,1,1,1,1,6,6,6,6,6,6,6,6,1,6,6,6,1,6,6,6,6,6,1,1,1,1,1,1,1,9,9,9,9,9,1,1,1,1,1,1,1,1,1,1,1,1,1,6,1,6,1,1,1,1,1,1,1,1,1,1,1,1,1,1,1,1,1,1,1,6,1,6,1,1,1,1,1,1,1,6,1,9,9,9,9,9,1,1,1,1,1,1,1,1,1,1,1,1,1,9,9,1,1,1,1,1,1,6,1,1,1,1,1,1,1,1,1,1,1,1,1,1,1,1,1,1,1,1,1,1,1,6,1,1,1,1,1,1,1,1,1,1,1,6,6,6,1,6,1,1,1,1,1,1,1,1,1,6,1,1,1,1,1,1,1,1,1,1,1,6,1,1,1,1,1,1,1,1,6,1,1,1,6,1,1,1,1,1,1,1,1,1,1,1,1,1,1,1,1,6,6,1,1,1,1,6,6,6,1,1,1,1,1,1,6,6,1,6,1,1,6,6,6,6,6,6,1,6,6,6,6,1,1,1,6,6,1,1,1,1,1,6,1,1,1,1,1,1,1,6,6,6,6,6,6,1,1,1,1,6,6,6,1,6,6,6,1,1,6,6,1,1,1,1,1,1,1,1,1,1,6,6,6,6,6,6,6,6,6,1,1,1,6,1,1,1,6,1,6,1,9,9,9,1,1,1,1,1,1,6,6,6,6,6,6,6,6,6,6,6,6,1,1,6,6,6,6,1,6,6,6,6,1,6,1,1,1,6,6,6,6,6,6,1,1,6,1,6,1,1,1,1,1,1,6,6,6,1,6,6,6,1,6,1,1,1,6,6,1,6,1,6,6,6,6,6,6,6,6,1,6,1,1,6,6,6,6,6,6,1,1,6,1,1,1,1,1,1,1,6,6,1,1,1,1,6,1,1,1,1,1,1,6,1,1,1,1,6,6,6,6,6,1,1,1,1,1,1,6,1,1,6,1,1,1,1,1,1,1,6,6,6,6,6,1,1,1,1,1,6,6,6,1,6,1,1,1,1,6,6,1,6,1,1,1,1,1,1,1,6,1,1,1,6,1,1,1,6,1,1,1,1,1,6,1,1,1,1,1,1,1,1,1,6,6,1,1,1,1,1,1,6,1,1,1,1,6,1,1,1,6,6,6,1,6,1,1,6,6,1,1,1,1,1,1,1,6,6,1,1,1,1,1,1,1,1,1,1,6,1,1,1,1,1,1,6,1,6,1,1,1,1,1,1,1,6,6,1,1,1,6,1,1,6,1,6,1,1,1,1,1,1,1,1,1,1,1,1,6,6,6,1,1,1,6,1,1,6,6,1,1,1,1,1,1,1,1,1,1,1,1,1,1,1,6,1,1,1,1,1,6,9,1,1,1,1,1,1,1,1,1,1,1,1,1,1,1,1,1,1,1,1,1,1,1,1,1,1,1,1,1,1,1,1,1,1,1,1,6,1,1,1,1,1,1,1,1,1,1,1,6,1,1,1,1,1,6,1,1,1,6,1,6,1,1,1,1,1,1,6,1,6,1,6,1,1,1,9,9,1,1,1,6,1,1,1,1,1,1,1,1,1,1,1,1,1,1,1,6,1,1,1,1,1,1,1,1,1,1,1,1,1,1,1,6,1,1,6,6,6,6,6,6,1,6,6,6,1,1,1,1,1,1,1,1,1,1,1,6,1,6,1,1,1,1,1,1,1,1,1,1,1,1,1,1,1,6,6,1,6,1,1,6,6,1,1,6,6,9,1,1,1,1,1,1,6,1,1,1,9,9,9,9,9,9,9,9,9,9,9,9,1,1,1,1,1,1,1,1,6,1,1,1,1,1,1,6,1,6,6,6,6,6,6,6,1,1,6,6,1,9,9,9,1,1,1,1,1,1,1,1,1,1,1,1,1,1,6,1,6,1,1,1,6,6,1,6,1,1,6,1,1,1,1,1,1,1,1,6,1,1,1,6,1,1,1,1,1,1,1,1,1,6,1,6,1,1,1,1,1,1,1,6,1,1,1,6,1,1,6,1,1,1,1,1,1,1,1,1,1,1,1,1,6,6,1,6,6,1,1,1,6,6,1,6,6,6,6,6,6,6,1,1,1,6,1,6,1,1,1,1,1,1,1,1,1,1,6,1,1,1,1,6,1,1,1,6,1,1,1,6,6,6,6,1,1,1,1,1,1,1,1,1,1,1,1,1,1,1,1,1,1,1,1,1,6,6,1,1,1,1,9,9,1,1,1,1,1,1,1,1,1,1,1,1,1,1,1,9,9,9,9,9,9,9,9,9,9,1,1,1,1,1,1,1,1,1,1,1,1,1,1,1,1,1,1,1,1,1,1,1,1,1,1,1,1,1,1,1,1,1,1,1,1,1,1,1,1,1,1,1,1,1,1,1,1,1,1,1,6,1,1
369,29377,NADLER,100,6,6,6,1,6,1,6,6,6,1,6,1,1,1,1,1,1,1,1,6,1,6,1,1,6,6,1,1,1,6,9,9,9,6,6,1,1,1,1,1,1,1,1,6,1,1,1,1,1,6,6,1,6,6,6,1,6,6,1,1,6,6,1,6,9,1,6,6,6,6,6,6,6,6,6,6,6,1,1,6,6,6,6,6,1,1,6,6,6,6,6,6,6,6,6,6,6,6,1,6,1,6,6,1,1,1,1,1,1,1,1,1,6,6,6,9,9,9,9,9,9,9,9,9,9,1,6,6,6,6,1,6,1,1,1,1,6,6,1,1,1,1,1,1,1,1,6,1,1,1,6,1,1,1,1,1,6,1,1,6,6,6,1,1,1,1,6,6,1,1,1,1,1,1,6,6,1,6,6,1,6,1,1,1,6,1,6,6,1,6,6,1,1,1,1,6,6,6,6,6,6,6,6,1,6,1,6,1,1,6,6,6,6,1,6,6,6,6,1,1,1,1,6,6,1,1,1,6,6,1,1,1,1,6,1,6,1,1,6,6,1,1,6,1,6,6,1,1,1,1,6,6,1,1,6,1,1,6,6,6,1,6,6,6,1,1,6,6,6,6,6,1,6,6,6,1,1,1,1,9,6,1,6,1,1,1,6,6,6,6,6,1,6,6,6,6,6,6,1,1,6,6,1,1,6,6,6,1,1,6,6,6,1,6,6,6,1,6,1,6,6,1,1,6,6,1,1,1,1,6,6,1,6,6,1,6,1,6,6,1,6,1,6,1,1,6,6,1,1,9,6,1,6,6,6,1,1,1,1,1,6,1,1,1,1,6,6,6,6,6,6,6,6,6,1,1,6,1,1,1,6,6,1,1,1,1,1,1,1,6,6,6,6,1,1,1,6,1,1,1,6,6,1,1,6,6,6,1,6,6,6,1,6,6,6,6,1,6,1,1,1,1,1,1,6,6,6,6,1,1,1,1,1,6,6,1,1,1,1,1,6,6,1,6,6,6,6,6,1,6,6,6,6,6,6,6,6,1,1,1,1,6,6,1,1,6,6,6,6,1,6,1,6,1,1,1,6,6,1,6,6,1,6,1,6,6,6,6,1,1,6,1,6,1,1,6,6,1,1,1,1,1,6,1,1,1,6,6,6,6,6,6,1,6,1,6,6,6,1,1,1,1,6,6,1,1,6,1,6,1,6,6,1,1,1,6,6,6,1,1,6,6,1,1,6,6,1,6,1,6,6,1,1,6,1,6,9,9,6,6,1,1,1,1,1,1,1,1,1,1,6,6,1,1,1,1,1,1,6,1,6,6,1,1,1,1,6,6,1,1,9,9,1,1,6,1,6,1,6,6,6,6,6,1,6,1,1,1,6,6,1,1,6,6,6,6,1,1,6,1,6,1,1,1,6,6,1,1,6,6,6,6,1,1,1,6,1,6,6,9,1,6,6,6,1,1,6,1,1,6,1,6,1,1,1,1,1,6,6,1,1,6,1,6,6,1,1,1,6,1,1,1,1,6,6,6,6,6,6,1,6,1,6,6,1,1,6,6,1,1,6,1,6,1,1,6,6,6,1,1,6,1,6,6,1,1,6,6,1,1,1,1,1,1,1,6,6,6,6,1,1,1,1,6,1,1,1,6,6,1,1,6,1,1,6,6,6,6,1,6,6,1,1,6,6,6,6,6,6,1,6,1,1,6,6,6,1,1,1,6,6,6,6,6,6,6,6,1,1,1,6,1,6,6,6,6,1,1,6,6,1,1,1,6,6,1,6,1,1,6,6,6,6,6,1,6,1,1,1,1,1,6,6,6,1,6,1,6,6,1,6,6,1,1,6,1,6,1,6,6,6,1,1,6,6,1,1,6,1,6,6,1,1,1,1,1,1,1,1,6,6,6,1,6,6,6,1,1,1,6,6,1,1,1,1,1,6,6,1,6,1,1,6,6,1,6,1,1,6,6,1,1,6,9,1,6,6,6,6,6,6,6,1,6,1,6,1,1,1,1,6,6,6,1,1,6,6,6,1,6,6,6,6,6,6,6,6,6,1,6,1,6,1,1,9,1,6,6,1,1,6,6,6,6,6,1,6,1,1,6,1,1,1,1,1,6,6,1,1,1,6,6,1,1,1,1,6,6,1,6,1,1,6,1,1,6,1,6,6,6,6,1,1,6,1,1,1,6,6,1,1,1,9,6,6,1,1,1,6,6,6,1,6,1,6,6,6,1,6,6,6,6,6,1,1,1,1,6,6,1,6,1,1,6,6,6,1,1,6,1,6,6,6,6,6,1,1,6,1,6,1,1,6,6,6,6,1,6,6,6,1,6,1,1,6,1,1,6,6,6,1,1,1,7,1,6,6,6,1,1,1,6,6,6,6,6,6,6,1,6,6,6,6,6,1,6,6,6,6,6,1,6,1,1,6,6,6,6,6,1,1,1,6,6,6,6,1,6,6,6,1,1,6,6,1,1,1,1,6,6,1,1,1,6,1,1,1,1,6,6,1,1,6,1,6,6,6,6,6,1,6,1,1,1,6,1,6,1,1,6,1,1,1,1,1,1,1,6,6,1,1,1,1,1,1,1,1,1,1,1,1,1,6,1,1,9,1,1,1,1,1,1,1,1,1,1,1,1,1,6,1,1,1,6,6,6,6,1,6,1,9,1,1,1,1,1,1,1,1,1,1,6,1,1,1,1,1,1,1,1,6,1,1,6,6,1
370,29378,VELÁZQUEZ,100,6,6,6,1,6,1,6,6,9,1,6,1,1,1,1,1,1,1,1,6,1,6,1,1,6,6,6,1,1,6,6,6,1,6,6,1,1,1,1,1,1,1,1,6,1,1,1,1,1,6,6,1,6,6,6,1,6,6,1,1,9,6,1,6,9,1,6,6,6,6,6,6,6,6,6,9,6,1,1,6,6,6,6,6,1,1,6,6,6,6,6,6,6,6,6,6,6,6,1,6,1,6,6,1,1,1,1,1,1,1,1,1,6,6,6,6,1,1,6,6,1,6,1,1,6,1,6,6,6,6,1,6,1,1,6,6,6,6,1,1,1,1,1,1,1,1,6,1,1,1,6,1,1,1,1,1,6,1,1,6,6,6,6,1,6,1,6,6,1,1,1,1,1,1,6,6,1,6,6,1,6,1,1,1,6,1,6,6,6,6,6,1,6,1,1,6,6,6,6,6,6,6,6,1,6,1,6,1,1,6,6,6,6,1,6,6,6,9,1,1,1,1,6,6,1,1,1,6,6,1,1,1,1,6,6,1,1,1,6,6,1,1,6,6,6,6,1,1,1,6,6,6,1,1,6,1,1,6,6,6,1,6,6,6,1,1,6,1,1,6,6,1,9,9,9,9,9,1,1,1,6,1,1,1,1,1,6,6,6,6,6,1,6,6,6,6,6,6,1,1,6,6,1,1,6,6,6,1,1,6,6,6,1,6,6,6,1,6,1,6,6,9,9,6,6,6,1,1,1,6,6,6,6,6,1,6,1,6,6,1,6,1,6,1,1,6,6,1,1,1,6,1,6,6,6,1,1,1,1,1,6,1,1,6,1,6,6,6,6,1,6,6,6,6,1,1,6,1,1,1,6,6,1,1,1,1,1,1,1,6,6,6,6,1,1,1,6,1,1,1,6,6,1,1,6,6,6,1,6,6,6,1,6,6,6,6,1,6,1,1,1,1,1,1,6,6,6,6,1,1,1,1,1,6,6,6,1,1,1,1,6,6,1,6,6,6,6,6,1,6,6,6,6,6,6,6,6,1,1,1,1,6,6,1,1,6,6,6,6,1,6,1,6,1,1,1,6,6,1,6,6,1,6,1,6,6,6,6,1,1,6,1,6,1,1,6,6,1,1,1,1,1,6,1,1,1,6,6,6,6,6,6,1,6,1,6,6,6,1,1,1,1,6,6,1,1,6,1,6,1,6,6,1,1,1,6,6,6,1,1,6,6,1,1,6,6,1,6,1,6,6,1,1,6,1,6,1,1,6,6,1,1,1,1,1,1,1,1,1,6,6,6,1,1,1,1,1,1,6,1,6,6,6,1,1,1,6,6,1,9,6,6,1,1,6,1,6,1,6,6,6,6,6,1,6,1,1,6,6,6,6,1,6,1,6,6,1,1,6,1,6,1,1,6,6,6,6,1,6,6,6,6,1,1,1,6,1,6,6,6,1,6,6,6,1,1,6,1,1,6,6,6,1,1,1,6,1,6,6,1,1,6,1,6,6,1,6,1,6,1,1,1,1,6,6,6,6,6,6,1,6,1,6,6,1,1,6,6,1,1,6,1,6,1,6,6,6,6,1,1,6,1,6,6,1,6,6,6,1,1,1,1,1,1,1,6,6,6,6,1,6,1,1,6,1,1,1,6,6,1,1,6,1,6,6,6,6,6,1,6,6,1,6,6,6,6,6,6,6,1,6,1,1,6,6,6,1,1,6,6,6,6,6,6,6,6,6,1,1,6,6,6,6,6,6,6,1,1,6,6,1,9,1,6,6,1,6,1,1,9,6,6,6,6,9,6,1,1,1,1,1,6,6,6,1,6,1,6,9,9,6,6,1,1,6,1,6,1,6,6,6,1,1,6,6,1,1,6,6,6,6,1,1,6,1,1,1,1,6,6,6,6,1,6,6,6,1,1,1,6,6,1,1,1,1,1,6,6,1,6,1,1,6,6,6,6,1,1,6,6,1,1,6,1,1,6,6,6,6,6,6,6,1,6,1,6,6,1,1,1,6,6,6,1,6,6,6,6,6,6,6,6,6,6,6,6,6,6,6,6,1,6,9,1,1,1,6,6,6,1,6,1,6,6,6,6,6,1,1,6,1,1,1,1,1,6,6,1,1,1,6,6,6,1,1,1,6,6,6,6,1,1,6,1,1,6,1,6,6,6,6,1,1,6,1,1,1,6,6,1,1,6,6,6,6,1,1,6,6,6,6,1,6,1,6,6,6,1,6,6,6,6,6,1,1,1,1,6,6,1,6,1,1,6,6,6,1,1,6,6,6,6,6,6,6,6,1,1,1,6,1,1,6,6,6,6,1,6,6,6,1,6,6,1,6,1,1,6,6,1,1,1,1,6,1,6,6,6,1,1,1,6,6,6,6,6,6,6,1,6,6,6,6,6,1,6,6,6,6,6,1,6,1,9,6,6,6,6,6,1,1,1,6,6,6,6,1,6,6,6,1,1,6,6,1,1,1,1,6,6,1,1,9,6,1,1,1,1,6,6,1,1,6,1,6,6,6,6,6,1,6,1,1,1,6,1,6,1,1,6,1,1,1,1,1,1,1,6,6,6,1,1,1,1,1,1,1,1,1,1,1,1,6,1,1,1,1,1,1,1,1,1,1,1,1,1,1,1,1,6,1,1,1,6,6,6,6,1,6,1,1,1,1,1,1,1,1,1,1,1,9,6,1,1,1,9,9,9,9,9,9,9,9,9,9,9
371,29379,MALONEY,100,6,6,6,1,6,1,6,6,6,1,6,1,1,1,1,1,1,1,1,6,1,6,1,1,6,6,1,1,1,1,6,6,1,6,6,1,1,1,1,1,1,1,1,6,1,1,1,1,1,6,6,9,6,6,6,1,6,6,1,1,6,6,1,6,1,1,6,6,6,6,6,6,6,6,6,6,6,1,1,6,6,6,6,6,1,1,6,6,6,6,6,6,6,6,6,6,6,6,1,6,1,6,6,1,1,1,1,1,1,1,1,1,6,6,6,6,1,1,6,6,1,6,6,1,6,1,6,6,6,6,6,6,6,6,6,6,6,6,1,1,1,1,1,1,1,1,6,1,1,1,6,1,1,1,1,1,6,9,1,6,6,6,9,1,1,1,6,6,1,1,1,1,1,1,6,6,1,6,6,1,6,9,1,1,6,1,6,6,9,6,6,1,6,9,9,6,6,6,6,6,6,6,6,1,6,1,6,1,1,6,6,6,6,1,1,6,6,6,1,1,1,1,6,6,1,1,1,6,6,1,1,1,1,6,1,9,9,9,6,6,1,1,6,9,6,6,1,1,1,1,6,6,1,1,6,1,1,6,6,6,1,6,6,6,1,1,6,1,1,6,6,1,9,9,9,9,9,9,9,9,9,9,9,9,1,1,6,6,6,6,6,1,6,9,9,9,9,9,9,1,6,6,6,1,6,1,6,1,1,6,6,6,1,6,6,6,1,6,1,6,6,1,1,6,6,1,1,1,1,6,6,1,6,6,1,6,1,6,6,1,6,1,6,1,1,6,6,1,1,1,6,1,6,6,6,1,1,1,1,1,6,1,1,1,1,6,6,6,6,6,6,6,6,6,1,1,1,1,1,1,6,6,1,1,1,1,1,1,1,6,6,6,6,1,1,1,6,1,1,1,6,1,1,1,6,6,6,1,6,6,6,1,6,6,6,9,6,6,1,1,1,1,1,1,6,6,6,6,1,1,6,1,1,6,6,1,1,1,1,1,6,6,1,6,6,6,6,6,1,6,6,6,6,6,6,6,6,9,1,1,1,6,6,1,1,6,6,6,6,1,6,1,6,1,1,1,6,6,1,6,6,1,6,9,9,9,6,6,1,1,6,1,6,1,1,6,6,1,1,1,1,1,6,1,1,1,6,6,6,6,6,6,1,6,1,6,6,6,1,1,1,1,6,6,1,1,6,1,6,1,6,6,1,1,1,6,6,6,1,1,6,6,1,1,6,6,1,6,1,6,6,1,1,6,1,6,1,1,6,6,1,1,1,1,1,1,1,1,1,1,6,6,1,1,1,1,1,1,6,1,6,6,1,1,1,1,6,6,1,1,6,6,1,1,6,1,6,1,6,6,6,6,6,1,6,9,9,9,6,6,1,1,6,1,6,6,1,1,6,1,6,1,1,1,6,6,1,9,6,1,6,6,1,1,1,6,1,6,6,6,1,6,6,6,1,1,6,1,1,6,1,6,1,1,1,1,1,6,6,1,1,6,1,6,6,1,6,1,6,1,1,1,1,6,6,6,6,6,6,1,6,1,6,6,1,1,6,6,1,1,6,1,6,1,6,6,6,6,1,1,6,6,6,6,1,6,6,6,1,1,1,1,6,1,1,6,6,6,6,1,6,1,1,6,1,1,1,6,6,1,1,6,1,6,6,6,6,6,1,6,6,1,1,6,6,6,6,6,6,1,6,1,1,6,6,6,1,1,1,6,6,6,6,6,6,6,6,1,1,6,6,1,6,6,6,6,1,1,6,6,1,1,1,6,6,1,6,9,1,6,6,6,6,6,1,6,1,1,1,1,1,6,6,6,1,6,1,6,6,1,6,6,1,1,6,1,6,1,1,6,6,1,1,6,6,1,1,6,6,6,6,1,1,6,1,1,1,1,6,6,6,6,1,6,6,6,1,1,1,6,6,1,1,1,1,1,6,6,1,6,1,1,6,6,6,6,1,1,6,6,1,1,6,9,9,6,6,6,6,6,6,6,1,6,1,6,6,1,1,1,6,6,6,1,1,6,6,6,6,6,6,6,6,6,6,6,6,6,1,6,1,6,6,1,6,1,6,6,6,1,6,6,6,6,6,6,6,1,1,6,1,1,1,1,1,6,6,1,1,1,6,6,6,1,1,1,6,6,6,6,1,1,6,1,1,6,1,6,6,6,6,1,1,6,1,1,1,6,6,1,1,1,6,6,6,1,1,6,6,6,6,1,6,1,1,6,6,1,6,6,6,6,6,1,1,9,9,9,9,9,9,9,1,6,6,6,1,1,1,6,6,6,6,6,6,9,1,1,1,6,1,1,6,6,6,6,1,6,6,6,1,6,1,1,6,1,1,6,6,1,1,1,1,7,1,6,6,6,1,1,1,6,6,6,1,6,6,6,1,6,6,6,6,6,1,6,6,6,6,6,1,6,9,9,6,6,6,6,6,1,1,1,6,6,6,6,1,6,6,6,1,1,6,6,1,1,1,1,6,6,1,1,1,6,1,1,1,1,6,6,1,1,7,1,1,6,6,6,6,1,6,1,1,1,6,1,6,1,1,6,1,1,1,1,1,1,1,6,6,6,1,1,1,1,1,1,1,1,1,1,1,1,6,1,1,9,1,1,1,1,1,1,1,1,1,1,1,1,1,6,1,1,1,6,6,6,6,1,6,1,1,1,1,1,1,1,1,1,1,1,1,6,1,1,1,1,1,1,1,1,6,1,1,6,6,1
372,29393,LUCAS,200,1,1,1,6,1,6,1,1,1,1,1,6,6,6,6,6,6,6,6,1,6,1,1,1,1,1,1,6,6,1,1,1,1,1,1,6,6,6,6,6,6,6,6,1,6,6,6,6,6,1,1,6,1,1,1,6,1,1,1,1,1,1,6,1,1,1,1,1,1,1,1,1,1,1,1,1,1,1,1,1,1,1,1,1,1,1,1,1,1,1,1,1,1,1,1,1,1,1,1,1,1,1,1,6,6,6,6,6,6,1,6,6,1,1,1,1,6,6,1,1,6,1,6,6,1,1,1,1,1,1,6,1,6,6,1,1,1,1,6,6,6,6,6,6,6,6,1,6,6,6,1,6,6,6,6,6,1,1,1,1,1,1,1,6,6,6,1,1,1,1,1,1,1,1,1,1,1,1,1,1,1,6,1,6,1,1,1,1,1,1,1,1,1,1,1,1,1,1,1,1,1,1,1,6,1,6,1,1,1,1,1,1,1,6,1,1,1,1,1,1,1,1,1,1,1,1,1,1,1,1,1,1,1,1,1,1,1,1,1,1,1,6,1,1,1,1,1,1,1,1,1,1,1,1,1,1,1,1,1,1,1,1,1,1,1,6,1,1,1,1,1,1,1,1,1,1,1,6,6,6,1,6,1,1,1,1,1,1,1,1,1,6,1,1,1,1,1,1,1,1,1,1,1,6,1,1,1,1,1,1,1,1,6,1,1,1,6,1,1,1,1,9,9,1,1,1,1,1,1,1,1,1,1,6,6,1,1,1,1,6,1,6,1,1,1,1,1,1,6,6,1,6,1,1,1,6,6,6,6,6,1,6,6,6,6,1,1,1,1,6,1,1,1,1,1,6,1,1,1,1,1,1,1,6,6,6,6,6,6,1,1,1,1,6,6,6,1,6,6,6,1,1,6,6,1,1,1,1,1,1,1,1,1,1,1,1,6,1,6,6,6,6,6,6,1,1,1,1,6,6,6,1,6,1,1,1,1,1,1,1,1,1,1,1,6,6,6,6,6,6,6,1,6,1,1,1,1,6,6,6,6,1,1,6,6,6,1,6,6,6,1,6,1,6,6,6,1,1,1,1,6,6,1,1,1,1,1,1,6,6,6,6,6,6,6,1,1,6,6,6,6,6,6,6,6,6,6,6,6,1,1,1,6,1,6,1,1,1,6,6,6,6,6,1,6,6,1,1,1,1,1,1,1,6,6,1,1,1,1,6,1,1,1,1,1,1,6,1,1,1,1,6,6,6,6,1,1,1,1,1,1,1,6,1,1,6,1,1,1,1,1,1,1,6,6,6,6,6,1,1,1,1,1,6,6,6,1,1,1,1,1,1,6,6,1,6,1,1,1,1,1,1,1,6,1,1,1,1,1,1,1,6,1,1,1,1,1,6,1,1,1,1,1,1,1,1,1,6,1,1,1,1,1,1,1,1,9,9,9,9,6,1,1,1,6,6,1,1,6,1,1,1,6,1,1,1,1,1,1,1,6,1,1,1,1,1,1,1,1,1,1,1,6,1,1,1,1,1,1,6,1,6,1,1,1,1,1,1,1,6,1,1,1,1,1,1,1,1,1,6,1,1,1,1,1,1,1,1,1,1,1,1,9,6,6,1,1,1,1,1,1,6,6,1,1,1,1,1,1,1,1,1,1,1,1,1,1,1,6,1,1,1,1,1,6,1,1,1,1,1,1,1,1,1,1,1,1,1,1,1,1,1,1,1,1,1,1,1,1,1,1,1,1,1,1,1,1,1,1,1,1,1,6,1,1,6,1,1,1,1,1,1,1,1,6,1,1,1,1,1,6,1,1,1,6,1,6,9,1,1,1,1,1,6,1,6,1,6,1,1,1,1,1,1,1,1,6,1,1,1,1,1,1,1,1,1,1,1,1,1,1,1,6,1,1,1,1,1,1,1,1,1,1,1,1,1,1,1,6,1,1,6,6,1,6,1,6,1,6,1,6,1,1,1,1,1,1,1,1,1,1,1,6,1,6,1,1,1,1,1,1,1,1,1,1,1,1,1,1,6,6,6,1,6,1,1,6,6,1,1,6,1,1,1,1,1,1,1,1,6,1,1,1,1,1,6,6,6,6,1,1,6,6,1,6,1,1,1,1,1,1,1,1,6,1,1,1,1,1,1,6,6,6,6,6,6,6,1,6,1,1,6,6,1,1,1,1,1,1,1,1,1,1,1,1,1,1,1,1,1,1,6,1,6,1,1,1,6,1,1,1,1,1,6,1,1,1,1,1,1,1,1,6,1,1,1,6,1,6,6,1,1,1,6,6,6,6,6,6,1,1,1,1,1,1,1,6,1,1,1,6,1,1,6,1,1,1,1,1,1,1,1,1,1,1,1,1,1,6,6,6,6,1,1,1,1,1,1,6,1,1,1,6,1,6,1,1,1,1,1,6,1,1,1,1,1,1,1,1,1,1,6,1,1,1,1,6,1,1,1,6,1,1,1,6,6,6,6,1,1,1,1,1,1,1,1,1,1,1,1,1,1,1,1,1,1,1,1,1,6,1,1,1,1,1,1,1,1,1,1,1,1,1,1,1,1,1,1,1,1,1,1,1,1,1,1,1,1,1,1,1,1,1,1,1,1,1,1,1,1,1,1,1,1,1,1,1,1,1,1,1,1,1,1,1,1,1,1,1,1,1,1,1,1,1,1,1,1,1,1,1,1,1,1,1,1,1,1,1,1,1,1,1,6,1,1
373,29504,LOFGREN,100,6,6,6,1,6,1,6,6,6,7,6,1,1,1,1,1,1,1,1,6,1,6,1,1,6,6,1,1,1,1,6,6,1,6,6,1,1,1,1,1,1,1,1,6,1,1,1,1,1,6,6,1,6,6,6,6,6,6,1,1,6,6,1,6,1,1,9,9,6,6,6,6,6,6,6,6,6,1,1,6,6,6,6,6,1,1,6,6,6,6,6,6,6,6,6,6,6,6,9,9,9,6,6,1,1,1,1,1,1,1,1,1,6,6,6,6,1,1,6,6,1,6,1,1,6,1,6,6,6,6,6,6,6,1,6,6,9,9,1,1,1,1,1,1,1,1,6,1,1,1,6,1,1,1,1,1,6,1,1,6,6,6,1,1,1,1,6,6,1,1,1,1,1,1,6,6,1,6,6,1,6,1,1,1,6,1,6,6,7,6,6,1,6,1,1,6,6,6,6,6,6,6,6,1,6,1,6,1,9,6,6,6,6,1,1,9,6,6,1,1,1,1,6,6,6,6,6,6,6,6,1,1,6,6,1,1,1,1,6,6,1,1,6,6,6,6,1,1,1,6,6,6,6,1,6,1,1,6,6,6,1,6,6,6,1,9,9,1,1,6,6,1,6,6,6,1,1,1,1,1,6,1,1,1,1,1,6,6,6,6,6,1,6,6,6,6,6,6,9,9,6,6,6,1,6,1,6,1,1,6,6,6,1,1,6,6,1,6,1,6,1,1,1,6,6,6,1,1,1,6,6,6,6,6,1,6,1,6,6,1,6,1,6,1,1,6,6,1,1,1,6,6,6,6,6,1,1,1,1,1,6,1,1,1,1,6,6,6,6,6,6,6,6,6,1,1,6,1,1,1,6,6,1,1,1,1,1,1,1,6,6,6,6,1,1,1,6,1,1,1,6,1,1,1,6,6,6,1,6,6,6,1,6,6,6,6,1,6,1,1,1,1,1,1,6,6,6,6,1,1,1,1,1,6,6,6,1,1,1,1,6,6,6,6,6,6,6,6,1,6,6,6,6,6,6,6,6,1,1,1,1,6,6,1,1,6,6,6,6,1,6,1,6,1,1,1,6,6,1,6,6,1,6,1,6,6,6,6,1,1,6,1,6,1,1,6,6,1,1,1,1,1,6,1,1,9,6,6,6,6,6,6,1,6,1,6,6,6,1,1,1,1,6,6,1,1,6,1,6,1,6,6,6,1,1,6,6,6,1,1,6,6,1,1,6,6,1,6,1,6,6,1,1,6,1,6,1,1,6,6,1,1,1,1,1,1,1,1,1,6,6,6,1,1,1,1,1,1,6,1,6,6,6,1,1,1,6,6,1,1,6,6,1,1,6,1,6,1,6,6,6,6,1,1,6,1,1,6,6,6,6,1,6,1,6,6,1,1,6,1,6,1,1,6,6,6,6,1,6,6,6,6,1,1,1,6,1,6,6,6,1,6,6,6,1,1,6,1,1,6,1,6,1,1,1,6,1,6,6,1,1,6,1,6,6,1,6,1,6,1,1,1,1,6,6,6,6,6,6,1,6,1,6,6,1,1,6,6,1,1,6,1,6,1,6,6,6,6,1,1,6,6,6,6,1,6,6,6,9,1,1,1,6,6,6,6,6,6,6,1,6,1,1,6,1,1,1,6,6,1,1,6,1,6,6,6,6,6,1,6,6,1,1,6,6,7,6,6,6,1,6,1,1,6,6,6,1,1,6,6,6,6,6,6,6,6,6,1,1,6,6,1,6,6,6,6,1,1,6,6,1,1,1,6,6,1,6,1,1,6,6,6,6,6,1,6,6,6,1,1,1,6,6,6,1,6,1,6,1,1,6,6,1,1,6,1,6,1,6,6,6,1,1,6,6,1,1,1,1,6,6,1,1,6,1,1,1,1,1,6,6,6,1,6,6,6,1,1,1,6,6,1,1,1,1,1,6,6,1,6,1,9,9,9,9,9,9,9,9,9,9,9,9,1,1,6,6,6,6,6,6,6,1,6,1,6,6,1,1,1,6,6,6,1,1,6,6,6,6,6,6,6,6,6,6,6,6,1,1,6,1,6,6,1,1,1,6,6,6,1,6,1,6,6,6,1,1,1,1,6,1,6,6,1,6,6,6,1,1,1,6,6,6,1,1,1,6,6,6,6,1,1,6,1,1,6,1,6,6,6,6,1,1,6,1,1,6,6,6,1,1,1,6,6,6,1,1,6,6,6,6,1,6,1,1,6,6,1,6,6,6,6,6,1,1,1,1,6,6,1,6,1,1,6,6,6,1,1,6,1,6,6,6,6,6,1,1,6,1,6,1,1,6,6,6,6,1,6,6,6,1,6,6,9,9,1,1,6,6,1,1,1,1,7,1,6,6,6,1,1,1,6,6,6,6,6,6,6,1,6,6,6,6,6,1,6,6,6,6,6,1,6,1,1,6,6,6,6,6,1,1,1,6,6,6,6,1,6,6,6,1,1,6,6,1,1,1,1,6,7,9,9,9,9,9,9,1,1,6,6,9,1,7,1,6,6,6,6,6,1,6,1,1,1,6,1,6,1,1,6,1,1,1,1,1,1,1,6,6,6,1,1,1,1,1,1,1,1,1,1,1,1,6,1,1,9,1,1,1,1,1,1,1,1,1,1,1,1,1,6,1,1,1,6,6,6,6,1,6,1,1,1,1,1,1,1,1,1,1,1,1,6,1,1,1,1,1,1,1,1,6,1,1,6,6,1
374,29539,LoBIONDO,200,1,1,1,6,1,6,1,1,1,1,1,6,6,6,6,6,1,6,6,6,6,1,1,1,1,1,6,6,6,1,1,1,1,1,1,6,6,6,6,6,6,6,6,1,6,6,6,6,6,1,1,6,1,1,1,6,1,1,1,1,1,1,6,1,1,1,1,1,1,1,1,6,1,1,1,1,1,1,1,1,1,6,1,1,1,1,1,1,1,1,1,1,1,1,1,1,6,1,1,1,1,1,1,1,6,1,6,6,6,6,1,6,1,1,1,1,6,6,1,6,6,1,6,6,1,1,1,1,1,1,6,1,6,6,1,1,1,1,6,6,6,6,6,1,6,6,6,6,6,6,1,6,6,6,1,6,1,1,1,1,1,1,6,1,6,6,6,1,1,1,6,1,1,1,1,1,1,1,1,1,1,6,1,6,1,1,1,1,6,1,1,1,6,1,1,1,1,1,1,1,1,1,1,6,1,6,1,1,1,1,1,1,1,6,1,1,1,1,1,1,1,1,1,1,1,1,6,1,1,1,1,1,6,1,1,1,1,1,1,1,1,6,6,6,1,1,1,1,1,6,1,1,6,1,6,1,1,1,1,1,1,1,1,1,1,6,1,1,1,1,1,1,1,1,1,1,1,1,6,6,1,6,1,1,1,1,1,1,1,1,1,6,1,1,1,1,1,1,1,1,1,1,6,6,1,1,1,1,1,1,1,1,6,1,1,1,6,6,1,1,1,1,1,1,1,6,1,1,1,1,1,6,6,6,6,1,1,1,1,6,1,6,1,1,1,1,1,1,1,6,1,6,1,1,6,6,6,6,6,6,1,6,6,6,1,6,6,6,6,6,6,1,1,1,1,6,1,1,1,1,1,1,1,6,6,6,6,6,6,6,1,1,1,6,6,6,1,6,6,6,1,1,6,6,1,1,1,1,1,1,1,1,1,1,6,6,6,6,6,6,1,6,6,1,1,1,6,6,1,6,6,1,6,1,1,1,1,1,1,1,1,1,6,6,1,6,6,6,1,6,6,6,6,6,6,1,1,1,6,1,6,1,6,6,6,6,1,6,1,1,6,1,6,6,1,6,6,6,1,6,6,6,1,1,1,1,1,1,1,6,6,1,6,6,6,1,6,1,1,1,1,1,1,6,1,1,6,6,6,6,6,6,6,6,6,1,1,6,6,6,6,6,6,6,1,6,6,1,1,1,1,1,6,6,6,1,1,1,1,6,1,1,1,1,1,1,6,1,1,1,1,6,6,6,6,6,1,1,1,1,1,1,6,1,1,6,1,1,1,6,1,1,1,6,6,6,6,1,1,1,1,1,6,6,1,6,1,6,1,1,1,1,6,1,1,6,6,1,1,1,1,1,1,6,1,1,1,6,1,1,6,6,1,1,1,1,1,6,1,1,1,1,1,6,1,1,6,6,6,1,1,1,1,1,1,6,1,1,1,1,6,6,1,1,6,6,6,1,6,1,6,6,6,1,1,6,1,1,1,1,6,1,1,1,1,1,6,1,1,1,1,1,6,1,1,1,1,1,1,6,1,6,1,1,1,1,1,1,1,6,6,1,1,1,6,1,1,6,1,6,1,6,1,1,1,6,1,1,1,1,1,1,6,6,6,1,1,1,6,1,6,6,6,1,1,1,1,1,1,1,1,1,1,6,1,1,1,1,6,1,1,1,1,1,6,1,1,1,1,1,1,1,1,1,1,1,1,1,6,1,1,1,1,1,1,1,1,1,1,6,1,6,1,1,1,1,1,1,1,9,9,9,9,9,9,9,9,1,1,1,1,1,1,1,6,1,1,1,1,1,6,1,1,1,6,1,6,6,1,1,1,1,1,6,1,6,1,6,1,1,1,1,1,1,1,1,6,1,6,1,1,1,1,1,1,1,1,1,6,1,1,1,6,1,1,1,1,1,1,1,1,1,1,1,1,1,1,1,6,6,1,1,6,6,6,1,6,1,6,1,6,1,1,1,1,1,1,1,1,1,1,1,6,1,6,1,6,1,1,1,1,1,1,1,1,1,1,1,6,1,1,6,6,6,6,6,1,6,1,1,6,6,6,1,1,1,1,1,6,6,1,1,1,1,1,6,6,6,6,1,1,1,1,1,6,1,1,1,1,1,1,1,6,6,1,1,1,1,6,1,1,1,6,6,6,6,6,6,6,1,1,1,6,1,1,1,6,1,1,1,1,1,1,1,1,1,1,6,1,1,1,6,1,6,1,1,1,6,6,1,6,1,1,6,1,1,1,1,1,1,1,1,6,1,1,1,6,1,1,6,1,1,1,1,1,1,6,6,6,1,1,1,1,1,1,1,6,1,9,9,6,1,1,6,1,1,1,1,1,1,1,1,1,1,1,1,1,6,6,1,6,6,1,1,6,6,6,6,1,6,1,6,6,6,6,1,1,1,6,1,6,6,1,1,1,1,1,1,1,1,1,6,1,1,1,1,6,1,1,1,6,1,1,1,6,6,1,6,1,1,1,1,1,1,1,1,1,1,1,1,1,1,1,1,1,1,1,1,1,6,6,1,1,1,1,1,6,1,1,1,1,1,1,1,1,1,1,1,1,6,1,1,1,1,1,1,1,1,1,1,1,1,1,1,1,1,1,1,1,1,1,1,1,1,1,1,1,1,1,1,1,1,1,1,1,1,1,1,1,1,1,1,1,1,1,1,1,1,1,1,1,1,1,1,1,1,1,1,1,1,1,1,1,6,1,1
375,29541,FRELINGHUYSEN,200,1,1,1,6,1,6,1,1,1,1,1,6,6,6,6,6,6,6,6,1,6,1,1,1,1,1,1,6,6,1,1,9,1,1,1,6,6,6,6,6,6,6,6,1,6,6,6,6,6,1,1,6,1,1,1,6,1,1,1,1,1,1,6,1,1,1,1,1,1,1,1,1,1,1,1,1,1,1,1,1,1,1,1,1,1,1,1,1,1,1,1,1,1,1,1,1,1,1,1,1,1,1,1,1,6,6,6,6,6,6,6,6,1,1,1,1,6,6,1,1,6,1,6,6,1,1,1,1,1,1,6,1,6,6,1,1,1,1,6,6,6,6,6,6,6,6,1,6,6,6,1,6,6,6,6,6,1,1,1,1,1,1,1,6,6,6,1,1,1,1,1,1,1,1,1,1,1,1,1,1,1,6,1,6,1,1,1,1,1,1,1,1,1,1,1,1,1,1,1,1,1,1,1,6,1,6,1,1,1,1,1,1,1,6,1,1,1,1,1,1,1,1,1,1,1,1,1,1,1,1,1,1,1,1,1,1,1,1,1,1,1,6,1,9,1,1,1,1,1,1,1,1,1,1,1,1,1,1,1,1,1,1,1,1,1,6,1,1,1,1,1,1,1,1,1,1,1,6,6,6,1,6,1,1,1,1,1,1,1,1,1,6,1,1,1,1,1,1,1,9,1,1,1,6,1,1,1,1,1,1,1,1,6,1,1,1,6,1,1,1,1,1,1,1,1,1,1,1,1,1,1,1,1,6,6,1,1,1,1,6,1,6,1,1,1,1,1,1,6,6,1,6,1,1,1,6,6,6,6,6,1,6,6,6,6,1,1,1,1,6,1,1,1,1,1,6,1,1,1,1,1,1,1,6,6,6,6,6,6,1,1,1,1,6,6,6,1,6,6,6,1,1,6,6,1,1,1,1,1,1,1,1,1,1,6,6,6,1,6,6,6,6,6,6,1,1,6,1,6,6,6,6,6,1,1,1,1,1,1,1,1,1,1,1,1,6,6,6,6,6,6,1,6,1,6,1,1,6,6,6,6,1,1,6,6,6,6,6,1,6,1,6,6,6,6,6,1,1,1,6,6,6,1,1,1,1,1,1,6,6,6,6,6,6,6,1,1,6,6,1,6,6,6,6,6,6,6,6,6,1,1,6,6,1,6,1,1,6,6,6,6,6,6,1,6,6,1,1,1,1,1,1,1,6,6,1,1,1,1,6,1,1,1,1,1,1,6,6,1,1,1,6,6,9,6,1,1,1,1,1,1,1,6,1,1,6,1,1,1,1,1,1,1,6,6,6,6,1,1,1,1,1,9,6,6,6,1,1,1,9,1,1,6,6,1,6,1,1,1,1,1,1,1,6,1,1,1,1,1,1,1,6,1,1,1,1,1,6,1,1,1,1,1,1,1,1,1,6,6,1,1,1,1,1,1,6,1,1,1,1,6,1,1,1,6,6,1,1,6,1,1,1,6,1,1,1,1,1,1,1,6,1,1,1,1,1,1,1,1,1,1,1,6,1,1,1,1,1,1,6,1,6,1,1,1,1,1,1,1,6,6,1,1,1,1,1,1,6,1,6,1,1,1,1,1,1,1,1,1,1,1,1,6,6,6,1,1,9,1,1,1,6,6,1,1,1,1,1,1,1,1,1,1,1,1,1,1,1,6,1,1,1,1,1,6,1,1,1,1,1,1,1,1,1,1,1,1,1,1,1,1,1,1,1,1,1,1,1,1,1,1,1,1,1,1,1,1,1,1,1,1,1,6,1,1,1,6,1,1,1,1,1,1,1,6,1,1,1,1,1,6,1,1,1,6,1,6,1,1,1,1,1,1,6,1,6,1,6,1,1,1,1,1,1,1,1,6,1,1,1,1,1,1,1,1,1,1,1,1,1,1,1,6,1,1,1,1,1,1,1,1,1,1,1,1,1,1,1,6,9,1,6,6,1,6,1,6,1,6,1,6,1,1,1,1,1,1,1,1,1,1,1,6,1,6,1,1,1,1,1,1,1,1,1,1,1,1,1,1,1,1,6,1,1,1,1,6,6,1,1,6,6,1,9,1,1,9,9,9,9,9,9,9,1,1,6,6,6,6,1,1,6,6,1,6,1,1,1,1,1,1,1,1,6,1,1,1,1,1,1,6,6,6,6,6,6,6,6,6,1,1,6,6,1,1,1,1,1,1,1,1,1,1,1,1,1,1,1,1,1,1,6,1,6,1,1,1,6,6,1,6,1,1,6,1,1,1,9,9,9,1,1,6,1,1,1,6,1,6,6,1,1,1,6,6,6,6,6,6,1,1,1,1,1,1,1,6,1,1,1,6,1,1,6,1,1,1,1,1,1,1,1,1,1,1,1,1,1,6,6,6,6,1,1,1,1,1,1,6,6,1,6,6,1,6,1,1,1,1,1,6,1,1,1,1,1,1,1,1,1,9,9,1,1,1,1,6,1,1,1,6,1,1,1,6,6,6,6,1,1,1,1,1,1,1,1,1,1,1,1,1,1,1,1,1,1,1,1,1,6,6,1,1,1,1,1,1,9,9,1,1,1,1,1,1,1,9,1,1,1,6,1,1,1,1,1,1,1,1,1,1,1,1,1,1,1,1,1,1,1,1,1,1,1,1,1,1,1,1,1,1,1,1,1,1,1,1,1,1,1,1,1,1,1,1,1,1,1,1,1,1,1,1,1,1,1,1,1,1,1,1,1,1,6,1,1
376,29546,JONES,200,1,9,1,6,6,6,1,6,6,6,1,6,1,6,1,6,1,6,6,1,6,1,9,9,9,9,9,1,6,1,1,1,6,1,1,1,1,6,1,1,6,6,6,1,1,1,1,1,1,6,6,6,6,1,1,6,6,9,9,9,9,9,9,9,1,6,1,1,1,1,6,1,9,9,9,9,9,1,1,1,1,1,1,1,1,1,1,1,1,1,1,1,1,1,6,1,1,1,1,7,1,1,1,1,6,6,6,6,6,1,1,6,6,1,1,1,1,1,1,1,6,1,1,1,1,1,6,6,1,6,6,6,6,6,6,1,1,1,1,1,1,1,1,1,1,1,6,1,1,1,6,9,9,9,9,9,9,1,1,6,6,1,1,1,6,1,1,1,1,1,6,1,1,6,1,1,1,1,1,1,6,1,1,1,1,6,1,6,1,1,6,1,6,1,6,1,1,1,1,6,6,6,1,1,1,1,1,6,1,1,1,6,1,9,6,6,1,6,1,1,6,1,6,1,1,6,1,6,6,1,1,1,1,1,6,9,9,9,6,1,1,6,1,6,6,1,1,6,1,6,6,6,6,1,6,1,6,6,1,6,1,6,1,1,1,1,6,1,1,6,1,1,6,6,1,1,1,1,1,1,1,6,1,1,1,1,6,1,6,6,6,6,1,6,6,6,6,6,1,1,6,1,6,1,1,1,1,1,6,6,6,1,6,1,1,1,6,1,6,1,6,1,1,1,1,1,6,1,1,1,1,9,9,6,6,6,1,6,1,6,1,1,1,1,6,1,1,1,1,1,6,1,1,6,1,1,1,1,6,1,1,1,6,6,6,1,1,1,1,1,9,9,9,9,9,9,9,1,1,6,1,1,1,1,6,6,6,6,1,1,6,6,1,6,6,1,1,6,6,1,1,6,6,6,1,6,6,1,1,1,6,1,6,6,6,6,6,1,6,6,6,6,6,6,6,6,1,1,1,1,6,1,1,6,6,6,1,1,6,1,1,6,6,1,1,1,1,6,6,6,1,1,1,1,1,1,6,6,6,6,6,1,1,6,6,6,1,1,1,1,1,1,1,6,6,6,1,1,9,9,9,9,9,1,1,1,1,1,6,1,1,1,1,6,6,1,1,1,1,6,1,1,1,1,1,6,1,1,1,1,1,1,6,6,6,1,1,1,6,1,1,1,1,6,1,6,6,6,6,1,1,1,1,1,6,6,1,6,1,6,6,1,1,1,1,1,6,1,9,1,1,6,6,6,6,6,1,1,1,1,1,1,1,6,6,6,1,1,6,9,1,1,6,6,6,6,1,1,1,1,6,6,6,6,1,6,1,6,1,1,1,1,1,6,1,1,1,1,6,1,6,1,1,6,1,9,9,9,6,1,6,1,1,6,1,1,1,1,6,1,6,6,1,1,1,1,6,6,6,6,6,1,1,1,1,6,1,1,6,1,1,6,1,1,1,1,6,1,1,6,9,6,6,1,1,6,1,1,6,1,1,1,6,6,6,6,6,1,6,6,1,1,1,6,1,1,1,1,6,6,6,6,6,1,1,1,1,6,1,6,6,1,6,1,6,1,6,6,1,1,6,1,9,9,9,9,9,9,9,6,1,1,6,6,6,6,1,1,1,1,6,1,1,6,1,1,1,1,1,6,1,6,6,6,1,6,1,1,1,6,6,6,1,1,6,9,9,9,9,9,9,1,1,1,1,9,9,1,6,1,1,1,1,1,1,6,6,9,9,9,9,9,9,9,9,9,1,1,1,1,1,1,1,6,6,6,1,6,6,1,1,1,1,9,1,6,6,6,1,1,1,1,1,1,1,1,1,1,1,1,1,1,6,1,6,1,6,6,6,1,1,9,9,9,9,9,9,9,9,9,9,9,9,9,9,9,1,1,1,6,1,6,1,6,1,6,1,1,1,6,1,1,1,1,1,6,6,1,1,1,1,6,6,1,1,6,6,1,9,9,9,9,9,9,9,9,9,9,9,9,9,9,9,9,9,9,9,1,1,1,6,6,1,1,1,1,6,1,1,6,6,6,1,6,1,1,1,1,1,1,6,6,6,1,1,1,6,1,6,6,1,1,6,1,1,1,1,1,1,1,1,1,1,1,1,6,6,6,6,6,1,6,6,6,6,6,6,6,6,1,1,1,1,1,1,1,6,1,1,1,1,6,1,6,6,1,6,1,1,1,6,9,9,9,9,1,1,1,1,1,6,6,6,6,6,1,1,6,1,1,6,1,6,6,6,1,1,1,6,1,1,1,6,6,1,6,6,6,6,1,9,9,9,9,9,9,9,9,9,9,6,9,6,1,1,1,1,1,1,6,1,6,6,9,9,1,1,1,6,1,6,1,6,1,1,1,1,1,1,1,1,1,1,1,1,1,1,1,1,1,1,6,1,1,1,1,1,1,6,9,9,9,1,1,1,1,6,1,6,1,1,1,6,6,9,9,9,9,1,1,1,1,1,1,1,1,6,1,6,9,9,9,9,9,9,9,1,1,1,6,6,6,1,1,6,9,9,9,9,9,9,9,9,9,9,9,9,9,9,9,9,9,9,9,9,9,9,9,9,9,9,9,9,9,9,9,9,9,9,9,9,9,9,9,9,9,9,9,9,9,9,9,9,9,9,9,9,9,9,9,9,9,9,9,9,9,9,9,9,9,9,9,9,9,9,9,9,9,9,9,9,9,9,9,9,9,9,9,9,9,9,9,9,9,9,9
377,29550,CHABOT,200,1,1,1,6,1,6,1,1,1,1,1,6,6,6,6,6,6,6,6,1,6,1,1,1,1,1,1,6,6,1,1,1,1,1,1,6,6,6,6,6,6,6,6,1,6,6,6,6,6,1,1,6,1,1,1,6,1,1,1,1,1,1,6,1,1,1,1,1,1,1,1,1,1,1,1,1,1,1,1,1,1,1,1,1,1,1,1,1,1,1,1,1,1,1,1,1,1,1,1,1,1,1,1,1,6,6,6,6,6,6,6,6,1,1,1,1,6,6,1,1,6,1,6,6,1,1,1,1,1,1,6,1,6,6,1,1,1,1,6,6,6,6,6,6,6,6,1,6,6,6,1,6,6,6,6,6,1,1,1,1,1,1,1,6,6,6,1,1,1,1,1,1,1,1,1,1,1,1,1,1,1,6,1,6,1,1,1,1,1,1,1,1,1,1,1,1,1,1,1,1,1,1,1,6,1,6,1,1,1,1,1,1,1,6,1,1,1,1,1,1,1,1,1,1,1,1,1,1,1,1,1,1,1,1,1,1,1,1,1,1,1,6,1,1,1,1,1,6,1,1,1,1,1,1,1,1,1,1,1,1,1,1,1,1,1,6,1,1,1,1,1,1,1,1,1,1,1,6,6,6,1,6,1,1,1,1,1,1,1,1,1,6,1,1,1,1,1,1,1,1,1,1,1,6,1,1,1,1,1,1,1,1,6,1,1,1,6,1,1,1,1,1,1,1,1,1,1,1,1,1,1,1,1,6,6,1,1,1,1,6,1,6,1,1,1,1,1,1,6,6,1,6,1,1,1,6,6,6,6,6,1,6,6,1,6,1,1,1,1,6,1,1,1,1,1,6,1,1,1,1,1,1,1,6,6,6,6,6,6,1,1,1,1,6,6,6,1,6,6,6,1,1,6,6,1,1,1,1,1,1,1,1,1,1,1,1,6,1,6,6,6,6,6,6,1,1,1,1,6,6,6,6,6,1,1,1,1,1,1,1,1,1,1,1,1,1,1,1,6,1,1,1,1,1,1,1,1,6,6,6,6,1,1,6,6,1,1,6,1,6,1,6,1,6,6,6,1,1,1,1,1,6,1,1,1,1,1,1,6,6,1,6,1,6,6,1,1,6,6,6,6,6,6,6,6,6,1,1,1,1,1,1,6,1,6,1,1,1,6,6,6,6,1,1,6,6,1,1,1,1,1,1,1,6,6,1,1,1,1,6,1,1,1,1,1,1,6,1,1,1,1,6,6,1,6,1,1,1,1,1,1,1,6,1,6,6,1,1,1,1,1,1,1,6,6,6,6,6,1,1,1,1,1,6,6,6,1,1,1,1,1,1,6,6,1,6,1,1,1,1,1,1,1,6,1,1,1,1,1,1,1,6,1,1,1,1,1,6,1,1,1,1,1,1,1,1,1,6,1,1,1,1,1,1,1,1,1,1,1,1,6,9,1,1,6,6,1,1,6,1,1,1,6,1,1,1,1,1,1,1,6,1,1,1,1,1,1,1,1,1,1,1,6,1,1,1,1,1,1,6,1,6,1,1,1,1,1,1,1,6,1,1,1,1,1,1,1,1,1,6,1,1,1,1,1,1,1,6,1,1,1,1,6,6,6,1,1,1,1,1,1,6,6,1,1,1,1,1,1,1,1,1,1,1,1,1,1,1,6,1,1,1,1,1,6,1,1,1,1,1,1,1,1,1,1,1,1,1,1,1,1,1,1,1,1,1,1,1,1,1,1,1,1,1,1,6,1,1,1,1,1,1,6,1,1,6,1,1,1,1,1,1,1,1,6,1,1,1,1,1,6,1,1,1,6,1,6,1,1,1,1,1,1,6,1,6,1,6,1,1,1,1,1,1,1,1,6,1,1,1,1,1,1,1,1,1,1,1,1,1,1,1,6,1,1,1,1,1,1,1,1,1,1,1,9,9,1,1,6,1,1,6,6,1,6,1,6,1,1,1,6,1,1,1,1,1,1,1,1,1,1,1,6,1,6,1,1,1,1,1,1,1,1,1,1,1,1,1,1,1,1,1,1,1,1,6,1,6,1,1,6,1,1,1,1,1,1,1,1,6,1,1,1,1,1,6,6,6,6,1,1,6,6,1,6,1,1,1,1,1,1,1,1,6,1,1,1,1,1,1,6,6,1,6,6,1,6,1,1,1,1,6,6,1,1,1,1,1,1,1,1,1,1,1,1,1,1,1,1,1,1,6,1,6,1,1,1,6,1,1,1,1,1,6,1,1,1,1,1,1,1,1,6,1,1,1,6,1,6,1,1,1,1,1,1,1,6,6,6,1,1,1,1,1,1,1,6,1,1,1,6,1,1,6,1,1,1,1,1,1,1,1,1,1,1,1,1,1,6,6,6,1,1,1,1,1,1,1,6,1,1,1,1,1,6,1,1,1,1,1,6,1,1,1,1,1,1,1,1,6,1,6,1,1,1,1,6,1,1,1,6,1,1,1,6,6,6,6,1,1,1,1,1,1,1,1,1,1,1,1,1,6,1,1,1,1,1,1,1,6,1,1,1,1,1,1,1,1,1,1,1,1,1,1,1,1,1,1,1,1,6,1,1,1,1,1,1,1,1,1,1,1,1,1,1,1,1,1,1,1,1,1,1,1,1,1,1,1,1,1,1,1,1,1,1,1,1,1,1,1,1,1,1,1,1,1,1,1,1,1,1,1,1,1,1,1,1,1,1,1,1,1,1,1,1,1
378,29561,DOYLE,100,6,6,6,1,6,1,6,6,6,6,6,1,1,1,1,1,1,1,1,6,1,6,1,1,6,6,6,1,1,1,6,6,1,6,6,1,1,1,1,1,1,1,1,6,1,1,1,1,1,6,6,1,6,6,6,1,6,6,1,1,6,6,1,6,1,1,6,6,6,6,6,6,6,6,6,6,6,1,1,6,6,6,6,6,1,1,6,6,6,6,6,6,6,6,6,6,6,6,1,6,1,6,6,1,1,1,1,1,1,1,1,1,6,6,6,6,1,1,6,6,1,6,1,1,6,1,6,6,6,6,1,6,1,1,1,1,6,6,1,1,1,1,1,1,1,1,6,1,1,1,6,1,1,1,1,1,6,1,1,6,6,6,6,1,1,1,6,6,1,1,9,1,1,1,6,6,1,6,6,1,6,1,1,1,6,1,6,6,6,6,6,1,6,1,1,6,6,6,6,6,6,6,6,1,6,1,6,1,1,6,6,6,6,1,6,6,6,6,1,1,1,1,6,6,6,6,6,6,6,1,1,1,6,6,1,1,1,1,6,6,1,1,6,6,6,6,1,1,1,6,6,6,6,1,6,1,1,6,6,6,1,6,6,6,1,1,6,1,1,6,6,1,6,6,6,1,1,1,1,1,6,1,1,1,1,1,6,6,6,6,6,1,6,6,6,6,6,6,9,9,6,6,6,1,6,1,6,1,1,6,6,6,1,1,6,6,1,6,1,6,1,1,1,6,6,6,1,1,1,6,6,6,6,6,1,6,1,6,6,1,6,1,6,1,1,6,6,1,1,1,6,9,6,6,6,6,1,1,1,1,6,1,1,6,1,6,6,6,6,6,6,6,6,6,1,1,6,1,1,1,6,6,1,1,1,1,1,1,1,6,6,6,6,1,6,1,6,1,1,1,6,1,1,1,6,6,6,1,6,6,6,1,6,6,6,6,1,6,6,6,1,1,1,1,6,6,6,6,1,1,1,1,1,6,6,1,1,1,1,1,6,6,6,6,6,6,6,6,1,6,6,6,6,6,6,6,6,1,1,1,1,6,6,1,1,6,6,6,6,1,1,1,6,1,1,1,6,6,1,6,6,1,6,1,6,6,6,6,1,1,6,1,6,1,1,6,6,1,1,1,1,1,6,1,1,1,6,6,6,6,6,6,1,6,1,6,6,6,1,1,1,1,6,6,1,1,6,1,6,1,6,6,6,1,1,6,6,6,1,1,6,6,1,1,6,6,1,6,1,9,9,9,9,9,9,9,1,1,6,6,1,1,1,1,1,1,1,1,1,1,6,6,1,1,1,1,1,1,6,1,6,6,6,1,1,1,6,6,1,1,6,6,1,1,6,1,6,1,6,6,6,6,6,1,6,1,1,1,6,6,6,1,6,1,6,6,1,1,1,1,6,1,1,6,6,6,6,1,6,6,6,6,1,1,1,6,1,1,6,6,1,6,6,6,1,1,6,1,1,6,9,6,1,1,1,1,1,6,6,1,1,6,1,6,6,1,6,1,6,1,1,1,1,6,6,6,6,6,6,1,6,1,6,6,1,1,6,6,1,1,6,1,6,1,6,6,6,6,1,1,6,6,6,6,1,6,6,6,1,1,1,1,1,1,1,6,6,6,6,1,6,1,1,6,1,1,1,6,6,1,1,6,1,6,6,6,6,6,1,6,6,1,1,6,6,6,6,6,6,1,1,1,1,6,6,6,1,1,6,6,6,6,1,6,6,6,6,1,1,6,1,6,6,6,6,1,1,1,6,6,1,1,1,6,6,1,6,1,1,6,6,6,6,6,1,6,1,1,1,1,1,6,6,6,1,6,1,6,9,9,6,6,1,1,6,1,6,1,6,6,6,1,1,6,6,1,1,6,6,6,6,1,1,1,1,1,1,1,6,6,6,6,1,6,6,6,1,1,1,6,6,1,1,1,1,1,6,6,1,6,1,1,6,6,6,6,1,1,6,6,1,1,6,1,1,6,6,6,6,6,6,6,1,6,6,1,6,9,9,9,6,6,6,1,1,1,6,6,6,6,6,6,6,6,6,6,6,6,1,6,1,6,9,9,9,9,6,6,6,1,6,1,6,6,6,1,6,1,1,6,1,1,1,1,1,6,6,1,1,1,6,6,6,1,1,1,6,6,6,6,1,1,6,1,1,6,1,6,6,6,6,1,1,6,1,1,6,6,6,1,1,1,6,6,6,1,1,6,6,6,6,1,6,1,1,6,6,1,6,6,6,6,6,1,1,1,1,6,6,1,6,1,1,6,6,6,1,1,6,6,6,6,6,6,6,1,1,1,1,1,1,1,6,6,6,6,1,6,6,6,1,6,6,1,6,9,9,6,6,1,1,1,1,7,1,6,6,6,1,1,1,6,6,6,6,6,6,6,1,6,6,6,6,6,1,6,6,6,6,6,1,6,1,1,6,6,6,6,6,1,1,1,6,6,6,1,1,6,6,6,1,1,6,6,1,1,1,1,1,6,1,1,1,6,1,1,1,1,6,6,1,1,6,1,1,6,6,6,1,1,6,1,1,1,6,1,6,1,1,6,1,1,1,1,1,1,1,6,6,6,1,1,1,1,1,1,1,1,1,1,1,1,6,1,1,1,1,1,1,1,1,1,1,1,1,1,1,1,1,6,1,1,1,6,6,6,6,1,6,9,1,1,1,1,1,1,1,1,1,1,1,6,1,1,1,1,1,1,1,1,6,1,1,6,6,1
379,29565,SANFORD,200,1,1,1,6,1,6,1,1,1,1,1,6,6,6,6,6,6,6,6,1,6,1,1,1,1,1,1,6,6,1,1,1,6,1,1,6,6,6,6,6,6,6,6,1,6,6,6,6,6,1,1,6,1,1,1,6,1,1,1,1,1,1,6,1,1,6,1,1,1,1,1,6,1,1,1,1,6,1,1,1,1,1,1,1,1,1,1,1,1,1,1,1,1,1,1,1,1,1,1,7,1,1,1,1,6,6,6,6,6,6,6,6,1,1,1,1,6,6,1,1,6,1,6,6,1,6,7,1,1,1,6,1,6,6,1,1,1,1,6,6,6,6,6,6,6,6,1,6,6,6,6,6,6,6,6,6,1,1,1,7,1,1,1,6,6,6,1,1,1,1,1,1,1,1,1,1,1,1,1,1,7,6,1,6,1,6,1,1,6,1,1,1,6,1,6,1,1,1,1,7,6,1,1,6,6,6,1,1,1,1,1,1,1,6,1,1,1,7,1,1,1,1,1,1,1,1,1,1,1,1,1,1,1,1,1,1,1,1,1,1,1,6,1,6,1,1,1,6,1,6,1,1,6,1,1,1,1,1,1,7,1,1,1,1,1,1,6,1,1,1,1,1,7,1,1,1,1,6,6,6,1,6,1,1,1,1,1,1,1,1,7,6,1,1,1,1,1,1,1,1,1,1,6,6,1,1,1,6,6,7,1,1,6,1,1,1,6,1,1,1,6,1,1,1,1,6,1,1,1,1,1,6,6,6,6,1,1,1,1,6,1,6,1,1,1,1,1,1,6,6,6,9,9,9,9,9,9,9,9,9,9,9,9,9,9,9,9,9,9,9,6,6,1,1,1,6,1,1,1,6,1,1,1,6,6,6,6,6,6,6,7,1,1,6,6,6,1,6,6,6,1,6,6,6,1,6,1,1,1,1,1,1,1,1,6,6,6,1,1,1,1,6,6,6,1,1,1,1,6,1,1,6,6,6,1,6,1,1,1,1,1,1,1,1,1,1,1,1,6,1,1,1,1,1,1,1,1,6,6,6,6,1,1,6,6,6,1,1,1,6,6,6,1,6,1,6,1,1,6,1,1,1,6,1,1,1,6,1,1,6,1,6,1,6,6,1,1,6,6,6,6,6,1,6,6,6,1,1,1,1,1,1,6,1,6,1,1,1,6,6,6,6,1,1,1,6,6,1,6,1,1,1,1,6,6,1,1,1,1,6,6,1,1,1,1,1,6,1,1,1,1,6,6,1,6,1,1,1,1,1,1,1,6,6,6,6,1,1,1,1,1,1,1,6,6,6,6,6,1,1,1,1,1,6,6,6,1,6,1,1,1,1,6,6,1,6,6,1,1,1,1,1,1,6,1,1,1,1,1,1,1,6,1,1,9,9,9,6,1,1,1,6,1,6,1,1,6,6,1,1,1,1,1,1,1,1,1,1,1,1,6,6,1,1,6,6,1,6,6,1,1,1,6,6,1,6,1,1,1,1,6,1,1,1,1,1,1,1,1,6,9,9,6,1,1,1,1,1,1,6,1,6,1,1,1,6,1,1,6,6,1,1,1,1,1,1,1,1,1,6,1,1,1,1,1,1,1,6,1,1,1,1,6,6,6,1,1,1,1,1,1,1,6,6,1,1,1,1,1,1,1,6,1,1,1,1,1,1,6,1,1,1,1,1,6,1,1,1,1,1,1,6,6,1,1,6,1,1,1,1,1,1,1,1,1,1,6,1,1,1,1,6,1,1,1,6,1,1,1,1,1,1,6,1,1,6,1,6,6,1,1,1,1,1,6,6,6,6,1,1,6,1,1,1,6,1,6,6,1,6,1,1,6,6,1,6,1,6,1,1,1,1,1,1,1,1,6,1,6,1,6,1,1,6,1,1,1,1,6,1,1,1,6,1,1,1,1,1,1,1,1,6,1,1,1,6,1,1,6,6,1,6,6,1,6,1,6,1,1,1,6,1,1,1,1,1,1,1,1,1,1,6,6,1,6,1,6,1,1,1,1,1,1,1,6,1,1,1,6,1,1,1,1,1,1,6,1,1,6,1,6,6,1,1,1,1,1,1,1,6,1,1,1,1,1,6,1,1,1,1,1,6,6,6,1,1,1,1,6,1,1,1,1,6,1,6,1,1,6,1,6,6,1,1,6,1,6,1,1,1,1,6,6,6,9,9,9,1,1,1,6,1,6,6,6,9,9,9,1,1,1,6,6,6,1,1,1,6,1,1,6,1,1,6,6,1,1,1,1,1,6,1,6,6,1,1,6,1,1,1,1,1,1,6,6,6,6,1,6,1,6,1,1,1,1,1,6,6,9,9,6,6,6,6,1,1,1,1,1,1,6,1,6,1,1,1,1,6,6,6,6,1,6,1,6,6,1,1,1,6,6,1,1,1,6,1,1,1,1,1,6,1,1,6,1,1,1,1,1,1,1,6,1,1,1,1,6,6,9,9,6,6,1,1,6,6,6,6,6,1,9,9,9,9,9,9,6,6,1,1,1,6,1,1,6,1,1,1,1,6,1,6,7,1,6,1,6,6,6,1,6,1,7,7,1,1,1,1,6,6,6,1,6,6,6,6,1,6,1,1,6,6,1,6,6,1,1,1,1,1,1,6,1,1,1,6,1,1,1,6,1,1,1,1,1,1,6,1,1,1,1,1,1,1,1,7,1,1,1,1,1,1,1,6,6,1,1,1,1,1,6,6,7,1,1,1
380,29571,DOGGETT,100,6,6,6,1,6,1,6,6,6,6,6,1,1,1,1,1,1,1,1,6,1,6,1,1,6,6,1,1,1,6,6,6,1,6,6,1,1,1,1,1,1,1,1,6,1,1,1,1,1,6,6,1,6,6,6,1,6,6,1,1,6,6,1,6,1,1,6,6,6,6,6,6,6,6,6,6,6,1,1,6,6,6,6,6,1,1,6,6,6,6,1,6,6,6,6,6,6,6,1,6,1,6,6,1,1,1,1,1,1,1,1,1,6,6,6,6,9,1,6,6,1,6,1,1,6,1,6,6,6,6,1,6,1,1,1,1,6,6,1,1,1,1,1,1,1,1,6,1,9,1,6,1,1,1,1,1,6,1,1,6,6,6,1,1,1,1,6,6,1,1,1,1,1,1,6,6,1,6,6,1,6,1,1,1,6,1,6,6,1,6,6,1,1,1,1,6,6,6,6,6,6,6,6,1,6,1,6,1,1,6,6,6,6,1,6,6,6,6,1,1,1,1,6,6,1,1,1,6,6,1,1,1,1,6,1,1,1,1,6,6,1,1,6,1,6,6,1,1,1,9,6,6,1,1,6,1,1,6,6,6,1,6,6,6,1,1,6,1,1,6,6,1,6,6,6,1,1,1,1,1,6,1,1,1,1,1,6,6,6,6,6,1,6,6,6,6,6,6,1,1,6,6,1,1,6,1,6,1,1,6,6,6,1,6,6,6,1,9,1,6,6,1,1,6,6,1,1,1,1,6,6,9,6,6,1,6,1,6,6,1,6,1,6,1,1,6,6,1,1,1,6,1,6,6,6,6,1,1,1,1,6,1,1,1,1,6,6,6,6,6,6,6,6,6,1,1,1,1,1,1,6,6,1,1,1,1,1,1,1,6,6,6,6,1,1,1,6,1,1,1,6,6,1,1,6,6,6,1,6,6,6,1,6,6,6,6,1,6,1,1,1,1,1,1,6,6,6,6,1,1,1,1,1,6,6,1,1,1,1,1,6,6,1,6,6,6,6,6,1,6,6,6,6,6,6,6,6,1,1,1,1,6,6,1,1,6,6,6,6,1,6,1,6,1,1,1,6,6,1,6,6,1,6,1,6,6,6,6,1,1,6,1,6,1,1,6,6,1,1,1,1,1,6,1,1,1,6,6,6,6,6,6,1,6,1,6,6,6,1,1,1,1,6,6,1,1,6,1,6,1,6,6,1,1,1,6,6,6,1,1,6,6,1,1,6,6,1,6,1,6,6,1,1,6,1,6,1,1,6,6,1,1,1,1,1,1,1,1,1,1,6,6,9,1,1,1,1,1,6,1,6,6,1,1,1,1,6,6,1,1,6,6,1,1,6,1,6,1,6,6,6,6,6,1,6,1,1,1,6,6,1,1,6,1,6,6,1,1,6,1,6,6,1,1,6,6,1,1,1,1,6,6,1,1,1,6,1,6,6,6,1,6,6,6,1,1,6,1,1,6,1,6,1,1,1,1,6,6,6,1,1,6,1,6,9,1,6,1,6,1,1,1,1,6,6,6,6,6,6,1,6,1,6,6,1,1,6,6,1,1,6,1,6,1,1,6,6,6,1,1,6,1,6,6,1,1,6,6,1,1,1,1,9,9,9,6,6,6,6,1,1,1,1,6,1,1,1,6,6,1,1,6,1,1,6,6,6,6,1,6,6,1,6,6,6,6,1,6,6,1,6,1,1,6,6,6,1,1,1,6,6,6,6,6,6,6,6,1,1,1,6,6,6,6,6,6,1,1,6,6,1,1,1,6,6,1,6,9,9,6,6,6,6,6,1,6,1,1,1,1,1,6,6,6,1,6,1,6,6,1,6,6,1,1,6,1,6,1,6,6,6,1,1,6,6,1,1,6,1,6,6,1,1,6,1,1,1,1,9,6,6,6,1,6,6,6,1,1,1,6,6,1,1,1,1,1,6,6,1,6,1,1,6,6,1,6,1,1,6,6,1,1,9,1,1,6,6,6,6,6,9,6,1,6,1,6,1,1,1,1,6,6,6,1,1,1,6,6,1,1,6,6,6,6,6,6,6,6,1,6,1,6,9,1,1,1,6,6,1,1,6,6,6,6,6,6,1,1,1,6,1,6,6,1,1,6,9,1,1,1,6,6,1,1,1,1,6,6,1,6,1,1,6,1,1,6,1,6,6,6,6,1,1,6,1,1,9,6,6,1,1,6,6,6,6,1,1,1,6,6,6,1,6,1,1,6,6,1,6,6,6,6,6,1,1,9,9,6,6,1,6,1,1,6,6,6,1,1,6,1,6,6,6,6,6,9,1,6,1,1,1,1,6,6,6,6,1,6,6,6,1,6,6,1,6,1,1,6,6,1,1,1,1,6,1,6,6,6,1,1,1,6,6,6,6,6,6,6,1,6,6,6,6,6,1,6,6,6,6,6,1,6,1,1,6,6,6,6,6,1,1,1,6,6,6,1,1,6,6,6,1,1,6,6,1,1,1,1,6,6,1,1,1,6,1,1,1,1,6,6,1,1,6,1,6,6,6,6,6,1,6,1,1,1,6,1,6,1,1,6,1,1,1,1,9,1,1,6,6,1,6,1,1,1,1,1,1,1,1,1,1,1,6,1,1,1,1,1,1,1,1,1,1,1,1,1,1,1,1,6,1,1,1,6,6,6,6,1,6,1,1,1,1,1,1,1,1,1,1,1,1,6,1,1,1,1,1,1,1,1,6,1,1,6,6,1
381,29572,THORNBERRY,200,1,1,1,6,1,6,1,1,1,1,1,6,6,6,6,6,6,6,6,1,6,1,1,1,1,1,1,6,6,1,1,1,1,1,1,6,6,6,6,6,6,6,6,1,6,6,6,6,6,1,1,6,1,1,1,6,1,1,1,1,1,1,6,1,1,1,1,1,1,1,1,1,1,1,1,1,1,1,1,1,1,1,1,1,1,1,1,1,1,1,1,1,1,1,1,1,1,1,1,1,1,1,1,1,6,6,6,6,6,6,6,6,1,1,1,1,6,6,1,1,6,1,6,6,1,1,1,1,1,1,6,1,6,6,1,1,1,1,6,6,6,6,6,6,6,6,1,6,6,6,1,6,6,6,6,6,1,1,1,1,1,1,1,6,6,6,1,1,1,1,1,1,1,1,1,1,1,1,1,1,1,6,1,6,1,1,1,1,1,1,1,1,1,1,1,1,1,1,1,1,1,1,1,6,1,6,1,1,1,1,1,1,1,6,1,1,1,1,1,1,1,1,1,1,1,1,1,1,1,1,1,1,1,1,1,1,1,1,1,1,1,6,1,1,1,1,1,1,1,1,1,1,1,1,1,1,1,1,1,1,1,1,1,1,1,6,1,1,1,1,1,1,1,1,1,1,1,6,6,6,1,6,1,1,1,9,1,1,1,1,1,6,1,1,1,1,1,1,1,1,1,1,1,6,1,1,1,1,1,1,1,1,6,1,1,1,6,1,1,1,1,1,1,1,1,1,1,1,1,1,1,1,1,6,6,1,1,1,1,6,1,6,1,1,1,1,1,1,6,6,1,6,1,1,1,6,6,6,6,6,1,6,6,6,6,1,1,1,1,6,1,1,1,1,1,6,1,1,1,1,1,1,1,6,6,6,6,6,6,1,1,1,1,6,6,6,1,6,6,6,1,1,6,6,1,1,1,1,1,1,1,1,1,1,6,6,6,1,6,6,6,6,6,6,1,1,6,1,6,1,6,6,6,1,1,1,1,1,1,1,1,1,1,1,1,1,1,6,6,6,6,1,6,1,1,1,1,6,6,6,6,1,1,6,6,1,1,6,1,6,1,6,1,6,6,6,1,1,6,1,1,6,1,1,1,1,1,1,6,6,1,6,6,6,6,1,1,6,6,6,6,6,1,6,6,6,6,1,1,1,1,1,6,1,6,1,1,1,6,6,6,6,1,1,6,6,1,1,1,1,1,1,1,6,6,1,1,1,1,6,1,1,1,1,1,1,6,1,1,1,1,6,6,6,6,1,9,9,1,1,1,1,6,1,1,6,1,1,1,1,1,1,1,6,6,6,6,6,1,1,1,1,1,6,6,6,1,1,1,9,1,1,6,6,1,6,1,1,1,1,1,1,1,6,1,9,9,9,1,1,1,6,1,1,1,1,1,6,1,1,1,1,1,1,1,1,1,6,1,1,1,1,1,1,1,1,1,1,1,1,6,1,1,1,6,6,1,1,6,1,1,1,6,1,1,1,1,1,1,1,6,1,1,1,1,1,1,1,1,1,1,1,6,1,1,1,1,1,1,6,1,6,1,1,1,1,1,1,1,6,1,1,1,1,1,1,1,1,1,6,1,1,1,1,1,1,1,1,1,1,1,1,6,6,6,1,1,1,1,1,1,6,6,1,1,1,1,1,1,1,1,1,1,1,1,1,1,1,6,1,1,1,1,1,6,1,1,1,1,1,1,1,1,1,1,1,1,1,1,1,1,1,1,1,1,1,1,1,1,1,1,1,1,1,1,1,1,1,1,1,1,1,6,1,1,6,1,1,1,1,1,1,1,1,6,1,1,1,1,1,6,1,1,1,6,1,6,1,1,1,1,1,1,6,1,6,1,6,1,1,1,1,1,1,1,1,6,1,1,1,1,1,1,1,1,1,1,1,1,1,1,1,6,1,1,1,1,1,1,1,1,1,1,1,1,1,1,1,6,1,1,6,6,1,6,1,6,1,6,1,6,1,1,1,1,1,1,1,1,1,1,1,6,1,6,1,1,1,1,1,9,1,1,1,1,1,1,1,1,6,6,6,1,6,1,1,6,6,1,1,6,1,1,9,9,9,1,1,1,6,1,1,1,1,1,6,6,6,6,1,1,6,6,1,6,1,1,1,1,1,1,1,1,6,1,1,1,1,1,1,6,6,6,6,6,6,6,6,6,1,1,6,6,1,1,1,1,1,1,1,1,1,1,1,1,1,1,1,9,9,9,6,1,6,1,1,1,6,1,1,1,1,1,6,1,1,1,1,1,1,1,1,6,1,1,1,6,1,1,6,1,1,1,1,1,1,6,1,6,1,1,1,1,1,1,1,6,1,1,1,6,1,1,6,1,1,1,1,1,1,1,1,1,1,1,1,1,1,6,6,6,6,1,1,1,1,1,1,6,1,1,1,1,1,6,1,1,1,1,1,6,1,1,1,1,1,1,1,1,1,1,6,1,1,1,1,6,1,1,1,9,9,1,1,6,6,6,6,1,1,1,1,1,1,1,1,1,1,1,1,1,1,1,1,1,1,1,1,1,6,1,1,1,1,1,1,1,1,1,1,6,1,1,1,1,1,1,1,1,1,1,1,9,9,9,9,9,9,9,9,9,9,1,1,1,1,1,1,1,1,1,1,1,1,1,1,1,1,1,1,1,1,1,1,1,1,1,1,1,1,1,1,1,1,1,1,1,1,1,1,1,1,1,1,6,1,1,1,1,1,1,1,1,1,1,1
382,29573,JACKSO,100,6,6,6,1,6,1,6,6,6,1,6,1,1,1,1,1,1,1,1,6,1,6,1,1,6,6,6,9,9,9,9,9,9,6,6,1,1,1,1,1,1,1,1,6,1,1,1,1,1,6,6,1,6,6,6,1,6,6,1,1,6,6,1,6,9,1,6,6,6,6,6,6,6,6,6,6,9,1,1,9,9,6,6,6,1,1,6,6,6,6,1,6,6,6,6,6,6,6,1,6,1,6,6,1,1,6,1,1,1,1,1,1,6,6,6,6,1,1,6,6,1,6,1,1,6,1,6,6,6,6,1,6,1,1,1,1,6,6,1,1,1,1,1,1,1,1,6,1,1,1,6,1,1,1,1,1,6,1,1,6,6,6,6,1,1,1,6,6,9,1,6,1,1,1,6,6,1,6,6,1,6,1,1,1,6,1,6,6,9,6,6,1,6,1,1,6,6,6,6,6,6,6,6,1,6,1,6,1,1,6,6,6,6,1,6,6,6,6,1,1,1,1,6,6,1,1,6,6,6,1,1,1,6,6,1,1,1,1,6,6,1,1,6,6,6,6,1,1,1,6,6,6,6,1,6,1,1,6,6,6,1,6,6,6,1,1,6,6,7,6,6,1,6,6,6,1,1,1,1,1,6,1,6,1,1,1,6,6,6,6,9,9,6,6,6,6,6,6,1,1,6,6,6,1,6,6,6,1,1,6,6,6,1,6,6,6,1,6,1,6,1,1,1,6,6,6,1,1,1,6,6,6,6,6,1,6,1,6,6,1,6,1,6,1,1,6,6,1,1,1,6,1,6,6,6,1,1,1,1,1,6,1,1,6,6,6,6,6,6,1,6,6,1,6,1,1,1,1,1,1,9,9,9,1,1,1,1,1,1,6,6,6,6,1,1,1,1,1,1,1,6,1,1,1,6,6,6,1,6,6,6,1,6,6,6,6,1,6,1,1,1,1,1,1,6,6,6,6,1,1,1,1,1,6,6,1,1,1,1,1,9,6,6,6,6,6,6,6,1,6,6,6,6,6,6,6,6,1,1,1,1,6,6,1,1,6,6,6,6,1,6,1,6,1,1,1,6,6,1,6,6,6,9,1,6,6,6,6,1,1,6,1,6,1,1,6,6,1,1,1,1,1,1,1,1,1,6,6,6,6,6,6,1,6,1,6,6,6,1,1,1,1,6,6,1,1,6,1,1,1,6,6,6,1,1,6,6,6,1,1,1,6,1,1,6,6,1,6,1,6,6,1,1,6,1,6,1,1,6,6,1,1,1,1,1,1,1,1,1,6,6,6,1,1,1,1,1,1,6,1,6,6,6,1,1,1,6,6,1,1,9,6,1,1,6,1,6,1,6,6,6,6,6,9,9,1,1,6,6,6,6,1,6,1,6,6,1,1,6,1,6,1,1,6,6,6,6,1,6,1,6,6,1,1,1,6,1,1,6,6,1,6,6,6,1,1,6,1,1,6,6,6,1,1,1,6,6,6,6,1,1,6,1,6,6,1,6,1,6,1,9,9,1,6,6,6,6,6,6,1,6,1,6,6,1,1,6,6,1,1,6,1,6,1,6,6,6,6,1,1,6,6,6,6,1,6,6,1,1,1,1,1,1,9,1,6,6,6,6,1,1,1,1,6,1,1,1,6,6,1,1,6,1,6,6,6,6,6,1,6,6,1,6,6,6,6,6,6,6,1,6,1,1,6,6,6,1,1,6,6,6,6,6,6,6,6,6,1,1,6,6,6,6,6,6,1,1,1,6,6,1,1,1,6,6,1,6,1,1,6,6,6,6,6,1,6,1,1,9,9,9,9,6,6,1,6,1,6,6,1,6,6,1,1,6,1,6,1,6,6,6,9,1,6,6,1,1,6,6,6,6,1,1,6,1,1,1,1,6,6,6,6,1,6,6,1,1,1,1,6,6,1,1,1,1,1,6,6,1,6,1,1,6,6,1,6,1,1,6,6,1,1,6,9,1,6,6,6,6,6,6,6,1,6,1,6,6,1,1,1,6,6,6,1,1,1,6,6,6,6,6,6,6,6,6,6,6,6,1,6,1,6,6,1,1,1,6,6,6,1,6,6,6,6,6,6,6,1,6,6,1,1,1,1,1,6,1,1,1,1,6,6,6,1,1,1,6,6,6,6,1,1,6,1,1,6,1,6,6,6,6,1,1,6,1,1,6,6,6,1,1,6,6,6,6,1,1,6,6,6,6,1,1,1,6,6,6,1,6,6,6,6,6,1,1,1,1,6,6,1,6,1,1,6,6,6,1,1,6,6,6,6,6,6,6,1,1,6,1,1,1,1,6,6,6,6,1,6,6,6,1,6,6,1,6,9,9,9,9,1,1,1,1,6,1,6,6,6,1,1,1,6,6,6,6,6,6,6,1,6,6,6,6,6,1,6,6,6,6,6,1,6,1,1,6,6,6,6,6,1,1,1,6,6,6,1,1,6,6,6,1,1,6,6,1,1,1,1,1,6,1,1,1,6,1,1,1,1,6,6,9,1,7,1,6,6,6,6,6,1,6,1,1,1,6,1,6,1,1,6,1,1,1,1,1,1,1,6,6,1,1,1,1,1,1,1,1,1,1,1,1,1,6,1,1,1,1,1,1,1,1,1,1,1,1,1,1,1,1,6,1,1,1,6,6,6,6,1,6,1,1,1,1,1,1,1,1,1,1,1,1,6,1,1,1,1,1,1,1,1,6,1,1,6,6,1
383,29587,CUMMINGS,100,6,6,6,1,6,1,6,6,6,1,6,1,1,1,1,1,1,1,1,6,1,6,1,1,6,6,1,1,1,6,6,6,1,6,6,1,1,1,1,1,1,1,1,6,1,1,1,1,1,6,6,1,6,6,6,1,6,6,1,1,6,6,1,6,1,1,6,6,6,6,6,6,6,6,6,6,6,9,9,6,6,6,6,6,1,1,6,6,6,6,6,9,9,6,6,6,6,6,1,6,1,6,6,1,1,1,1,1,1,1,1,1,6,6,6,6,1,1,6,6,1,6,1,1,6,1,6,9,9,9,9,9,9,1,1,6,6,6,1,1,1,1,1,1,1,1,6,1,1,1,6,1,1,1,1,1,6,1,1,6,6,6,1,1,9,1,6,6,1,1,6,1,1,1,6,6,1,6,6,1,6,1,1,1,6,1,6,6,6,6,6,1,6,1,1,6,6,6,6,6,6,6,6,1,6,1,6,1,9,6,6,6,6,1,6,6,6,6,1,1,1,1,6,6,1,6,6,6,6,1,1,1,1,6,1,1,1,1,6,6,1,1,6,6,6,6,1,1,1,1,6,6,1,1,6,1,1,6,6,6,1,6,6,6,1,1,6,9,9,6,6,1,9,9,9,9,9,9,9,9,9,9,9,9,9,9,9,9,9,9,9,9,9,9,9,9,9,9,9,9,9,9,9,9,9,9,9,9,9,9,9,9,9,9,9,9,9,9,9,9,9,9,9,9,9,9,9,9,9,9,9,9,9,9,9,9,9,9,9,9,9,9,9,9,9,9,9,9,9,9,9,9,9,9,9,9,9,9,9,9,9,9,9,9,9,9,9,9,9,9,9,9,9,9,9,9,9,9,9,9,9,9,9,9,9,9,9,9,9,9,9,9,9,9,9,9,9,9,9,9,9,9,9,9,9,9,9,9,9,9,9,9,9,9,9,9,9,9,9,9,9,9,9,9,9,9,9,9,9,9,9,9,9,9,9,9,9,9,9,9,9,9,9,9,9,9,9,9,9,9,9,9,9,9,9,9,9,9,9,9,9,9,9,9,9,9,9,9,9,9,9,9,9,9,9,9,9,9,9,9,9,9,9,1,6,6,6,6,1,1,6,1,6,1,1,6,6,1,1,1,1,1,6,1,1,1,6,6,6,6,6,6,1,6,1,6,6,6,1,1,1,1,6,6,1,1,6,1,6,1,6,6,1,1,1,6,6,6,1,1,6,6,1,1,6,6,1,6,1,6,6,1,1,6,1,6,1,1,6,6,1,1,1,1,1,1,1,1,1,1,6,6,1,1,1,1,1,1,6,1,6,6,6,1,1,1,6,6,1,1,9,9,9,9,9,9,9,9,6,6,6,6,6,1,6,1,1,1,9,9,9,1,6,6,6,6,1,1,6,1,6,1,1,6,6,6,1,1,6,1,6,6,1,1,1,6,1,6,6,6,1,6,6,6,1,1,6,1,1,6,1,6,1,1,1,1,1,6,6,1,1,6,1,6,6,1,6,1,6,1,1,1,1,6,6,6,6,6,6,1,6,1,6,6,1,1,6,6,1,1,6,1,9,9,9,6,6,6,1,1,6,6,6,6,1,1,6,6,1,9,9,9,9,9,9,9,9,9,9,9,9,9,9,9,9,9,9,9,9,9,9,9,9,9,9,9,9,9,9,9,9,9,9,9,9,9,9,9,9,9,9,9,9,9,9,9,9,9,9,9,9,9,9,9,9,9,9,9,9,9,9,9,9,9,9,9,9,9,9,9,9,9,9,9,9,9,9,9,9,9,9,9,9,9,9,9,9,9,9,9,9,9,9,9,9,9,9,9,9,9,9,9,9,9,9,9,9,9,9,9,9,9,9,9,9,9,9,9,9,9,9,9,9,9,9,9,1,1,1,6,6,6,1,6,9,6,1,1,1,6,6,1,1,1,9,9,6,6,1,6,1,1,6,6,6,6,1,1,6,6,1,1,6,9,9,9,9,9,9,6,6,6,1,6,6,1,1,9,9,9,6,6,6,1,1,6,6,6,1,6,6,6,6,6,6,6,6,6,1,6,1,6,6,9,9,9,6,6,1,1,6,6,6,6,6,6,6,1,1,6,1,6,6,1,1,6,1,9,9,9,6,6,1,1,1,1,6,6,6,6,1,1,6,1,1,6,1,6,6,6,6,1,1,6,1,1,6,6,6,1,1,1,6,6,6,9,9,9,6,6,6,1,6,1,6,6,6,1,6,6,6,6,6,1,1,9,9,6,6,1,6,1,1,6,6,6,1,1,1,1,6,6,6,6,6,1,1,1,1,1,9,9,6,6,6,6,1,6,6,6,1,6,1,1,6,1,1,6,6,1,1,1,1,7,1,6,6,6,1,1,1,6,6,6,6,6,6,6,1,6,6,6,6,6,1,6,6,6,6,6,1,6,9,9,6,6,6,6,6,1,1,1,6,6,6,1,1,6,6,6,1,1,6,6,1,1,1,1,6,6,1,1,1,9,1,1,9,9,6,6,1,1,6,1,6,6,6,6,6,1,6,1,1,1,6,1,6,9,9,6,1,1,1,1,1,1,1,6,6,6,1,1,1,1,1,1,1,1,1,1,1,1,9,9,1,1,1,1,1,1,1,1,1,1,1,1,1,1,1,6,1,1,1,6,6,6,6,1,6,1,1,1,1,1,1,1,1,1,1,1,1,6,1,1,1,1,1,1,1,1,6,1,1,6,6,1
384,29588,BLUMENAUER,100,6,6,6,1,6,1,6,6,6,6,6,1,1,1,1,1,6,1,1,6,1,6,1,1,6,6,1,1,1,6,6,6,1,6,6,1,1,1,1,1,1,1,1,6,1,1,1,1,1,6,6,1,6,6,6,1,6,6,9,9,9,9,9,9,1,1,6,6,6,6,6,6,6,6,6,6,6,1,1,6,6,6,6,6,1,1,6,6,6,6,6,6,9,6,6,6,6,6,1,6,1,6,6,1,1,1,1,1,1,1,1,1,6,6,6,6,1,1,6,9,1,6,1,1,6,9,9,6,6,6,6,6,9,6,6,6,6,6,1,1,1,1,1,1,1,1,6,1,1,1,6,1,1,1,1,1,6,1,1,6,6,6,9,1,1,1,9,6,1,1,1,1,1,1,6,6,1,6,6,1,6,1,1,1,6,1,6,6,1,6,6,1,1,1,1,6,6,6,6,6,6,6,6,1,6,1,6,1,1,6,6,6,6,1,1,6,6,6,1,1,1,1,6,6,1,6,1,6,6,6,1,1,1,6,1,1,1,1,6,6,1,1,6,1,6,6,1,1,1,1,6,6,1,1,6,1,1,6,6,6,1,6,6,6,1,1,6,1,1,6,6,1,6,6,6,1,1,1,1,1,6,1,6,1,9,9,6,6,6,6,6,1,6,6,6,6,6,6,1,1,6,6,1,1,6,1,6,1,1,6,6,6,1,6,6,6,1,6,1,6,1,1,1,6,6,1,1,1,1,6,6,1,6,6,1,6,1,6,6,1,6,1,6,1,1,6,6,1,1,1,6,6,6,6,6,1,1,1,1,1,6,1,1,1,1,6,6,6,6,6,6,6,6,6,1,1,6,1,1,1,6,6,1,1,1,1,1,1,1,6,6,6,6,1,1,1,6,1,1,1,6,6,1,1,6,6,6,1,6,6,6,1,6,6,6,6,1,6,1,1,1,1,1,1,6,6,6,6,1,1,1,1,1,6,6,6,1,1,1,1,6,6,1,6,6,6,6,6,1,6,6,6,6,6,6,6,6,1,1,1,1,6,6,1,1,6,6,6,6,1,6,1,6,1,1,1,6,6,1,6,6,1,6,1,6,6,6,6,1,1,6,1,6,1,1,6,6,1,1,1,1,1,1,1,1,1,6,6,6,6,6,6,1,6,1,6,6,6,1,1,1,1,6,6,1,1,6,1,6,1,6,6,1,1,1,6,6,6,1,1,6,6,1,9,6,6,1,6,1,6,6,1,1,6,1,6,1,1,6,6,1,1,1,6,1,1,1,9,9,9,6,6,1,1,1,1,1,1,6,1,6,6,1,1,9,1,6,6,1,6,6,6,1,1,6,1,6,1,6,6,6,6,6,1,6,1,1,1,6,6,1,1,6,6,6,6,1,1,6,1,6,1,1,1,6,6,1,1,1,6,6,6,1,1,1,6,1,6,6,6,1,6,6,6,1,1,6,1,1,6,1,6,1,1,1,1,1,6,6,1,1,6,1,6,6,1,1,1,6,1,1,1,1,6,6,6,6,6,6,9,9,9,9,6,1,1,6,6,1,1,6,1,6,1,1,6,6,6,1,1,6,1,6,6,1,1,6,6,1,1,1,1,6,6,6,6,6,6,6,1,1,1,1,6,1,1,1,6,6,1,1,6,1,1,6,6,6,6,1,6,6,1,1,6,6,6,6,6,6,1,6,9,9,9,9,9,9,1,1,6,6,6,6,6,6,6,6,1,1,1,6,1,6,6,6,6,9,9,6,6,1,1,1,6,6,1,6,1,1,6,6,6,6,9,1,6,1,1,9,9,1,6,6,6,1,6,1,6,6,1,6,6,1,1,6,1,6,1,6,6,6,1,1,6,6,1,1,6,1,6,9,1,1,6,9,1,9,9,9,6,6,6,1,6,6,6,1,1,1,9,9,1,1,1,1,1,6,6,1,6,1,1,6,6,6,6,1,1,6,6,1,1,6,1,1,6,6,6,6,6,6,6,1,6,6,6,6,1,1,1,6,6,6,1,6,6,6,6,1,1,6,6,6,6,6,6,6,1,1,6,1,6,6,1,1,1,6,6,1,1,6,6,6,6,6,6,6,1,1,6,1,6,6,1,6,6,6,1,1,1,6,6,1,1,1,1,6,6,1,6,1,1,6,1,1,6,1,6,6,6,6,1,1,6,1,1,1,6,6,1,1,1,6,6,6,9,9,1,6,6,6,1,6,6,1,6,6,1,6,6,6,6,6,1,1,1,1,6,6,1,1,1,1,6,6,6,1,6,6,6,9,6,6,6,6,1,1,6,1,6,1,1,6,6,6,6,1,6,6,6,1,6,6,1,6,1,1,6,6,9,9,9,1,7,1,6,6,6,1,1,1,6,6,6,6,6,6,6,1,6,6,6,6,6,1,6,6,6,6,6,1,6,9,9,6,6,6,6,6,6,1,1,6,1,6,6,1,6,6,6,1,1,6,6,1,1,1,1,6,6,1,1,1,6,1,1,1,1,6,6,1,1,7,1,1,6,6,6,6,1,6,1,1,1,6,1,6,1,1,6,9,1,1,1,1,1,1,6,6,1,6,1,1,1,1,1,1,1,1,9,9,9,6,1,1,1,1,1,1,9,1,1,1,1,1,1,1,1,1,6,1,1,1,6,6,6,6,1,6,1,1,1,1,1,1,1,1,1,1,9,9,9,9,9,9,9,9,9,9,9,9,9,9,9,9,9
385,29701,ADERHOLT,200,1,1,1,6,1,6,1,1,1,1,1,6,6,6,6,6,6,6,6,6,6,1,1,1,1,1,1,6,6,1,1,1,1,1,1,6,6,6,6,6,6,6,6,1,6,6,6,6,6,1,1,6,1,1,1,6,1,1,1,1,1,1,6,1,1,1,1,1,1,1,1,1,1,1,1,1,1,1,1,1,1,1,1,1,1,1,1,1,1,1,1,1,1,1,1,1,1,1,1,1,1,1,1,6,6,6,6,6,6,6,6,6,1,1,1,1,6,6,1,1,6,1,6,6,1,1,1,1,1,1,6,1,6,6,1,1,1,1,6,9,6,6,6,6,6,6,1,6,6,6,1,6,6,6,6,6,1,1,1,1,1,1,1,6,6,6,1,1,1,1,1,1,1,1,1,1,1,1,1,1,1,6,1,6,1,1,1,1,1,1,1,1,1,9,9,1,1,1,1,1,1,1,1,6,1,6,1,1,1,1,1,1,1,6,1,1,1,1,1,1,1,1,1,1,1,1,1,1,1,1,1,1,1,1,1,1,1,1,1,1,1,6,1,1,1,1,1,1,1,1,1,1,9,1,1,9,1,1,1,1,1,1,1,1,1,6,1,1,1,1,1,1,1,1,1,1,1,6,6,6,1,6,1,1,9,9,9,9,9,9,9,9,9,1,1,1,1,1,1,1,1,1,1,6,1,1,1,9,1,9,9,9,9,9,1,9,6,1,1,1,1,1,1,1,1,1,1,1,1,1,1,1,1,1,6,1,1,1,1,6,1,6,1,1,1,1,1,1,6,6,1,6,1,1,1,6,6,6,6,6,1,6,6,1,6,1,1,1,1,6,1,1,1,1,1,6,1,1,1,1,1,1,1,6,6,6,6,6,6,1,1,1,1,6,6,6,1,6,6,6,1,1,6,6,1,1,1,1,1,1,1,1,1,1,9,6,6,1,6,6,6,6,6,6,1,1,6,1,6,6,6,1,6,1,1,1,1,1,1,1,1,1,1,1,1,6,6,1,6,6,6,1,6,1,6,1,1,6,6,6,6,1,1,6,6,1,1,6,6,6,1,6,1,6,6,6,1,1,1,6,1,6,1,1,1,1,1,1,6,6,1,6,6,6,6,1,1,6,6,6,6,6,6,6,6,6,6,6,1,6,1,6,6,1,6,1,1,1,6,6,6,6,6,1,6,6,1,1,9,9,1,1,1,6,6,1,1,1,1,6,1,1,1,1,1,1,6,1,1,1,1,6,6,6,6,1,1,1,1,1,1,1,6,1,1,6,1,1,1,1,1,1,1,6,6,6,6,6,1,1,1,1,1,6,6,6,1,1,1,1,1,1,6,6,1,6,1,1,1,1,1,1,1,9,9,1,1,1,1,1,1,6,1,1,9,9,1,6,1,1,1,1,1,1,1,1,1,6,1,1,1,1,1,1,1,1,1,1,1,1,6,1,1,1,6,6,1,1,6,1,1,1,6,1,1,1,1,1,1,1,6,1,1,1,1,1,1,1,1,1,1,1,6,1,1,1,1,1,1,6,1,6,1,1,1,1,1,1,1,6,1,1,1,1,1,1,1,1,1,6,1,1,1,1,1,1,1,1,1,1,1,1,6,6,6,1,1,1,1,1,1,6,6,1,9,1,1,1,1,1,1,1,1,1,1,1,1,1,6,1,1,1,1,1,6,1,1,1,1,1,1,1,1,1,1,1,1,1,1,1,1,1,1,1,1,1,1,1,1,1,1,1,1,1,1,1,1,1,1,1,1,1,6,1,1,6,1,1,1,1,1,1,1,1,6,1,1,1,1,1,6,1,1,1,6,1,6,1,1,1,1,1,1,6,1,6,1,6,1,1,1,1,1,1,1,1,6,1,1,1,1,1,1,1,1,1,1,1,1,1,1,1,6,1,1,1,1,1,1,1,1,1,1,1,1,1,1,1,6,1,1,6,1,1,6,1,6,1,6,1,6,1,1,1,1,1,1,1,1,1,1,1,6,1,6,1,1,1,1,1,1,1,1,1,1,1,1,1,1,6,6,1,1,6,1,1,6,6,1,1,6,1,9,1,1,1,1,1,1,6,1,1,1,1,1,6,6,6,6,1,1,6,6,1,6,1,1,1,1,1,1,1,1,6,1,1,1,1,1,1,6,6,1,6,6,1,6,6,6,1,1,6,6,1,1,1,1,1,1,1,1,1,1,1,1,1,1,1,1,1,1,6,1,6,1,1,1,6,1,1,9,1,1,6,1,1,1,9,9,9,1,1,6,6,1,1,6,1,6,6,1,1,9,9,9,9,9,9,9,9,1,1,1,1,1,1,6,1,1,1,6,1,1,6,1,9,9,1,1,1,1,1,1,1,1,1,1,1,6,6,6,6,1,1,1,1,1,1,6,1,1,1,1,1,6,1,1,1,1,1,6,1,1,1,1,1,1,1,1,1,1,6,1,1,1,1,6,1,1,1,6,1,1,1,6,6,6,6,1,1,1,1,9,1,1,1,1,1,1,1,1,1,1,1,1,1,1,1,1,6,1,1,1,1,1,1,1,1,1,1,1,1,1,1,1,1,1,9,9,9,1,1,1,1,1,1,1,1,1,1,1,1,1,1,6,1,1,1,1,1,1,1,1,1,1,1,1,1,1,1,1,1,1,1,1,1,1,1,1,1,1,1,1,1,1,1,1,1,1,9,9,1,1,1,1,1,1,1,1,1,1,1,1,1,1,1
386,29707,SHERMAN,100,6,6,6,1,6,1,6,6,6,1,6,1,1,1,1,1,1,1,1,6,1,6,1,1,6,6,1,1,1,6,6,6,1,6,6,1,1,1,1,1,1,1,1,6,1,1,1,1,1,6,6,1,6,6,6,1,6,1,1,1,6,6,1,6,1,1,6,6,6,6,6,6,6,6,6,6,6,1,1,6,6,6,6,6,1,1,6,6,6,6,6,6,6,6,6,6,6,6,1,6,1,6,6,1,1,1,1,1,1,1,1,1,6,6,6,6,1,1,6,6,1,6,1,1,6,1,6,6,6,6,6,6,6,6,1,6,6,6,1,1,1,1,1,1,1,1,6,1,1,1,6,1,1,1,1,1,6,1,1,6,6,6,1,1,1,1,6,6,1,1,1,1,1,1,6,6,1,6,6,1,6,1,1,1,6,1,6,6,1,6,6,1,1,1,1,6,6,6,6,6,6,6,6,1,6,1,6,1,1,6,6,6,6,1,1,6,6,6,1,1,1,1,6,6,1,1,1,6,6,1,1,1,1,6,1,1,1,1,6,6,1,1,6,1,6,6,1,1,1,1,6,6,1,1,6,1,1,6,6,6,1,6,6,6,1,1,6,1,1,6,6,1,6,6,6,1,1,1,1,9,6,1,6,1,1,1,6,9,9,6,6,1,6,6,6,6,6,6,1,1,6,6,1,1,9,1,6,1,1,6,6,6,1,6,6,6,1,6,1,6,1,1,1,6,6,1,1,1,1,6,6,1,6,6,1,6,1,6,6,1,6,1,6,1,1,6,6,1,1,1,6,6,6,6,6,1,1,1,1,1,6,1,1,1,1,6,6,6,6,6,6,6,6,6,1,1,6,1,1,1,6,6,1,1,1,1,1,1,1,6,6,6,6,1,1,1,6,1,1,1,6,1,1,1,6,6,6,1,6,6,6,1,6,6,6,6,1,6,1,1,1,1,1,1,6,6,6,6,1,1,1,1,1,6,6,1,1,1,1,1,6,6,6,6,6,6,6,6,1,6,6,6,6,6,6,6,6,1,1,1,1,1,6,1,1,6,6,6,6,1,6,1,6,1,1,1,6,6,1,6,6,1,6,1,6,6,6,6,1,1,6,1,6,1,1,6,6,1,1,1,1,1,1,1,1,1,6,6,6,6,6,6,1,6,1,6,6,6,1,1,6,1,6,6,1,1,6,1,6,1,6,6,1,1,1,6,6,6,1,1,6,6,1,1,6,6,1,6,1,6,6,1,1,6,1,6,1,1,6,6,1,1,1,1,1,1,1,1,1,1,6,6,6,1,1,1,1,1,6,1,6,6,1,1,1,1,6,6,1,1,6,6,1,1,9,1,6,1,6,6,6,6,6,1,6,1,1,1,6,6,1,1,6,1,6,6,1,1,6,1,6,1,1,1,6,6,1,1,1,1,6,6,1,1,1,6,1,1,6,6,1,6,6,6,1,1,6,1,1,1,1,6,1,1,1,1,6,6,6,1,1,6,1,6,6,1,1,1,6,1,1,1,1,1,6,6,6,6,1,1,1,1,1,6,1,1,6,6,1,1,6,1,1,1,1,6,6,6,1,1,6,1,6,6,1,1,6,1,1,1,1,1,6,6,6,6,6,6,6,1,1,1,1,6,1,1,1,6,6,1,1,1,1,1,6,6,6,6,1,6,6,1,6,6,6,6,6,6,6,1,6,1,1,6,6,6,1,1,1,6,6,6,6,6,6,6,6,1,1,1,1,1,1,6,6,6,1,1,6,6,1,1,1,1,6,1,6,1,1,6,6,6,6,6,1,6,1,1,1,1,1,6,6,6,1,6,1,6,6,1,6,6,1,1,6,1,6,1,1,6,6,1,1,6,6,1,1,6,1,6,6,1,1,1,1,1,1,1,1,6,6,1,1,6,6,1,1,1,1,6,6,1,1,1,1,1,6,6,1,6,1,1,1,6,1,6,1,1,6,6,1,1,6,1,1,6,6,6,6,6,6,6,1,6,1,1,1,1,1,1,6,6,6,1,1,1,6,6,1,6,6,6,6,6,6,6,6,6,1,6,1,6,1,1,1,1,6,6,1,1,6,1,6,6,6,6,6,1,1,6,1,1,1,1,1,6,1,9,9,9,9,9,9,9,9,9,6,6,1,6,1,1,6,1,1,6,1,6,6,6,6,1,1,6,1,1,1,6,6,1,1,1,6,6,6,1,1,1,6,6,6,1,6,1,1,6,6,1,6,6,6,6,6,1,1,1,1,6,6,1,1,1,1,6,6,6,1,1,1,1,6,6,6,6,6,1,1,6,1,1,1,1,6,6,6,6,1,6,6,6,1,6,1,1,6,1,1,6,6,1,1,1,1,7,1,6,6,6,1,1,1,6,6,6,6,6,6,6,1,6,6,6,6,6,1,6,6,6,6,6,1,6,1,1,6,6,6,6,6,1,1,1,6,6,6,1,1,6,6,6,1,1,6,6,1,1,1,1,6,6,1,1,9,6,1,1,1,1,6,6,1,1,7,1,1,6,6,6,6,1,6,1,1,1,6,1,6,1,1,6,1,1,1,1,1,1,1,6,6,1,1,1,1,1,1,1,1,1,1,1,1,1,6,6,1,1,1,1,1,1,1,1,1,1,1,1,1,1,1,6,1,1,1,6,6,6,6,1,6,1,1,1,1,1,1,1,9,1,1,1,1,6,1,1,1,1,1,1,1,1,6,1,1,6,6,1
387,29710,DeGETTE,100,6,6,6,1,6,1,6,6,6,6,6,1,1,1,1,1,1,1,1,6,1,6,1,1,6,6,1,1,1,1,6,6,1,6,6,1,1,1,1,1,1,9,1,6,1,1,1,1,1,6,6,1,6,6,6,1,6,6,1,1,6,6,1,6,1,1,6,6,6,6,6,6,6,6,6,6,6,1,1,6,6,6,6,6,1,1,6,6,6,6,6,6,6,6,6,6,6,6,1,6,1,6,6,1,1,1,1,1,1,1,1,1,6,6,6,6,1,1,6,6,1,6,1,1,6,1,6,6,6,6,1,6,1,1,6,1,6,6,9,1,1,1,1,1,1,1,6,1,1,1,6,1,1,1,1,1,6,1,1,6,6,6,1,1,1,1,6,6,1,1,1,1,1,1,6,6,1,6,6,1,6,1,1,1,6,1,6,6,6,6,6,1,6,1,1,6,6,6,6,6,6,6,6,1,6,1,6,1,1,6,6,6,6,1,1,6,6,6,1,1,1,1,6,6,1,6,1,6,6,1,1,1,1,6,6,1,1,1,6,6,1,1,6,1,6,6,1,1,1,9,6,6,6,1,6,1,1,6,6,6,1,6,6,6,1,1,6,1,1,6,6,1,6,6,6,1,1,1,1,1,6,1,1,1,1,1,6,6,6,6,6,1,6,6,6,6,6,6,1,1,6,6,1,1,6,1,6,1,1,6,6,6,1,6,6,6,1,6,1,6,1,1,1,6,6,1,1,1,1,6,6,1,6,6,1,6,1,6,6,1,6,1,6,1,1,6,6,1,1,1,6,6,6,6,6,6,1,1,1,1,6,1,1,1,1,6,6,6,6,1,6,6,6,6,1,1,6,1,1,1,6,6,1,1,1,1,1,1,1,6,6,6,6,1,1,1,6,1,1,1,6,1,1,1,6,6,6,1,6,6,6,1,6,6,6,6,1,6,1,1,1,1,1,1,6,6,6,6,1,1,1,1,1,6,6,1,1,9,9,9,9,9,9,9,9,9,9,9,9,9,9,9,9,9,9,9,9,9,9,9,9,9,9,9,9,9,9,9,9,9,9,9,9,9,9,9,9,9,9,9,9,9,9,1,6,6,6,6,1,1,6,1,6,1,1,6,6,1,1,1,1,1,6,1,1,1,6,6,6,6,6,6,1,6,1,6,6,6,1,1,1,1,6,6,1,1,6,1,6,1,6,6,1,1,1,6,6,6,1,1,6,6,1,1,6,6,1,6,1,6,6,6,6,6,1,6,1,1,6,6,1,1,1,1,1,1,1,1,1,1,6,6,1,1,1,1,1,1,6,1,6,6,1,1,1,1,6,6,1,9,9,9,1,1,6,1,6,1,6,6,6,6,1,1,6,1,1,1,6,6,1,1,6,1,6,6,1,1,6,1,6,1,1,1,6,6,1,1,6,6,6,6,1,1,1,6,1,1,6,6,1,6,6,6,1,1,6,1,1,6,1,6,1,1,1,1,1,6,6,9,1,6,1,6,6,1,1,1,6,1,1,1,1,1,6,6,6,6,6,1,6,1,6,6,1,1,6,6,1,1,6,1,6,1,1,6,6,6,1,1,6,1,6,6,1,6,6,6,1,1,1,1,6,6,6,6,6,6,6,1,1,1,1,6,1,1,1,6,6,1,1,6,1,1,6,6,6,6,1,6,6,1,1,6,6,6,6,6,6,1,6,1,1,6,6,6,1,1,1,6,6,6,6,6,6,6,6,1,1,6,6,1,6,6,6,6,1,1,6,6,1,1,1,6,6,1,6,1,1,6,6,6,6,6,1,6,1,1,1,1,1,6,6,6,1,6,1,6,6,1,6,6,1,1,6,1,6,1,6,6,6,1,1,6,6,1,1,6,1,6,6,1,1,6,1,1,1,1,1,6,6,6,1,6,6,6,1,1,1,6,6,1,1,1,1,1,6,6,1,1,1,1,6,6,6,6,1,1,6,6,1,1,6,1,1,6,6,6,6,6,6,6,1,6,6,1,1,9,9,9,9,9,9,9,9,9,9,9,9,6,6,6,6,6,6,6,6,6,1,6,1,6,6,1,1,1,6,6,1,1,6,6,6,6,6,1,1,1,1,6,1,6,6,1,1,6,6,1,1,1,6,6,1,1,1,1,6,6,1,6,1,1,6,1,1,6,1,6,6,6,6,1,1,6,1,1,1,6,6,1,1,1,6,6,6,1,1,1,6,6,6,1,6,1,6,6,6,1,6,6,6,6,6,1,1,9,9,9,9,9,9,9,9,9,9,9,1,1,1,6,6,6,6,6,6,6,1,6,1,6,1,1,6,6,6,6,1,6,6,6,1,6,1,1,6,1,1,6,6,1,1,1,1,7,1,6,6,6,1,1,1,6,6,6,6,6,6,6,1,6,6,6,6,6,1,6,6,6,6,6,1,6,1,1,6,6,6,6,6,1,1,1,6,6,6,6,1,6,6,6,1,1,6,6,1,1,1,1,6,6,1,1,1,6,1,1,1,1,6,9,1,1,6,1,6,6,6,6,6,1,6,1,1,1,6,1,6,1,1,6,1,1,1,1,1,1,1,6,6,1,1,1,1,1,1,1,1,1,1,1,1,1,6,1,1,1,1,1,1,1,1,1,1,1,1,1,1,1,1,6,1,1,1,6,6,6,6,1,6,1,1,1,1,1,1,1,1,1,1,1,1,1,1,1,1,1,1,1,1,1,6,1,1,6,6,1
388,29717,DAVIS,100,6,6,6,1,6,1,6,9,6,6,6,1,1,1,1,1,1,1,1,6,1,6,9,9,9,9,9,9,9,9,6,6,1,6,6,1,1,1,1,1,1,1,1,6,1,1,1,1,1,6,6,1,6,6,6,1,6,6,1,1,6,6,1,6,1,1,6,6,6,6,6,6,6,6,6,6,6,1,1,6,6,6,6,6,1,1,6,6,6,6,6,6,6,6,6,6,6,6,1,6,1,6,6,1,1,1,1,1,1,1,1,1,6,6,6,6,1,1,6,6,1,6,1,1,6,1,6,6,6,6,1,6,1,1,6,6,6,6,1,1,1,1,1,1,1,1,6,1,1,1,6,1,1,1,1,1,6,9,9,9,9,9,9,9,9,9,9,9,9,9,9,1,1,1,6,6,1,6,6,1,6,1,1,1,6,1,6,6,1,6,6,1,1,1,1,6,6,6,6,6,6,6,6,1,6,1,6,9,9,9,9,9,9,9,9,9,9,9,9,9,9,9,6,6,1,1,1,6,6,1,1,1,1,6,1,1,1,1,9,6,1,1,6,1,6,6,1,1,1,1,6,6,1,1,6,1,1,6,6,6,1,6,6,6,1,1,6,1,1,6,6,1,6,6,6,1,1,1,1,1,6,1,6,1,1,1,6,6,6,6,6,1,6,6,6,6,6,6,1,1,6,6,1,1,6,1,6,1,1,6,6,6,1,6,6,6,1,6,1,6,1,1,1,6,6,1,1,1,1,6,6,1,6,6,1,6,1,6,6,1,6,1,6,1,1,6,6,1,1,1,6,6,6,6,6,1,1,1,1,1,6,1,1,9,9,9,9,6,6,1,6,6,6,6,1,1,1,1,1,1,9,9,9,1,1,1,1,1,1,6,6,6,6,1,1,1,6,1,1,1,6,6,1,1,6,9,9,9,9,9,9,9,6,6,6,6,1,6,1,1,1,1,1,1,6,6,6,6,1,1,1,1,1,6,6,1,1,1,1,1,6,6,6,6,6,6,6,6,1,6,6,6,6,6,6,6,6,1,1,1,1,6,6,1,1,6,6,6,6,1,6,1,6,1,1,1,6,6,9,9,9,9,9,1,6,6,6,6,1,1,6,1,6,1,1,6,6,1,1,1,1,1,6,1,1,1,6,6,6,6,6,6,1,6,1,6,6,6,1,1,1,1,6,6,1,1,6,1,6,1,6,6,1,1,1,6,6,6,1,1,6,6,1,1,6,6,1,6,1,6,6,1,1,6,1,6,1,1,6,6,1,1,1,1,1,1,1,1,1,1,6,6,1,1,1,1,1,1,6,1,6,6,1,1,1,1,6,6,1,1,6,6,1,1,6,1,6,1,6,6,6,6,6,1,6,1,1,1,6,6,1,1,6,1,6,6,1,1,6,1,6,9,9,9,6,6,1,1,6,6,6,6,1,1,1,6,1,6,6,6,1,6,6,6,1,1,6,1,1,6,1,6,1,1,1,1,6,6,6,1,1,6,1,6,6,1,1,1,6,1,9,9,1,6,6,6,6,6,6,1,6,1,6,6,1,1,9,6,1,1,6,1,6,1,1,6,6,6,1,1,6,1,6,6,1,1,6,6,1,1,1,1,9,9,6,6,6,6,6,1,1,1,1,6,1,1,1,6,6,1,1,6,1,6,6,6,6,6,1,6,6,1,9,9,9,9,9,9,9,9,6,1,1,6,6,6,1,9,9,6,6,6,6,6,6,6,6,1,1,1,6,1,6,6,6,6,1,1,6,6,1,1,1,6,6,1,6,1,1,6,6,6,6,6,1,6,6,1,9,9,1,6,6,6,1,6,1,6,9,9,9,9,9,9,9,9,9,9,9,9,9,9,9,9,9,9,9,9,9,9,9,9,9,9,9,9,1,1,1,6,6,6,1,6,6,6,1,1,1,6,6,1,1,1,1,1,6,6,1,6,1,1,6,6,1,6,1,1,6,6,1,1,9,1,1,6,6,6,6,6,6,6,1,6,1,6,1,9,9,9,6,6,6,1,1,9,6,6,1,1,6,6,6,6,6,6,6,6,1,6,1,6,6,1,1,1,6,6,1,1,6,6,1,6,6,6,1,1,1,6,1,1,1,1,1,6,1,1,1,1,6,6,1,9,1,1,9,9,9,6,1,1,6,1,1,6,1,6,6,6,6,1,1,6,9,9,9,6,6,1,1,6,6,9,9,9,9,9,6,6,6,1,6,1,1,6,6,1,6,6,6,6,6,1,1,1,1,6,6,1,6,1,1,6,6,6,1,1,6,6,6,6,6,6,6,1,1,1,1,6,1,1,6,6,6,6,1,6,6,6,1,6,6,1,6,9,9,6,6,1,1,1,1,6,1,6,6,6,1,1,1,6,6,6,6,6,6,6,1,6,6,6,6,6,1,6,6,6,6,6,1,6,1,1,6,6,6,6,6,1,1,1,6,6,9,9,1,6,6,6,1,1,6,6,1,1,1,1,6,6,1,1,1,6,1,1,9,9,6,6,1,1,6,1,6,6,6,6,6,1,6,1,1,1,6,1,6,1,1,9,9,9,1,1,1,1,9,6,6,1,1,1,1,1,1,1,1,1,1,1,1,1,6,1,9,9,9,9,9,9,9,9,9,9,9,9,9,9,9,9,9,9,9,9,9,9,9,9,9,9,9,9,9,9,9,9,9,9,9,1,1,6,1,1,1,1,1,1,1,1,6,1,1,6,6,1
389,29718,SHIMKUS,200,1,1,1,6,1,6,1,1,1,1,1,6,6,6,6,6,6,6,6,1,6,1,1,1,1,1,1,6,6,1,1,1,1,1,1,6,6,6,6,6,6,6,6,1,6,6,6,6,6,1,1,6,1,1,1,6,1,1,1,1,1,1,6,1,1,1,1,1,1,1,1,1,1,1,1,1,1,1,1,1,1,1,1,1,1,1,1,1,1,1,1,1,1,1,1,1,1,1,1,1,1,1,1,1,6,6,6,6,6,6,6,6,1,1,1,1,6,6,1,1,6,1,6,6,1,1,1,1,1,1,6,1,6,6,1,1,1,1,6,6,6,6,6,6,6,6,1,6,6,6,1,6,6,6,6,6,1,1,1,1,1,1,1,6,6,6,1,1,1,1,1,1,1,1,1,1,1,1,1,1,1,6,1,6,1,1,1,1,1,1,1,1,1,1,1,1,1,1,1,1,1,1,1,6,1,6,1,1,1,1,1,1,1,6,1,1,1,1,1,1,1,1,1,1,1,1,1,1,1,1,1,1,1,1,1,1,1,1,1,1,1,6,1,1,1,1,1,1,1,1,1,1,1,1,1,1,1,1,1,1,1,1,1,1,1,6,1,1,1,1,1,1,1,1,1,1,1,6,6,6,1,6,1,1,1,1,1,1,1,1,1,6,1,1,1,1,1,1,1,1,1,1,1,6,1,1,1,1,1,1,1,1,6,1,1,1,6,1,1,1,1,1,1,1,1,1,1,1,1,1,1,1,1,6,6,1,1,1,1,6,1,6,1,1,1,1,1,1,6,6,1,6,1,1,6,6,6,6,6,6,1,6,6,6,6,6,1,1,6,1,1,1,1,1,1,6,1,1,1,1,1,1,1,6,6,6,6,6,6,1,1,1,1,6,6,6,1,6,6,6,1,1,6,6,1,1,1,1,1,1,1,1,1,1,6,6,6,6,6,6,6,6,6,6,1,1,6,1,6,6,6,6,6,1,1,1,1,9,9,1,1,1,1,6,6,6,6,6,6,6,6,6,6,1,1,1,1,6,6,6,6,1,6,6,6,6,1,6,1,6,1,6,6,6,6,6,1,1,1,1,6,6,1,1,1,1,1,1,6,6,6,1,6,6,6,1,1,6,6,6,6,6,1,6,6,6,1,6,6,1,1,1,6,1,6,1,1,6,6,6,6,6,1,1,1,6,1,1,9,9,1,1,1,6,6,1,1,1,1,6,1,1,1,1,1,1,6,1,1,1,1,6,6,1,6,1,9,9,1,1,1,1,6,1,1,6,1,1,1,1,1,1,1,6,6,6,6,6,1,1,1,1,1,6,6,6,1,1,1,1,1,1,6,6,1,6,1,1,1,1,1,1,1,6,1,1,1,1,1,1,1,6,1,1,1,1,1,6,1,1,1,1,1,1,1,1,1,6,1,1,1,1,1,1,1,1,9,9,1,1,6,1,1,1,6,6,1,1,6,1,1,1,6,1,1,1,1,1,1,1,6,1,1,1,1,1,1,1,1,1,1,1,6,1,1,1,1,1,1,6,1,6,1,1,1,1,1,1,1,6,1,1,1,1,1,1,1,1,1,6,1,1,1,1,1,1,1,1,9,1,1,1,6,6,6,1,1,1,1,1,1,6,6,1,1,1,1,1,1,1,1,1,1,1,1,1,1,1,6,1,1,1,1,1,6,1,1,1,1,1,1,1,1,1,1,1,1,1,1,1,1,1,1,1,1,1,1,1,1,1,1,1,1,1,1,1,1,1,1,1,1,1,6,1,1,6,1,1,1,1,1,1,1,1,6,1,1,1,1,1,6,1,1,1,6,1,6,1,1,1,1,1,1,6,1,6,1,6,1,1,1,1,1,1,1,1,1,1,6,1,1,1,1,1,1,1,1,1,1,1,1,1,6,1,1,1,1,1,1,1,1,1,1,1,1,1,1,1,6,1,1,6,6,6,6,1,6,1,6,1,6,1,1,1,1,1,1,1,1,1,1,1,6,1,6,1,1,1,1,1,1,1,1,1,1,1,1,1,1,1,6,6,1,6,1,1,6,6,1,1,6,1,1,1,1,1,1,1,1,6,1,1,1,1,1,6,6,6,6,1,1,6,6,1,6,1,1,1,1,1,1,1,1,6,1,1,1,1,1,9,6,6,6,6,6,6,6,6,6,1,1,6,6,1,1,1,1,1,1,1,1,1,1,9,9,1,1,1,1,1,1,6,1,6,1,1,1,6,1,1,1,1,1,6,1,1,1,1,1,9,1,1,6,1,1,1,6,1,6,6,1,1,1,6,6,6,6,1,6,9,1,1,1,1,1,1,6,1,1,1,6,1,1,6,1,1,1,1,1,1,1,1,1,1,1,1,1,1,6,6,6,6,1,1,1,1,1,1,6,1,1,1,6,1,6,1,1,1,1,1,6,1,1,1,1,1,1,1,1,1,1,6,1,1,1,1,6,1,1,1,6,1,1,1,6,6,6,6,1,1,1,1,1,1,1,6,1,1,1,1,1,1,1,1,1,1,1,1,1,6,1,1,1,1,1,1,1,1,1,1,1,1,1,1,1,1,1,1,1,1,1,1,1,1,1,1,1,1,1,1,1,1,1,1,1,1,1,1,1,1,1,1,1,1,1,1,1,1,1,1,1,1,1,1,1,1,1,1,1,1,1,1,1,1,1,1,1,1,1,1,1,1,1,1,1,1,1,1,1,1,1,1,1,1,1,1
390,29729,McGOVERN,100,6,6,6,1,6,1,6,6,6,6,6,1,1,1,1,1,1,1,1,6,1,6,1,1,6,6,6,1,1,6,6,6,1,6,6,1,1,1,1,1,1,1,1,6,1,1,1,1,1,6,6,1,6,6,6,1,6,6,1,1,6,6,1,6,1,1,6,6,6,6,6,6,6,6,6,6,6,1,1,6,6,6,6,6,1,1,6,6,6,6,6,6,6,6,6,6,6,6,1,6,1,6,6,1,1,1,1,1,1,1,1,1,6,6,6,6,1,1,6,6,9,9,1,1,6,1,6,6,6,6,1,6,1,1,6,1,6,6,1,1,1,1,1,1,1,1,6,1,1,1,6,1,1,1,1,1,6,1,1,6,6,6,6,1,1,1,6,6,1,1,6,1,1,1,6,6,1,6,6,1,6,1,1,1,6,1,6,6,6,6,6,1,6,1,1,6,6,6,6,6,6,6,6,1,6,1,6,1,1,6,6,6,6,1,6,6,6,6,1,1,1,1,6,6,1,1,6,6,6,1,1,1,6,6,1,1,1,1,6,6,1,1,6,6,6,6,1,1,1,6,6,6,6,1,6,1,1,6,6,6,1,6,6,6,1,1,6,6,6,6,6,1,6,6,6,1,1,1,1,1,6,1,6,1,1,1,6,6,6,6,6,1,6,6,6,6,6,6,1,1,9,6,6,1,6,1,6,1,1,6,6,6,1,6,6,6,1,6,1,6,1,1,1,6,6,6,1,1,1,6,6,6,6,6,1,6,1,6,6,1,6,1,6,1,1,6,6,1,1,1,6,1,6,6,6,1,1,1,1,1,6,1,1,1,1,6,6,6,6,6,6,6,6,6,1,1,6,1,1,1,6,6,1,1,1,1,1,1,1,6,6,6,6,1,1,1,6,1,1,1,6,6,1,1,6,6,6,1,6,6,6,1,6,6,6,6,1,6,1,1,1,1,1,1,6,6,6,6,1,1,1,1,1,6,6,6,1,1,1,1,6,6,6,6,6,6,6,6,1,6,6,6,6,6,6,6,6,1,1,1,1,6,6,1,1,6,6,6,6,1,6,1,6,1,1,1,6,6,1,6,6,1,6,1,6,6,6,6,1,1,6,1,6,1,1,6,6,1,1,1,1,1,6,1,1,1,6,6,6,6,6,6,1,6,1,6,6,6,1,1,1,1,6,6,1,1,6,1,6,1,6,6,6,1,1,6,6,6,1,1,6,6,1,1,6,6,1,6,1,6,6,1,1,6,1,6,1,1,6,6,1,1,1,1,1,1,1,1,1,6,6,6,1,1,1,1,1,1,6,1,6,6,6,1,1,1,6,6,1,1,6,6,1,1,6,1,6,1,6,6,6,6,6,1,6,1,1,6,6,6,6,1,6,6,6,6,1,1,6,1,6,1,1,6,9,9,9,9,9,9,9,9,9,9,9,6,1,6,6,6,1,6,6,6,1,1,6,1,1,6,6,6,1,1,1,6,6,6,6,1,1,6,1,6,6,1,6,1,6,1,1,1,1,6,6,6,6,6,6,1,6,1,6,6,1,1,6,6,1,1,6,1,6,1,6,6,6,6,1,1,6,6,6,6,1,6,6,6,1,1,1,1,1,1,1,6,6,6,6,1,6,1,1,6,1,1,1,6,6,1,1,6,1,6,6,6,6,6,1,6,6,1,6,6,6,7,1,6,6,1,6,1,1,6,6,6,1,1,6,6,6,6,6,6,6,6,6,1,1,6,6,6,6,6,6,6,1,1,6,6,1,1,1,6,6,1,6,9,9,6,6,6,6,6,1,6,6,1,1,1,1,6,6,6,1,6,1,6,6,1,6,6,1,1,6,1,6,1,6,6,6,1,1,6,6,1,1,6,6,6,6,1,1,6,1,1,1,1,6,6,6,6,1,6,6,6,1,1,1,6,6,1,1,1,1,1,6,6,1,6,1,1,6,6,1,6,1,1,6,6,1,1,6,1,1,6,6,6,6,6,6,6,1,6,1,6,9,1,1,1,6,6,6,1,1,6,6,6,6,6,6,6,6,6,6,6,6,6,1,6,1,6,6,1,1,1,6,6,6,1,6,6,6,6,6,1,1,1,1,6,1,1,1,1,1,6,6,1,1,1,6,6,6,1,1,1,6,6,6,6,1,1,6,1,1,6,1,6,6,6,6,1,1,6,1,1,6,6,6,1,1,1,6,6,6,1,1,6,6,6,6,1,6,1,6,6,6,1,6,6,6,6,6,1,1,1,1,6,6,1,6,1,1,6,6,6,1,6,1,6,6,6,6,1,6,1,1,1,1,6,1,1,6,6,6,6,1,6,6,6,1,6,6,1,6,1,1,6,6,1,1,1,1,7,1,6,6,6,1,1,1,6,6,6,6,6,6,6,1,6,6,6,6,6,1,6,6,6,6,6,1,6,1,1,6,6,6,6,6,1,1,1,6,6,6,6,1,6,6,6,1,1,6,6,1,1,1,1,6,6,1,1,1,6,1,1,1,1,6,6,1,1,6,1,6,6,6,6,6,1,6,1,1,1,6,1,6,1,1,6,1,1,1,1,1,1,1,6,6,6,1,1,1,1,1,1,1,1,1,1,1,1,6,1,1,1,1,1,1,1,1,1,1,1,1,1,1,1,1,6,1,1,1,6,6,6,6,1,6,1,1,1,1,1,1,1,1,1,1,1,1,6,1,1,1,1,1,1,1,1,6,1,1,6,6,1
391,29741,PASCRELL,100,6,6,6,1,6,1,6,6,6,1,6,1,1,1,1,1,1,1,1,6,1,6,1,1,6,6,1,1,1,6,6,6,1,6,1,1,1,1,1,1,1,1,1,6,1,1,1,1,1,6,6,1,6,6,6,1,6,1,1,1,6,6,1,6,1,1,6,6,6,6,6,6,6,6,6,6,6,1,1,6,6,6,6,6,1,1,6,6,6,6,6,6,6,6,6,6,6,6,1,6,1,6,9,1,1,1,1,1,1,1,1,1,6,6,9,6,1,1,6,6,1,6,1,1,6,1,6,6,6,6,1,6,9,6,1,1,6,6,1,1,1,1,1,1,1,1,6,1,1,1,6,1,1,1,1,1,6,1,1,6,6,6,6,1,1,1,6,6,1,1,9,1,1,1,6,6,1,6,6,1,6,1,1,1,6,1,6,6,1,6,6,1,1,1,1,6,6,6,6,6,6,6,6,1,6,1,6,1,1,6,6,6,6,1,1,6,6,6,1,1,1,1,6,6,9,9,9,6,6,1,1,1,6,6,1,1,1,1,6,6,1,1,6,1,6,6,1,1,1,1,6,6,6,1,6,1,1,6,6,6,1,6,1,1,1,6,1,9,9,6,6,1,6,6,6,1,1,1,1,1,6,1,1,1,1,1,6,6,6,6,6,1,6,6,6,6,6,6,1,1,6,6,1,1,6,1,6,1,1,6,6,6,1,6,6,6,1,6,1,6,1,1,1,6,6,1,1,1,1,6,6,1,6,6,1,6,1,6,6,1,6,1,6,1,1,6,6,1,1,1,6,1,6,6,6,6,1,1,1,1,6,1,1,6,1,6,6,6,6,6,6,6,6,6,1,1,1,1,1,1,6,6,1,1,1,1,1,1,1,6,6,6,6,1,1,1,6,1,1,1,6,1,1,1,6,6,6,1,6,6,6,1,6,6,6,6,6,6,1,1,1,1,1,1,9,6,6,6,1,1,1,1,1,6,6,1,1,1,1,1,6,6,6,6,6,6,6,6,1,6,6,6,6,6,6,6,6,1,1,1,1,6,6,1,1,6,6,6,6,1,6,1,6,1,1,1,6,6,1,6,6,1,6,1,6,6,6,6,1,1,6,1,6,1,1,6,6,1,1,1,1,1,6,1,1,1,6,9,6,6,6,6,1,6,1,6,6,6,1,1,1,1,6,6,1,1,6,1,6,1,6,6,6,1,1,6,6,6,1,9,9,9,1,1,6,6,1,6,1,6,6,1,1,6,1,6,1,1,6,6,1,1,1,1,1,1,1,1,1,1,6,6,1,1,1,1,1,1,6,1,6,6,1,1,9,1,6,6,1,9,6,6,1,1,6,1,6,1,6,6,6,6,1,1,6,1,1,1,6,6,9,1,6,1,6,6,1,1,6,1,6,1,1,6,6,6,6,1,6,1,6,6,1,1,1,6,1,1,6,6,1,1,6,6,1,1,6,1,1,6,9,6,1,1,1,1,6,6,6,1,1,6,1,6,6,1,1,1,6,1,1,1,1,6,6,6,6,6,6,1,6,1,6,9,9,9,6,6,1,1,6,1,6,1,1,6,6,6,1,1,6,1,6,9,1,1,6,6,1,1,1,1,6,9,6,6,6,6,6,1,1,9,1,6,1,1,1,6,6,1,1,6,1,6,6,6,6,6,1,6,6,1,6,6,6,6,6,6,6,1,6,1,1,6,6,6,1,1,1,6,6,6,6,6,9,6,6,1,1,1,6,6,6,6,6,1,1,1,6,6,1,1,1,6,6,1,6,1,1,6,6,6,6,6,1,6,1,1,1,1,1,6,6,6,1,6,1,6,6,1,6,6,1,1,6,1,6,1,6,6,6,1,1,6,6,1,1,6,1,6,6,1,1,1,1,1,1,1,1,6,6,6,1,6,6,6,9,9,1,6,6,1,1,1,1,1,6,6,1,6,1,1,6,6,6,6,1,1,6,6,1,1,6,1,1,6,6,6,6,6,6,6,1,6,6,1,9,1,1,1,6,6,6,1,1,1,6,6,1,1,6,6,6,6,6,6,6,6,1,6,1,6,9,1,1,1,6,6,1,1,6,1,6,6,6,1,6,1,1,6,1,1,1,1,1,6,1,1,1,1,6,6,1,1,1,1,6,6,1,6,1,1,6,1,1,6,1,6,6,6,6,1,1,6,1,1,1,6,6,1,1,1,6,6,6,1,1,1,6,6,9,1,6,1,6,6,6,1,6,6,6,6,6,1,1,1,1,6,6,1,6,1,1,6,6,6,1,1,1,6,6,6,6,6,6,1,1,1,1,1,1,1,6,6,6,6,1,6,6,6,1,6,1,1,6,1,1,6,6,1,1,1,1,7,1,6,6,6,1,1,1,6,6,6,6,6,6,6,1,6,6,6,6,6,1,6,6,6,6,6,1,6,1,1,6,6,6,6,6,1,1,1,6,6,6,1,1,6,6,6,1,1,6,6,1,1,1,1,6,6,1,1,1,6,1,1,1,1,6,6,1,1,6,1,1,6,6,6,6,1,6,1,1,1,6,1,9,1,1,6,1,1,1,1,1,1,1,6,6,1,1,1,1,1,1,1,1,1,1,1,1,1,6,1,1,1,1,1,1,1,1,1,1,1,9,1,1,1,1,6,1,1,1,6,6,6,6,1,6,1,1,1,1,1,1,1,1,1,1,1,1,6,1,1,1,1,1,1,1,1,6,1,1,6,6,1
392,29759,SESSIONS,200,1,1,1,6,1,6,1,1,1,1,1,6,6,6,6,6,6,6,6,1,6,1,1,1,1,1,1,6,6,1,1,1,1,1,1,6,6,6,6,6,6,6,6,1,6,6,6,6,6,1,1,6,1,1,1,6,1,1,1,1,1,1,6,1,1,1,1,1,1,1,1,1,1,1,1,1,1,9,9,1,1,1,1,1,1,1,1,1,1,1,1,1,1,1,1,1,1,1,1,1,1,1,1,6,6,6,6,6,6,6,6,6,1,1,1,1,6,6,1,1,6,1,6,6,1,1,1,1,1,1,6,1,6,6,1,9,1,1,6,6,6,6,6,6,6,6,1,6,6,6,1,6,6,6,6,6,1,1,1,1,1,1,1,6,6,6,1,1,1,1,1,1,1,1,1,1,1,1,1,1,1,6,1,6,1,1,1,1,1,1,1,1,1,1,1,1,1,1,1,1,1,1,1,6,1,6,1,1,1,1,1,1,1,6,1,1,1,1,1,1,1,1,1,1,1,1,1,1,1,1,1,1,1,1,1,1,1,1,1,1,1,6,1,1,1,1,1,1,1,1,1,1,1,1,1,1,1,1,1,1,1,9,9,9,9,6,1,1,1,1,1,1,1,1,1,1,1,6,6,6,1,6,1,1,1,1,1,1,1,1,1,6,1,1,1,1,1,1,1,1,1,1,1,6,1,1,1,1,1,1,1,1,6,1,1,1,6,1,1,1,1,1,1,1,1,9,1,1,1,1,1,1,1,1,6,1,1,1,1,6,1,6,1,1,1,1,1,1,6,6,1,6,1,1,1,6,6,6,6,6,1,6,6,1,6,1,1,1,1,6,1,1,1,1,1,6,1,1,1,1,1,1,1,6,6,6,6,6,6,1,1,1,1,6,6,6,1,6,6,6,1,1,6,6,1,1,1,1,1,1,1,1,1,1,6,6,6,1,6,6,6,6,6,6,1,1,1,1,6,6,6,6,6,1,1,1,1,1,1,1,1,1,1,1,1,1,1,1,6,6,1,1,1,1,1,1,1,6,6,6,6,1,1,6,6,1,1,6,1,6,1,6,1,1,6,6,1,1,1,1,1,6,1,1,1,1,1,1,6,6,1,6,6,6,6,1,1,6,6,6,6,6,6,6,6,6,1,1,1,1,1,1,6,1,6,1,1,1,6,6,6,6,1,1,6,6,1,1,1,1,1,1,1,6,6,1,1,1,1,6,1,1,1,1,1,1,6,1,1,1,1,6,6,1,6,1,1,1,1,1,1,1,6,1,1,6,1,1,1,1,1,1,1,6,6,6,6,6,1,1,1,1,1,6,6,6,1,1,1,1,1,1,6,6,1,6,1,1,1,1,1,1,1,6,1,1,1,1,1,1,1,6,1,1,1,1,1,6,1,1,1,1,1,1,1,1,1,6,1,1,1,1,1,1,1,1,1,1,1,1,6,1,1,1,6,6,1,1,6,1,1,1,6,1,1,1,1,1,1,1,6,1,1,1,1,1,1,1,1,1,1,1,6,1,1,1,1,1,1,6,1,6,1,1,1,1,1,1,1,6,1,1,1,1,1,1,1,1,1,6,1,1,1,1,1,1,1,1,1,1,1,1,6,6,6,1,1,1,1,1,1,6,6,1,1,1,1,1,1,1,1,1,1,1,1,1,1,1,6,1,1,1,1,1,6,1,1,1,1,1,1,1,1,1,1,1,1,1,1,1,1,1,1,1,1,1,1,1,1,1,1,1,1,1,1,1,9,9,1,1,1,1,6,1,1,6,1,1,1,1,1,1,1,1,6,1,1,1,1,1,6,1,1,1,6,1,6,1,1,1,1,1,1,6,1,6,1,6,1,1,1,1,1,1,1,1,6,1,1,1,1,1,1,1,1,1,1,1,1,1,1,1,6,1,1,1,1,1,1,1,1,1,1,1,1,1,1,1,6,1,1,6,6,1,6,1,6,1,1,1,6,1,1,1,1,1,1,1,1,1,1,1,6,1,6,1,1,1,1,1,1,1,1,1,1,1,1,1,1,6,6,6,1,1,1,1,6,6,6,1,6,1,1,9,9,9,1,1,1,6,1,1,1,1,1,6,6,6,6,1,1,6,6,1,6,1,1,1,1,1,1,1,1,6,1,1,1,1,1,1,6,6,1,6,6,1,6,1,1,1,1,6,6,1,1,1,1,1,1,1,1,1,1,9,9,1,1,1,1,1,1,6,1,6,1,1,1,6,1,1,1,1,1,6,1,1,1,1,1,1,1,1,6,6,1,1,6,1,6,6,1,1,1,6,6,6,6,6,6,1,1,1,1,1,1,1,6,1,1,1,6,1,1,6,1,1,1,1,1,1,1,1,1,1,1,1,1,6,6,6,6,6,1,1,1,1,1,1,6,1,1,1,1,1,6,1,1,1,1,1,6,1,1,1,1,1,1,1,1,1,1,6,1,1,1,1,6,1,1,1,6,1,1,1,6,6,6,6,1,1,1,1,1,1,1,1,1,1,1,1,1,1,1,1,1,1,1,1,1,6,1,1,1,1,1,1,1,1,1,1,1,1,1,1,1,1,1,1,1,1,1,1,1,1,1,1,1,1,1,1,1,1,1,1,1,9,1,1,1,1,1,1,1,1,1,1,1,1,1,1,1,1,1,1,1,1,1,1,1,1,1,1,1,1,1,1,1,1,1,1,1,1,1,1,1,1,1,1,1,1,1,1,1,1,1,1
393,29760,BRADY,200,1,1,1,6,1,6,1,1,1,1,1,6,6,6,6,6,6,6,6,1,6,1,9,1,1,1,1,6,6,1,1,1,1,1,1,6,6,6,6,6,6,6,6,1,6,6,6,6,6,1,1,6,1,1,1,6,1,1,1,1,1,1,6,1,1,1,1,1,1,1,1,1,1,1,1,1,1,9,1,1,1,1,1,1,1,1,1,1,1,1,1,1,1,1,1,1,1,1,1,1,1,9,9,6,6,6,6,6,6,6,6,6,1,1,1,1,6,6,1,1,6,1,6,6,1,1,1,1,1,1,6,1,6,6,1,1,1,1,9,6,6,6,6,6,6,6,1,6,6,6,1,6,6,6,6,9,9,1,1,1,1,1,1,6,6,6,1,1,1,9,1,1,1,1,1,1,1,1,1,9,1,6,1,6,1,1,9,1,1,1,1,1,1,1,1,1,1,1,1,1,1,1,1,6,1,6,1,1,1,1,1,1,1,6,1,1,1,1,1,1,1,1,1,1,1,1,1,1,1,1,1,1,1,1,1,1,1,1,1,1,1,6,1,1,1,1,1,1,1,1,1,1,1,1,1,1,1,1,1,1,1,1,1,1,1,6,1,1,1,1,1,1,1,1,1,1,1,6,9,6,1,6,1,1,1,1,1,1,9,1,9,9,1,1,1,1,1,1,1,1,1,1,1,6,1,1,1,1,1,1,1,1,6,1,1,1,6,1,1,1,1,1,1,1,1,1,1,1,1,1,1,1,1,6,9,1,1,1,1,6,1,6,1,1,1,1,1,1,6,6,1,6,1,1,1,6,6,6,6,6,1,6,6,6,6,1,1,1,1,6,1,1,1,1,1,6,1,1,1,1,1,1,9,6,6,6,6,6,6,1,1,1,1,6,6,6,1,6,6,6,1,1,6,6,1,1,1,1,1,1,1,1,1,1,6,6,6,1,6,6,6,6,6,6,1,1,1,9,6,6,6,6,6,1,1,1,1,1,1,1,1,1,1,1,1,1,9,6,1,1,1,1,1,1,1,1,1,6,6,6,6,1,1,6,6,6,1,6,1,6,1,6,1,6,6,6,1,1,1,1,1,6,1,1,1,1,1,1,6,6,6,6,6,6,6,1,1,6,6,6,6,6,6,6,6,6,1,6,1,1,1,1,6,1,6,1,1,1,9,6,6,6,6,1,6,6,1,1,1,1,1,1,1,6,6,1,1,1,1,6,1,1,1,1,1,1,6,1,1,1,1,6,6,1,6,1,1,1,1,1,1,1,6,1,1,6,1,1,1,1,1,1,1,6,6,6,6,6,1,1,1,1,1,6,6,6,1,1,1,1,1,1,6,6,1,6,1,1,1,1,1,1,1,6,1,1,1,9,1,1,1,6,1,1,1,1,1,6,1,1,1,1,1,9,1,1,1,6,1,1,1,1,1,1,1,1,1,1,1,1,6,1,1,1,6,6,1,1,6,1,1,1,6,1,1,1,1,1,1,1,6,1,1,1,1,1,1,1,1,1,1,1,6,1,9,1,1,1,1,6,1,6,1,1,1,1,1,1,1,6,1,1,1,1,1,1,1,1,1,6,1,1,1,1,1,1,1,1,1,1,1,1,6,9,6,1,1,1,1,1,1,6,6,1,1,9,9,9,9,9,9,9,9,9,1,1,1,1,6,1,1,1,1,1,6,1,1,1,1,1,1,1,1,1,1,1,1,1,1,1,1,1,1,1,1,1,1,1,1,1,1,6,1,1,1,1,1,1,1,1,1,1,6,1,1,6,1,1,1,1,1,1,1,1,6,1,1,1,1,1,6,1,1,1,6,1,6,1,1,1,1,1,1,6,1,6,1,6,1,1,1,1,1,1,1,1,6,1,1,1,1,1,1,1,1,1,1,1,1,1,9,1,6,1,1,1,1,1,1,1,1,1,1,1,1,1,1,1,6,1,1,6,1,1,6,1,6,1,6,1,6,1,1,1,1,1,1,1,1,1,1,1,6,1,6,1,1,1,9,1,1,1,1,1,1,1,1,1,1,6,6,6,1,6,1,1,6,6,1,1,6,1,1,1,1,1,1,1,1,6,1,1,1,1,1,6,6,6,6,1,1,6,9,6,6,1,1,1,1,1,1,9,9,6,1,1,1,1,1,1,6,6,6,6,6,6,6,1,1,9,9,9,9,9,1,1,1,1,1,1,1,1,1,1,1,1,1,1,1,1,1,6,1,6,1,1,1,6,1,1,1,1,1,6,1,1,1,1,1,1,1,1,6,1,1,1,6,1,6,1,9,9,1,1,1,1,6,1,9,1,1,1,1,1,1,1,6,1,1,1,6,1,1,6,1,1,1,1,1,1,1,1,1,1,1,1,1,1,6,6,6,1,1,1,1,1,1,1,6,1,1,1,1,9,9,1,1,1,1,1,6,1,1,1,1,1,1,1,1,1,1,6,1,1,1,1,6,1,1,1,6,1,1,1,6,6,6,6,1,1,1,1,1,1,1,1,1,1,1,1,1,1,1,1,1,1,1,1,1,6,1,1,1,1,1,9,9,1,1,1,1,1,1,1,1,1,1,1,1,1,1,1,1,1,1,1,1,1,1,1,1,1,1,1,1,1,1,1,1,1,1,1,1,1,1,1,1,1,1,1,1,1,1,1,1,1,1,1,1,1,1,1,9,1,1,1,1,1,1,1,1,1,1,1,1,1,1,1,1,1,1,1,1,1,1,1
394,29762,GRANGER,200,1,1,1,6,1,6,1,1,1,1,1,6,6,6,6,6,6,6,6,1,6,1,1,1,1,1,1,6,6,1,1,1,1,1,1,6,6,6,6,6,6,6,6,1,6,6,6,6,6,1,1,6,1,1,1,6,1,1,1,1,1,1,6,1,1,1,1,1,1,1,1,1,1,1,1,1,1,1,1,1,1,1,1,1,1,1,1,1,1,1,1,1,1,1,1,1,1,1,1,1,6,1,1,1,6,6,6,6,6,6,6,6,1,1,1,1,6,6,1,1,6,1,6,6,1,1,1,1,1,1,6,1,6,6,1,1,1,1,6,6,6,6,6,6,6,6,1,6,6,6,1,6,6,6,6,6,1,1,1,1,1,1,1,6,6,6,1,1,1,1,1,1,1,1,1,1,1,1,1,1,1,6,1,6,1,1,1,1,1,1,1,1,1,1,1,1,1,1,1,1,1,1,1,6,1,6,1,1,1,1,1,1,1,6,1,1,1,1,1,1,1,1,1,1,1,1,1,1,1,1,1,1,1,1,1,1,1,1,1,1,1,6,1,1,1,1,1,1,1,1,1,1,1,1,1,1,1,1,1,1,1,1,1,1,1,6,1,9,9,1,1,1,1,1,1,1,1,6,6,6,1,6,1,1,1,1,1,1,1,1,1,6,1,1,1,1,1,1,9,9,9,9,9,9,9,9,1,1,1,1,1,9,6,1,1,1,9,9,1,1,9,1,1,9,1,1,1,1,1,1,1,1,1,6,6,1,1,1,1,6,1,6,1,1,1,1,1,1,6,6,1,6,1,1,1,6,6,6,6,6,1,6,6,6,6,1,1,1,1,6,1,1,1,1,1,6,1,1,1,1,1,1,1,9,9,9,9,9,9,9,1,1,1,6,6,6,1,6,6,6,1,1,6,6,1,1,1,1,1,1,1,1,1,1,6,6,1,1,6,6,6,6,6,1,1,1,6,1,6,6,6,6,6,1,1,1,1,1,1,1,9,1,1,1,1,1,6,6,6,6,1,1,1,1,1,1,1,6,6,6,6,1,1,6,6,1,1,6,1,6,1,6,1,6,6,6,1,1,1,6,1,6,1,1,1,1,1,1,6,6,1,6,6,6,6,1,1,6,6,6,6,6,6,6,6,6,1,6,1,1,1,6,6,1,6,1,1,1,6,6,6,6,1,1,6,6,1,1,9,9,9,9,9,9,9,9,9,9,9,9,9,9,1,1,1,1,6,1,1,1,1,6,6,6,6,1,1,1,1,1,9,9,6,1,1,6,1,9,9,9,1,1,1,6,6,6,6,6,1,1,1,1,1,6,6,6,1,1,1,1,1,1,6,6,1,6,1,1,1,1,1,1,1,6,1,9,9,9,1,1,1,6,1,1,1,1,1,6,1,1,9,1,1,1,1,1,1,6,1,1,1,1,1,9,9,1,1,1,1,1,6,1,1,1,6,6,1,1,6,1,1,1,6,1,1,1,1,1,1,1,6,1,1,1,1,1,1,1,1,1,1,1,6,1,1,1,1,1,1,6,1,6,1,1,1,1,1,1,1,6,1,1,1,1,1,1,1,1,1,6,1,1,9,9,9,9,9,9,9,1,1,1,9,9,9,1,1,1,1,1,1,6,6,1,1,1,1,1,1,1,1,1,1,1,1,1,1,1,6,1,1,1,1,1,6,9,9,9,9,9,9,1,1,1,1,1,1,1,1,1,1,1,1,1,1,1,1,1,1,1,1,1,1,1,1,1,1,1,1,1,1,1,6,1,1,6,1,1,1,1,1,1,1,1,6,1,1,1,1,1,6,1,1,1,6,1,6,1,1,1,1,1,1,6,1,6,1,6,1,1,1,1,1,1,1,1,6,1,1,1,1,1,1,1,1,1,1,1,1,1,1,1,6,1,1,1,1,1,1,1,1,1,1,1,1,1,1,1,6,1,1,6,6,1,6,1,6,1,6,1,6,1,1,1,1,1,1,1,1,1,1,1,6,1,9,9,9,1,1,1,1,1,1,1,1,1,1,1,1,6,6,6,1,6,1,1,6,6,1,1,6,1,9,1,9,1,1,1,1,6,1,1,1,1,1,6,6,6,6,1,1,6,6,1,6,1,1,1,1,1,1,1,1,9,1,1,1,1,1,1,6,6,6,6,6,6,6,6,6,1,1,6,6,1,1,1,1,1,1,1,1,1,1,1,1,1,1,1,1,1,1,6,1,6,1,1,1,6,1,1,1,1,1,6,1,1,1,1,1,1,1,1,6,6,1,1,6,1,6,6,1,1,1,6,6,6,6,6,6,1,1,1,1,1,1,1,6,6,1,1,6,1,1,6,1,1,1,1,1,1,1,1,1,1,1,1,1,1,6,6,6,6,1,1,1,1,1,1,6,1,1,1,1,1,6,1,1,1,1,9,6,1,1,1,1,1,1,1,1,1,1,6,1,1,1,1,6,1,1,1,6,1,1,1,6,6,6,6,1,1,1,1,1,1,1,1,1,1,1,1,1,1,1,1,1,1,1,1,1,6,1,9,1,1,1,1,1,1,1,1,1,1,1,1,1,1,1,1,1,1,1,1,1,1,1,1,1,1,1,1,1,1,1,1,1,1,1,1,1,1,1,1,1,1,1,1,1,1,1,1,1,1,1,1,1,1,1,1,1,1,1,1,1,1,1,1,1,1,1,1,1,1,1,1,6,1,1,1,1,1,1,1,1,1,1,1
395,29768,SMITH,100,6,6,6,1,6,1,6,6,6,1,6,1,1,1,1,1,1,1,1,6,1,6,1,1,6,6,1,1,1,6,6,6,1,6,6,1,1,1,1,1,1,1,1,6,1,1,1,1,1,6,6,1,6,6,6,1,6,6,1,1,6,6,1,6,1,1,6,6,6,6,6,6,6,6,6,6,6,9,9,9,9,9,9,9,1,1,6,6,6,6,6,6,6,6,6,6,6,6,1,6,1,6,9,1,1,1,1,1,1,1,1,1,6,6,6,6,1,1,6,6,1,6,1,1,6,1,6,6,6,6,6,6,6,9,1,6,6,6,1,1,1,1,1,1,1,1,6,1,1,1,6,1,1,1,1,1,6,1,1,6,6,6,1,1,1,1,6,6,1,1,1,1,1,1,6,6,1,6,6,1,6,1,6,1,6,1,6,6,1,6,6,1,1,1,1,6,6,6,6,6,6,6,6,1,6,1,6,1,1,6,6,6,6,1,6,6,6,6,1,1,1,1,6,6,1,1,1,6,6,1,1,1,1,6,1,1,1,1,6,6,1,1,6,1,6,6,1,1,1,1,6,6,1,1,6,1,1,6,6,6,1,6,6,6,1,1,6,6,6,6,6,1,6,6,6,1,1,1,1,1,6,1,6,1,1,1,6,6,6,6,6,1,6,6,6,6,6,6,1,1,6,6,1,1,6,6,6,1,1,6,6,6,1,6,6,6,1,6,1,6,1,1,1,6,6,1,1,1,1,6,6,1,6,6,1,6,1,6,6,9,6,1,6,1,1,6,6,1,1,1,6,6,6,6,6,1,1,1,1,1,1,1,1,1,1,6,6,6,6,6,6,6,6,6,1,1,1,1,1,1,6,6,1,1,1,9,1,1,1,6,6,6,6,1,1,1,6,1,1,1,6,1,1,1,6,6,6,1,6,6,6,1,6,6,6,6,1,6,1,1,1,1,1,1,6,6,6,6,1,1,1,1,1,6,6,6,1,1,1,1,6,6,1,6,6,6,1,6,1,6,6,6,6,6,6,6,6,1,1,1,1,1,6,1,1,6,6,6,6,1,6,1,6,1,1,1,6,6,1,6,6,1,6,1,6,6,6,6,1,1,6,1,6,1,1,6,6,1,1,1,1,1,1,1,1,1,6,6,6,6,6,6,1,6,1,6,6,6,1,1,1,1,6,6,1,1,6,1,6,1,6,6,1,1,1,6,6,6,1,1,6,6,1,1,6,6,1,6,1,6,6,1,1,6,1,6,1,1,6,6,1,1,1,1,1,1,1,1,1,1,6,6,1,1,1,1,1,1,6,1,6,6,1,1,1,1,6,6,1,1,6,6,1,1,6,1,6,1,6,6,6,6,6,1,6,1,1,1,6,6,1,1,6,6,6,6,1,1,6,1,6,6,1,1,6,6,1,1,6,1,6,6,1,1,1,6,1,6,6,6,1,6,6,6,1,1,6,1,1,6,1,6,1,1,1,1,1,6,6,1,1,6,1,6,6,1,1,1,6,1,1,1,1,6,6,6,6,6,6,1,6,1,6,6,1,1,6,6,1,1,6,1,6,1,1,6,6,6,1,1,6,1,6,6,1,1,6,6,1,1,1,1,6,6,6,6,6,6,6,1,1,1,1,6,1,1,1,6,6,1,1,6,1,1,6,6,6,6,1,6,6,1,1,6,6,6,6,6,6,1,6,1,1,6,6,6,1,1,1,6,6,6,6,6,6,6,6,1,1,1,6,1,6,6,6,6,1,1,6,6,1,1,1,6,6,1,6,9,9,9,9,9,9,9,9,9,9,9,1,1,1,6,6,6,1,6,1,6,6,1,6,6,1,1,6,1,6,1,6,6,6,1,1,6,6,1,1,6,1,6,6,1,1,6,1,1,1,1,1,6,6,6,1,6,6,6,9,9,9,6,6,1,1,1,1,1,6,6,1,6,1,1,6,6,1,6,1,1,6,6,1,1,6,1,1,6,6,6,6,6,6,6,1,6,1,6,1,1,1,1,6,6,6,1,6,6,6,6,1,1,6,6,6,6,6,6,6,6,1,6,1,6,1,1,1,1,6,6,1,1,6,6,6,6,6,6,6,1,1,6,1,6,6,1,1,6,1,1,1,1,6,6,1,1,1,1,6,6,1,6,1,1,6,1,1,6,1,6,6,6,6,1,1,6,1,1,1,6,6,1,1,9,9,9,9,1,1,1,6,6,6,1,6,1,1,6,6,1,6,6,6,6,6,1,1,1,1,6,6,1,1,1,1,6,6,6,1,1,1,6,6,6,6,6,6,1,1,1,1,1,1,1,6,6,6,6,1,6,6,6,1,6,6,1,6,1,1,6,6,1,1,1,1,7,1,6,6,6,1,1,1,6,6,6,6,6,6,6,1,6,6,6,6,6,1,6,6,6,6,6,1,6,1,1,6,6,6,6,6,1,1,1,6,6,6,1,1,6,6,6,1,1,6,6,1,1,1,1,6,6,1,1,1,6,1,1,1,1,6,6,1,1,6,1,6,6,6,6,6,1,6,1,1,1,6,1,6,1,1,6,1,1,1,1,1,1,1,6,6,1,1,1,1,1,1,1,1,1,1,1,1,1,6,1,1,1,1,1,1,1,1,1,1,1,1,1,1,1,1,6,1,1,1,9,6,6,6,1,6,1,9,1,1,1,1,1,1,1,1,1,1,1,1,1,1,1,1,1,1,1,6,1,1,6,6,1
396,29769,KIND,100,6,6,6,1,6,1,6,6,6,1,6,1,1,1,1,1,1,1,1,6,1,6,1,1,6,6,6,6,6,1,6,6,1,6,6,1,1,1,1,1,1,1,1,6,1,1,1,1,1,6,6,1,6,6,6,6,6,6,1,1,6,6,1,6,1,1,6,6,6,6,6,6,6,6,6,1,6,1,1,6,6,6,6,6,1,1,6,6,6,6,6,6,6,6,6,6,1,6,1,6,1,6,6,1,1,1,1,1,1,1,1,1,6,6,6,1,1,1,6,6,1,1,6,1,6,1,6,6,6,6,6,6,6,6,1,6,6,6,1,1,1,1,1,1,1,1,6,1,1,1,6,1,1,1,1,1,6,1,1,6,6,6,6,1,1,1,6,1,1,1,1,1,1,1,6,6,1,6,6,1,6,1,1,1,6,1,6,6,6,6,6,1,6,1,1,6,6,6,6,6,6,6,6,1,6,1,6,9,9,6,6,6,6,1,1,6,6,6,1,1,1,1,6,6,1,1,6,6,6,1,1,1,6,6,1,1,1,1,6,6,1,1,6,6,6,6,1,1,1,6,6,6,6,1,6,1,1,6,6,6,1,6,6,1,1,1,1,9,9,6,6,1,6,6,1,1,1,1,1,1,1,1,1,1,1,1,6,6,6,6,6,1,1,6,6,6,6,6,1,1,6,6,6,1,6,1,1,1,1,6,6,6,6,1,6,6,1,6,1,1,1,1,1,6,6,6,1,1,1,6,6,6,6,6,1,6,1,6,6,1,6,1,1,1,1,6,6,1,1,1,6,6,6,6,6,6,1,1,1,1,6,1,1,6,1,6,6,6,6,6,6,6,6,6,1,1,1,1,1,1,6,6,1,1,1,1,1,1,1,6,6,6,6,1,1,1,6,1,1,1,6,1,1,1,6,6,6,1,6,6,6,1,6,6,6,6,1,6,1,1,1,1,1,6,6,6,6,6,1,1,1,1,1,6,6,1,1,1,1,1,6,6,6,6,6,6,6,6,1,6,6,6,6,6,1,6,6,1,1,1,1,1,6,1,1,6,6,6,6,1,6,1,6,1,1,1,1,6,1,6,6,1,6,1,6,6,6,6,1,1,6,1,6,1,1,6,6,1,1,1,1,1,1,1,1,1,6,6,6,6,6,6,1,6,1,6,6,6,1,1,6,1,6,6,1,1,6,1,6,1,6,6,6,1,1,6,6,6,1,1,1,1,1,1,6,6,1,6,1,6,6,6,6,6,6,6,1,1,6,6,1,1,6,1,1,1,1,1,1,6,6,6,1,1,1,1,1,1,6,1,6,6,6,1,1,1,6,6,1,1,6,6,1,1,6,1,6,1,6,6,6,6,6,1,1,1,1,6,6,6,6,1,6,1,6,6,1,1,6,1,6,1,1,6,6,6,6,1,6,1,6,6,1,1,1,6,1,1,6,6,1,6,6,6,1,1,6,1,1,1,9,6,1,1,1,6,1,6,6,1,1,1,1,6,6,1,6,1,6,1,1,1,1,1,6,6,6,6,1,1,1,1,6,6,1,1,6,6,1,1,6,1,1,1,6,6,6,6,1,1,6,6,6,6,1,6,6,6,1,9,9,9,9,9,9,9,9,9,9,9,9,9,9,9,9,9,9,9,9,9,9,9,9,9,9,9,9,9,1,1,6,1,1,6,6,1,6,6,6,1,6,1,1,6,6,6,1,1,6,6,6,6,1,6,6,6,6,1,1,6,1,6,1,6,6,6,1,1,6,6,1,1,1,1,1,1,6,1,1,6,6,6,6,6,1,6,1,1,9,9,1,1,6,6,1,6,1,6,1,1,6,6,1,1,6,1,6,1,6,6,6,1,1,6,6,1,1,1,6,6,6,1,1,6,1,1,1,1,6,6,6,1,1,6,1,1,1,1,1,6,6,1,1,1,1,1,6,6,1,6,1,1,6,6,1,1,1,1,6,6,1,1,6,1,1,6,6,6,6,6,6,6,1,6,6,1,6,1,1,1,6,6,6,1,1,1,6,6,6,1,6,6,6,6,6,6,6,6,1,6,1,6,9,1,1,1,6,6,6,1,1,1,1,6,6,1,6,1,1,6,1,6,6,1,1,6,1,1,1,1,6,6,6,1,1,1,6,6,6,6,1,1,6,1,1,6,1,6,6,6,6,1,1,6,1,1,6,6,6,1,1,1,1,6,1,1,1,6,6,6,6,1,1,1,1,6,6,1,6,6,6,6,6,1,1,1,1,6,6,1,1,1,1,6,6,6,1,1,6,1,6,6,6,6,6,1,1,6,1,1,1,1,6,6,6,6,1,6,6,6,1,6,1,1,6,1,1,6,6,1,1,1,1,1,1,6,6,6,1,1,1,6,6,6,6,6,6,6,1,6,6,6,6,6,1,6,6,6,6,6,1,6,1,1,6,6,6,6,6,1,1,1,6,6,6,1,1,1,6,6,1,1,6,6,1,1,1,1,6,1,1,1,1,6,1,1,1,1,6,6,1,1,1,1,1,6,6,6,6,1,6,1,1,1,6,1,1,1,1,6,1,1,1,1,1,1,1,6,6,6,6,1,9,9,9,9,9,9,9,9,9,9,9,9,9,9,9,9,9,9,9,9,9,9,9,9,9,9,9,9,9,9,9,9,9,9,9,9,9,9,9,9,9,9,9,9,9,9,9,9,9,9,9,9,9,9,9,9,9,9,9,9,9,9,9,9
397,29776,MEEKS,100,6,6,6,1,6,1,6,6,9,6,6,1,1,1,1,1,1,1,1,6,1,6,1,1,6,6,1,1,1,1,6,6,1,6,6,1,1,1,1,1,1,1,1,6,1,1,1,1,1,6,6,1,6,9,6,1,6,6,1,1,6,6,1,6,9,1,6,6,6,6,9,9,6,6,6,6,6,9,9,6,6,6,9,6,9,9,6,6,6,6,6,6,6,6,6,6,6,6,1,6,1,6,6,1,1,1,1,1,1,1,1,1,6,6,6,6,1,1,6,6,1,6,1,1,6,1,6,9,6,6,1,6,1,1,1,1,6,6,1,1,1,1,1,1,1,1,6,1,1,1,6,1,1,1,1,1,6,1,1,6,6,6,1,1,1,1,6,6,1,1,1,1,1,1,6,6,1,6,6,1,6,1,1,1,6,1,9,9,6,6,6,1,1,1,1,6,6,6,6,6,6,9,9,1,6,1,6,1,1,6,6,6,6,1,1,6,6,6,1,1,1,1,6,6,1,1,1,6,6,1,1,1,1,6,1,1,1,1,6,6,1,1,6,1,6,6,1,1,1,6,6,6,1,1,6,1,1,6,6,6,1,9,6,6,1,6,6,1,1,6,6,1,6,6,6,1,1,1,1,1,6,9,9,9,9,9,6,6,6,6,6,1,1,6,6,6,6,6,1,1,6,6,1,1,6,1,6,1,1,6,6,6,1,6,9,9,9,9,1,6,6,1,1,6,6,1,1,1,1,6,6,1,9,6,1,6,1,6,6,9,6,1,6,1,1,6,6,1,1,1,6,6,6,6,6,1,1,1,1,1,6,1,1,6,1,6,6,6,6,6,9,9,9,9,9,9,9,9,9,9,6,6,1,1,1,1,1,1,1,6,6,6,6,1,1,1,6,1,1,1,6,1,1,1,6,6,6,1,6,6,6,1,6,6,6,6,1,6,1,1,1,1,1,1,6,6,6,6,1,1,1,1,1,6,6,1,1,1,1,1,6,6,1,6,6,6,6,6,1,6,6,6,6,6,6,6,6,1,1,1,1,1,6,1,1,6,6,6,6,1,6,1,6,1,6,1,6,6,1,6,6,1,6,1,6,6,6,6,1,1,6,1,6,1,1,6,6,1,1,1,1,1,1,1,1,1,6,6,6,6,6,6,1,6,1,6,6,6,1,1,1,1,6,6,1,1,6,1,6,1,6,6,1,1,1,6,6,6,1,1,6,6,1,1,6,6,1,6,9,6,6,1,1,6,1,6,1,1,6,6,1,1,1,1,1,1,1,1,1,1,6,6,1,1,1,1,1,1,6,1,6,6,1,1,1,1,6,6,1,1,6,6,1,1,6,1,6,1,6,6,6,6,1,1,6,9,9,9,6,6,1,1,6,1,6,6,1,1,6,1,6,1,1,1,6,6,6,1,6,1,6,6,1,1,1,6,1,1,6,6,1,6,6,6,1,1,6,1,1,1,6,6,1,9,9,9,1,6,6,1,1,6,1,6,6,1,1,1,6,9,1,1,1,1,6,6,6,6,6,1,1,1,6,6,1,1,6,6,1,1,6,1,1,1,1,6,6,6,9,1,1,1,6,6,1,1,6,6,1,1,1,1,9,9,1,6,6,6,1,1,1,1,1,1,1,1,1,6,6,1,1,6,1,6,6,6,6,6,1,6,6,1,1,6,6,6,6,6,6,1,6,1,1,6,6,6,1,9,9,6,6,6,6,6,6,6,6,1,1,6,1,1,1,6,6,6,1,1,6,6,1,1,1,1,1,1,6,1,1,6,6,6,6,6,1,1,1,1,1,1,1,6,9,6,9,6,1,6,6,1,6,6,1,1,6,1,6,1,1,6,6,9,1,6,6,1,1,6,6,6,6,1,1,1,1,1,1,1,1,6,6,1,1,6,6,1,1,1,1,6,6,1,1,1,1,1,6,6,1,6,1,1,6,6,6,6,1,1,6,6,1,1,6,1,1,6,6,6,6,6,6,6,1,6,1,6,1,1,1,1,6,6,6,1,1,1,6,6,1,1,6,6,6,6,6,6,6,6,1,6,1,6,9,1,1,1,6,6,6,1,6,1,6,6,6,6,6,1,1,6,1,6,6,1,1,6,1,1,1,1,6,6,1,1,1,1,6,6,1,6,1,1,6,1,1,6,1,6,6,6,6,1,1,6,1,1,1,6,6,1,1,1,6,6,6,9,9,9,6,6,6,1,6,1,1,6,6,1,6,6,6,6,6,1,1,9,9,9,9,9,9,9,1,6,6,6,1,1,1,6,6,6,6,6,6,1,1,1,1,6,9,9,6,6,6,6,1,6,6,6,1,6,1,1,6,9,9,6,6,1,1,1,1,6,1,6,6,6,1,1,1,6,6,6,6,6,6,6,1,6,6,6,6,6,1,6,6,6,6,6,1,6,1,1,6,6,6,6,6,1,1,1,6,1,6,1,1,6,6,6,1,1,6,6,1,1,1,1,6,6,1,1,1,6,1,1,9,9,6,6,1,1,6,1,6,6,6,6,6,1,6,1,1,1,6,1,6,1,1,6,1,1,1,1,1,1,1,6,6,6,1,1,1,1,1,1,1,1,1,1,1,1,6,1,1,1,1,1,1,1,1,1,1,1,1,1,1,1,1,6,1,1,1,6,6,6,6,1,6,1,1,1,1,1,1,1,1,1,1,1,1,6,1,1,1,1,1,1,1,1,6,1,1,6,6,1
398,29777,BRADY,100,6,6,6,1,6,1,6,6,6,1,6,1,1,1,1,1,1,1,1,6,1,6,1,1,6,6,6,1,1,6,6,6,1,6,6,1,1,1,1,1,1,1,1,6,1,1,1,1,1,6,6,1,6,6,6,1,6,6,1,1,6,6,1,6,1,1,6,6,6,6,6,6,9,6,6,6,6,1,1,6,6,6,6,6,1,1,6,6,6,6,6,6,6,6,6,6,6,6,1,6,1,6,6,1,1,1,1,1,1,1,1,1,6,6,6,6,1,1,6,6,1,6,1,1,6,1,6,6,6,6,1,6,1,1,1,1,6,6,1,1,1,1,1,1,1,1,6,1,1,1,6,1,1,1,1,1,6,1,1,6,6,6,6,1,1,1,6,6,1,1,6,1,1,1,6,6,1,6,6,1,6,1,1,1,6,1,6,6,6,6,6,1,6,1,1,6,6,6,6,6,6,6,6,1,6,1,6,1,1,6,6,6,6,1,6,6,6,6,1,1,1,1,6,6,6,6,6,6,6,1,1,1,6,6,1,9,9,9,6,6,1,1,6,6,6,6,1,1,1,6,6,6,6,1,6,1,9,6,6,6,1,6,6,6,1,1,6,1,1,6,6,1,6,6,6,1,1,1,1,1,6,1,1,1,1,1,6,6,6,6,6,1,6,6,6,6,6,6,1,1,6,6,6,1,6,1,6,1,1,6,6,6,6,1,6,6,1,6,1,6,1,1,1,6,6,6,1,1,1,6,6,6,6,6,1,6,1,6,6,1,6,1,6,1,1,6,6,1,1,1,6,6,6,6,6,6,1,1,1,1,6,1,1,6,1,6,6,6,6,6,6,6,6,6,1,1,1,1,1,1,6,6,1,1,1,1,1,1,1,6,6,6,6,6,6,1,1,6,1,1,1,1,1,1,6,6,6,1,6,6,6,1,6,6,6,6,6,6,1,1,1,1,1,1,6,6,6,6,1,1,1,1,1,6,6,1,1,1,1,1,6,6,6,6,6,6,6,6,1,6,6,6,6,6,6,6,6,1,1,1,1,6,6,1,1,6,6,6,6,1,1,1,6,1,1,1,6,6,1,6,6,1,6,1,6,6,6,6,1,1,6,1,6,1,1,6,6,1,1,1,1,1,6,1,1,1,6,6,6,6,6,6,1,6,1,6,6,6,1,1,1,1,6,6,1,1,6,1,6,1,6,6,6,1,1,6,6,6,1,1,6,6,1,1,6,6,1,6,1,6,6,1,1,6,1,6,1,1,6,6,1,1,1,1,1,1,1,1,1,6,6,6,1,1,1,1,1,1,6,1,6,6,6,1,1,1,6,6,1,1,6,6,1,1,6,1,6,1,6,6,6,6,6,1,6,1,1,6,9,9,9,9,9,9,6,6,1,1,1,1,6,1,1,6,6,6,6,1,6,1,6,6,1,1,1,6,1,1,6,6,1,1,6,6,1,1,6,1,1,6,6,6,1,1,1,6,6,6,6,1,1,6,1,6,6,1,6,1,6,1,1,1,1,6,6,6,6,6,6,1,6,1,6,6,1,1,6,6,1,1,6,1,6,1,6,6,6,6,1,1,6,6,6,6,1,6,6,6,1,1,1,1,1,1,1,6,6,6,6,1,6,1,1,6,1,1,1,6,6,1,1,6,1,6,6,6,6,6,1,6,6,1,6,6,6,6,6,6,6,1,6,1,1,6,6,6,1,1,6,6,6,6,6,6,6,6,6,9,9,9,6,6,6,6,6,6,1,1,6,6,1,1,1,6,6,1,6,9,9,6,6,6,6,6,1,6,6,1,9,9,1,6,6,6,1,6,1,6,9,9,6,6,1,1,6,1,6,1,6,6,6,9,9,6,6,1,1,6,6,6,6,1,1,1,1,1,9,9,9,6,6,6,1,6,6,9,9,9,1,6,6,1,1,1,9,9,6,6,1,6,1,1,6,6,6,6,1,1,6,6,1,1,6,9,9,6,6,6,6,6,6,6,1,6,6,1,6,9,9,9,6,6,6,1,1,6,6,6,6,6,6,6,6,6,6,6,6,6,1,6,1,6,6,9,9,9,6,6,6,1,6,6,6,6,6,6,6,1,1,6,1,1,1,1,1,6,1,9,9,9,6,6,6,1,1,1,6,6,6,6,6,1,6,1,1,6,1,6,6,6,6,1,1,6,9,9,9,6,6,1,1,1,6,6,6,9,9,9,6,6,6,1,6,1,1,6,6,1,6,6,6,6,6,1,1,9,9,6,6,1,6,1,1,6,6,6,1,1,1,6,6,6,6,6,6,1,1,1,1,1,9,9,6,6,6,6,1,6,6,6,1,6,1,1,6,9,9,6,6,1,1,1,1,7,1,6,6,6,1,1,1,6,6,6,6,6,6,6,1,6,6,6,6,6,1,6,6,6,6,9,9,9,9,9,6,6,6,6,6,1,1,1,6,6,6,1,9,9,6,6,1,1,6,6,1,1,1,1,1,6,9,9,9,6,1,1,9,9,6,6,1,1,6,1,6,6,6,6,6,1,6,1,9,9,6,1,6,1,1,6,1,9,9,9,1,1,1,6,6,1,1,1,9,9,9,9,9,9,9,9,9,9,6,1,1,1,1,1,1,1,1,1,1,1,1,1,1,1,1,6,1,1,1,6,6,6,6,1,6,1,9,9,9,9,9,9,9,9,9,1,1,6,1,1,1,1,1,1,1,1,6,1,1,6,6,9
399,29778,LEE,100,6,6,6,1,6,1,6,6,6,6,6,1,1,1,1,1,1,1,1,6,1,6,1,1,6,6,6,9,9,9,9,9,9,6,6,1,1,1,1,1,1,1,1,6,1,1,1,1,1,6,6,1,6,6,6,1,6,6,1,1,6,6,1,6,1,1,6,6,6,6,6,6,6,6,6,6,6,1,1,6,6,6,6,6,1,1,6,6,6,6,6,6,6,6,6,6,6,6,1,6,1,6,6,1,1,1,1,1,1,1,1,1,6,6,6,6,1,1,6,6,1,6,1,1,6,1,6,6,6,6,1,6,1,1,6,1,6,6,1,1,1,1,1,1,1,1,6,1,1,1,6,1,1,1,1,1,6,1,1,6,6,6,6,1,1,1,6,6,1,1,6,1,1,1,6,6,1,6,6,1,6,1,1,1,6,1,6,6,6,6,6,1,6,1,1,6,6,6,6,6,6,6,6,1,6,1,6,1,1,6,6,6,6,1,6,6,6,6,6,1,9,9,6,6,1,1,6,6,6,1,1,1,6,6,6,1,1,1,6,6,1,1,6,6,6,6,1,1,1,6,6,6,6,1,6,1,1,6,6,6,1,6,6,6,1,9,9,6,6,6,6,1,6,6,6,1,1,1,1,1,6,1,6,1,1,1,6,6,6,6,6,1,6,6,6,6,6,6,1,1,6,6,6,1,6,6,6,1,1,6,6,6,1,6,6,6,1,6,1,6,1,1,1,6,6,6,1,1,1,6,6,6,6,6,1,6,1,6,6,1,6,1,6,1,1,6,6,1,1,1,6,1,6,6,6,1,1,1,1,1,6,1,1,6,1,6,6,6,6,6,6,6,6,6,1,1,6,1,1,1,6,6,1,1,1,1,1,1,1,6,6,6,6,1,1,1,6,1,1,1,6,6,1,1,6,6,6,1,6,6,6,1,6,6,6,6,1,6,1,1,1,1,1,1,6,6,6,6,1,1,1,1,1,6,6,6,1,1,1,1,6,6,6,6,6,6,6,6,1,6,6,6,6,6,6,6,6,1,1,1,1,6,6,1,1,6,6,6,6,1,6,1,6,1,1,1,6,6,1,6,6,1,6,1,6,6,6,6,1,1,6,1,6,1,1,6,6,1,1,1,1,1,1,1,1,1,6,6,6,6,6,6,1,6,1,6,6,6,1,1,1,1,6,6,1,1,6,1,6,1,6,6,6,1,1,6,6,6,1,1,6,6,1,1,6,6,1,6,1,6,6,1,1,6,1,6,1,1,6,6,1,1,1,1,1,1,1,1,1,6,6,6,1,1,1,1,1,1,6,1,6,6,6,1,1,1,6,6,1,1,6,6,1,1,6,1,6,1,6,9,6,6,6,1,6,1,1,6,6,6,6,1,6,6,6,6,1,1,6,1,6,6,1,6,6,6,6,1,6,6,6,6,1,1,1,6,1,6,6,6,1,6,6,6,1,1,6,1,1,6,6,6,1,1,1,6,6,6,6,1,1,6,1,6,6,1,6,1,6,1,1,1,1,6,6,6,6,6,6,1,6,1,6,6,1,1,6,6,1,1,6,1,6,1,6,6,6,6,1,1,6,6,6,6,1,6,6,6,1,1,1,1,1,1,1,6,6,6,6,1,6,1,1,6,1,1,1,6,6,1,1,6,1,6,6,6,6,6,1,6,6,1,6,6,6,6,6,6,6,1,6,1,1,6,6,6,1,9,9,6,6,6,6,6,6,6,6,1,1,6,6,6,6,6,6,6,1,1,6,6,1,1,1,6,6,1,6,1,1,6,6,6,6,6,1,6,6,6,1,1,1,6,6,6,1,6,1,6,6,1,6,6,6,1,6,1,6,1,6,6,6,1,1,6,6,6,1,6,6,6,6,1,1,6,1,1,1,1,6,6,6,6,1,6,6,6,1,1,1,6,6,1,1,1,1,1,6,6,1,6,1,1,6,6,6,6,1,1,6,6,1,1,6,1,1,6,6,6,6,6,6,6,1,6,1,6,6,1,1,1,6,6,6,1,6,6,6,6,6,1,6,6,6,6,6,6,6,6,6,6,1,6,6,1,1,9,6,6,6,1,6,6,6,6,6,1,1,1,1,6,1,6,6,1,1,6,6,1,1,1,9,9,9,9,9,9,6,6,6,6,1,1,6,1,1,6,1,6,6,6,6,1,1,6,1,1,6,6,6,1,1,9,9,6,6,1,1,6,6,6,6,1,1,1,6,6,6,1,6,6,6,6,6,1,1,1,1,6,6,1,6,1,1,6,6,6,1,6,6,6,6,6,6,6,6,1,1,6,1,6,1,1,6,6,6,6,1,6,6,6,1,6,6,1,6,1,1,6,6,1,1,1,1,7,1,6,6,6,1,1,1,6,6,6,6,6,6,6,1,6,6,6,6,6,1,6,6,6,6,6,1,6,1,1,6,6,6,6,6,1,1,1,6,6,6,6,1,6,6,6,1,1,6,6,1,1,1,1,6,6,1,1,1,6,1,1,1,1,6,6,1,1,6,1,6,6,6,6,6,1,6,1,1,1,6,1,6,1,1,6,1,1,1,1,1,1,1,6,6,6,1,1,1,1,1,1,1,1,1,1,1,1,6,1,1,1,1,1,1,1,1,1,1,1,1,1,1,1,1,6,1,1,1,9,6,6,6,1,6,1,1,1,1,1,1,1,1,1,1,1,1,6,1,1,1,1,1,1,1,1,6,1,1,6,6,1
400,29901,THOMPSON,100,6,6,6,1,6,1,6,6,6,6,6,1,1,1,1,1,1,1,1,6,1,6,1,1,6,6,6,1,1,1,6,6,1,6,6,1,1,1,1,1,1,1,1,6,1,1,1,1,1,6,6,1,6,6,6,1,6,1,1,1,6,6,1,6,1,1,6,6,6,6,6,6,6,6,6,6,6,1,1,6,6,6,6,6,1,1,6,6,6,6,6,6,6,6,6,6,6,6,1,6,1,6,6,1,1,1,1,1,1,1,1,1,6,6,6,1,1,1,6,6,1,6,1,1,6,1,6,6,6,6,6,6,6,6,6,6,6,6,1,1,1,1,1,1,1,1,6,1,1,1,6,1,1,1,1,1,6,1,1,6,6,6,6,1,1,1,6,6,1,1,6,1,1,1,6,6,1,6,6,1,6,1,1,1,6,1,6,6,6,6,6,1,6,1,1,6,6,6,6,6,6,6,6,1,6,1,6,1,1,6,6,6,6,1,1,6,6,6,1,1,1,1,6,6,1,6,6,6,6,1,1,1,6,6,1,1,1,1,6,6,1,1,6,6,6,6,1,1,1,6,6,6,6,1,6,1,1,6,6,6,1,6,6,1,1,1,1,1,1,6,6,1,6,6,6,1,1,1,1,1,6,1,1,1,1,1,6,6,6,6,6,1,6,6,6,6,6,6,1,1,6,6,6,1,6,1,6,1,1,6,6,6,1,1,6,6,1,6,1,6,1,1,1,6,6,6,1,1,1,6,6,6,6,6,1,6,1,6,6,1,6,1,6,1,1,6,6,1,1,1,6,6,6,6,6,6,1,1,1,1,6,1,1,1,1,6,6,6,6,6,6,6,6,6,1,1,6,1,1,1,6,6,1,1,1,1,1,1,1,6,6,6,6,1,1,1,6,1,1,1,6,1,1,1,6,6,6,1,6,6,6,1,6,6,6,6,1,6,1,1,1,1,1,1,6,6,6,6,1,1,1,1,1,6,6,1,1,1,1,1,6,6,6,6,6,6,6,6,1,6,6,6,6,6,6,6,6,1,1,1,1,6,6,1,1,6,6,6,6,1,6,1,6,1,1,1,6,6,1,6,6,1,6,1,6,6,6,6,1,1,6,1,6,1,1,6,6,1,1,1,1,1,1,1,1,1,6,6,6,6,6,6,1,6,1,6,6,6,1,1,1,1,6,6,1,1,6,1,6,1,6,6,6,1,1,6,6,6,1,1,6,6,1,1,6,6,1,6,1,6,6,6,6,6,1,6,9,9,9,9,9,9,9,9,9,9,9,1,1,6,6,6,1,1,1,1,1,1,6,1,9,9,9,9,9,9,9,9,9,1,6,6,1,1,6,1,6,1,6,6,6,6,6,1,6,1,1,6,6,6,6,1,6,1,6,6,1,1,6,1,6,1,1,6,6,6,6,1,6,6,6,6,1,1,1,6,1,1,6,6,1,6,6,6,1,1,6,1,1,6,6,6,1,1,1,6,1,6,6,1,1,6,1,6,6,1,6,1,6,1,1,1,1,6,6,6,6,6,6,1,6,1,6,6,1,1,6,6,1,1,6,1,6,1,6,6,6,6,1,1,6,6,6,6,1,6,6,1,1,1,1,1,6,6,6,6,6,6,6,1,6,6,1,1,1,1,1,6,6,1,1,6,1,6,6,6,6,6,1,6,6,1,1,6,6,6,6,6,6,1,6,1,1,6,6,6,1,1,6,6,6,6,1,6,6,6,6,1,1,6,6,6,6,6,6,1,1,1,6,6,1,1,1,6,6,1,6,1,1,6,6,6,6,6,1,6,1,1,1,1,1,6,6,6,1,6,1,6,6,1,6,6,1,1,6,1,6,1,6,6,6,9,9,9,9,9,1,6,6,6,6,1,1,6,1,1,1,1,6,6,6,1,1,6,6,6,1,1,1,6,6,1,1,1,1,1,6,6,1,6,1,1,6,6,1,6,1,1,6,6,1,1,6,1,1,6,6,6,6,6,6,6,1,6,1,6,6,1,1,1,6,6,6,1,1,1,6,6,6,6,6,6,6,6,6,6,6,6,6,6,1,6,6,1,1,1,6,6,6,1,6,1,6,6,6,1,1,1,1,6,1,1,1,1,1,6,6,1,1,1,6,6,6,1,1,1,6,6,6,6,1,1,6,1,1,6,1,6,6,6,6,1,1,6,1,1,6,6,6,1,1,1,6,6,6,1,1,6,6,6,6,1,6,1,1,6,6,1,6,6,6,6,6,1,1,1,1,6,6,1,1,1,1,6,6,6,1,1,6,6,6,6,6,6,6,6,1,6,1,6,1,1,6,6,6,6,1,6,6,6,1,6,1,1,6,1,1,6,6,1,1,1,1,7,1,6,6,6,1,1,1,6,6,6,6,6,6,6,1,6,6,6,6,6,1,6,6,6,6,6,1,6,1,1,6,6,6,6,6,1,1,1,6,6,6,6,1,6,6,6,1,1,6,6,1,1,1,1,6,1,1,1,1,6,1,1,1,1,6,6,1,1,7,1,1,6,6,6,6,1,6,1,1,1,6,1,6,1,1,6,1,1,1,1,1,1,1,6,6,6,1,1,1,1,1,1,1,1,1,1,1,1,6,1,1,1,1,1,1,1,1,1,1,1,1,1,1,1,1,6,1,1,1,6,6,6,6,1,6,1,1,1,1,1,1,1,1,1,1,1,1,6,1,1,1,1,1,1,1,1,6,1,1,6,6,1
401,29903,NAPOLITANO,100,6,6,6,1,6,1,6,6,6,1,6,1,1,1,1,1,1,1,1,6,1,6,1,1,6,6,1,1,1,6,6,6,1,6,6,1,1,1,1,1,1,1,1,6,1,1,1,1,1,6,6,1,6,6,6,1,6,6,1,1,6,6,1,6,9,1,6,6,6,6,6,6,6,6,6,6,6,1,1,6,6,6,6,6,1,1,6,6,6,6,6,6,6,6,6,6,6,6,1,6,1,6,6,1,1,1,1,1,1,1,1,1,6,6,6,6,1,1,6,6,1,6,1,1,6,1,6,6,6,6,6,6,1,6,6,6,6,6,1,1,1,1,1,1,1,1,6,1,1,1,6,1,1,1,1,1,6,1,1,6,6,6,1,1,1,1,6,6,1,1,9,1,1,1,6,6,6,6,6,1,6,1,1,1,6,1,6,6,1,6,6,1,6,1,1,6,6,6,6,6,6,6,6,1,6,1,6,1,1,6,6,6,6,1,6,6,6,6,1,1,1,1,6,6,1,1,1,6,6,1,9,1,1,6,1,1,1,1,6,6,1,1,6,1,6,6,1,1,1,1,6,6,6,1,6,1,9,9,9,9,9,9,9,9,9,9,9,1,1,6,6,1,6,6,6,1,1,1,1,1,6,1,1,1,9,9,9,9,9,9,9,9,9,9,9,9,9,9,9,9,9,9,9,9,9,9,9,9,9,9,9,9,9,9,9,9,9,9,9,9,9,9,9,9,9,9,9,9,9,9,9,9,9,9,9,9,9,9,9,9,9,9,9,9,9,9,9,9,9,9,9,9,9,9,9,9,9,9,9,9,9,9,9,9,9,9,9,9,9,9,9,9,9,9,9,9,9,9,9,9,9,9,9,9,9,9,9,9,9,9,9,9,9,9,9,9,9,9,9,9,9,9,9,9,9,9,9,9,9,9,9,9,9,9,9,9,9,9,9,9,9,9,9,9,9,9,9,9,9,9,9,9,9,9,9,9,9,9,9,1,6,6,1,6,6,6,6,6,1,6,6,6,6,6,6,6,6,1,1,1,1,6,6,1,1,6,6,6,6,1,6,1,6,1,1,1,6,6,1,6,6,1,6,1,6,6,6,6,1,1,6,1,6,1,1,6,6,1,1,1,1,1,6,1,1,1,6,6,6,6,6,6,1,6,1,6,6,6,1,1,1,1,6,6,1,1,6,1,9,9,6,6,1,1,1,6,6,6,1,1,6,6,1,1,6,6,1,6,1,6,6,9,9,9,9,9,1,1,6,6,1,1,1,1,1,1,1,1,1,1,6,6,1,1,1,1,1,1,6,1,6,6,1,1,1,1,6,6,1,1,6,6,1,1,6,1,6,1,6,6,6,6,6,1,6,1,1,1,6,6,6,1,6,1,6,6,1,1,6,1,6,1,1,1,6,6,1,1,6,6,6,6,1,1,1,6,1,6,6,6,1,6,6,6,1,1,6,1,1,6,1,6,1,1,1,1,6,6,6,1,1,6,1,6,6,1,1,1,6,1,6,1,1,6,6,6,6,6,6,1,6,1,6,9,9,9,6,6,1,1,6,1,9,9,9,9,9,9,9,9,9,9,9,9,9,9,9,9,9,1,1,1,1,1,1,6,6,6,6,1,1,1,1,6,1,1,1,6,6,1,1,6,1,1,6,6,6,6,1,6,6,1,6,6,6,6,6,6,6,1,6,1,1,6,6,6,1,1,1,6,6,6,6,6,6,6,6,1,1,1,6,6,6,6,6,6,1,1,6,6,1,1,1,1,6,1,6,1,1,6,6,6,6,6,1,6,6,1,1,1,1,6,6,6,1,6,1,6,6,1,6,6,1,1,6,1,6,1,6,6,6,1,1,6,6,1,1,6,1,6,6,1,1,6,1,1,1,1,1,6,6,6,1,6,6,6,1,1,1,6,6,1,1,1,1,1,6,6,1,6,1,1,6,6,1,6,1,1,6,6,1,1,9,1,1,6,6,6,9,6,6,6,1,6,1,6,6,9,9,1,6,6,6,1,1,1,6,6,6,6,6,6,6,6,6,9,6,6,1,6,1,6,6,1,1,1,6,6,6,1,6,6,6,6,6,1,1,1,1,6,1,1,1,1,1,6,6,1,1,1,6,6,1,1,1,1,6,6,6,6,1,1,6,1,1,6,1,6,6,6,6,1,1,6,1,1,1,6,6,1,1,6,6,6,1,9,9,9,6,6,6,1,6,1,6,6,6,1,6,6,6,6,6,1,1,1,1,6,6,1,6,1,1,6,6,6,1,1,1,1,6,6,6,6,6,1,1,6,1,6,9,9,9,9,9,9,9,9,6,6,1,6,6,1,6,1,1,6,6,1,1,1,1,7,1,6,6,6,1,1,1,6,6,6,6,6,6,6,1,6,6,6,6,6,1,6,6,6,6,6,1,6,1,1,6,6,6,6,6,1,1,1,6,6,6,6,1,6,6,6,1,1,6,6,1,1,1,1,6,6,1,1,1,6,1,1,1,1,6,6,9,1,6,1,6,6,6,6,6,1,6,1,1,1,6,1,6,1,1,6,1,1,1,1,1,1,1,6,6,1,1,1,1,1,1,1,1,1,1,1,1,1,6,1,1,1,1,1,1,1,1,1,1,1,1,1,1,9,1,6,1,1,1,6,6,6,6,1,6,1,1,1,9,1,1,1,1,1,1,1,1,6,1,1,1,1,1,1,1,1,6,1,1,6,6,1
402,29908,LARSON,100,6,6,6,1,6,1,6,6,6,6,6,1,1,1,1,1,1,1,1,6,1,6,1,1,6,6,6,1,1,1,6,6,1,6,6,1,1,1,1,1,1,1,1,6,1,1,1,1,1,6,6,1,6,6,6,1,6,6,9,1,6,6,1,6,1,1,6,6,6,6,6,6,6,6,6,6,6,1,1,6,6,6,6,6,1,1,6,6,6,6,6,6,6,6,6,6,6,6,1,6,1,6,6,1,1,1,1,1,1,1,1,1,6,6,6,6,1,1,6,6,1,6,1,1,6,1,6,6,6,6,1,6,1,6,1,6,9,9,1,1,1,9,1,1,1,1,6,1,1,1,6,1,1,1,1,1,6,1,1,6,6,6,1,1,1,1,6,6,1,1,1,1,1,1,6,6,1,6,6,1,6,1,1,9,6,1,6,6,6,6,6,1,6,1,1,6,6,6,6,6,6,6,6,1,6,1,6,1,1,6,6,6,6,9,1,9,6,6,1,1,1,9,6,6,1,1,1,6,6,1,1,1,6,9,9,1,1,1,6,6,1,1,6,1,9,6,1,1,1,6,6,6,6,1,6,1,1,6,6,6,1,6,6,6,1,9,9,1,1,6,6,1,6,6,6,1,1,1,1,1,6,1,1,1,9,1,6,9,6,6,6,1,1,6,6,6,6,6,1,1,6,6,1,1,6,1,6,1,1,6,6,6,1,1,6,6,1,6,1,6,1,1,1,6,6,1,1,1,1,6,6,6,6,6,1,6,1,6,6,9,6,1,1,9,1,6,6,1,1,1,6,6,6,6,6,6,1,1,1,1,6,1,1,6,1,6,6,6,6,1,6,6,6,6,1,1,1,1,1,1,6,6,1,1,1,1,1,1,1,6,6,6,6,1,1,1,6,1,1,1,6,1,1,1,6,6,6,1,6,6,6,1,6,6,6,6,1,6,6,6,1,1,1,1,6,6,6,6,1,1,1,1,1,6,6,9,9,1,1,1,6,6,1,6,6,6,6,6,1,6,6,6,6,6,6,6,6,1,1,1,1,6,6,1,1,6,6,6,6,1,1,1,6,1,1,1,6,6,1,6,6,1,9,1,6,6,6,6,1,1,6,1,6,1,1,6,6,1,1,1,1,1,6,1,1,1,6,6,6,6,6,6,1,6,9,9,9,9,9,9,9,9,9,9,9,9,9,9,6,1,6,6,6,1,1,6,6,6,1,1,6,9,1,1,6,6,1,6,1,6,6,6,1,6,1,6,1,1,6,6,1,1,1,1,1,1,1,1,1,6,6,6,1,1,1,1,1,1,6,1,9,9,9,1,1,1,6,6,1,1,6,6,1,1,6,1,6,1,6,6,6,6,1,1,6,1,9,6,6,6,1,1,6,1,6,6,1,1,6,1,6,1,1,1,6,6,9,1,6,1,6,6,1,1,1,6,1,6,9,6,6,6,6,6,1,1,6,1,1,6,1,6,1,1,1,6,1,6,6,1,1,6,1,6,6,1,6,1,6,9,1,1,1,6,6,6,6,6,1,1,6,1,6,9,9,9,6,6,1,1,6,1,6,1,6,6,6,6,1,1,6,6,6,6,1,6,6,6,9,1,1,1,9,9,9,6,6,6,6,1,6,1,1,6,1,1,1,6,6,1,1,6,1,6,6,6,6,6,1,6,6,1,1,6,6,6,6,6,6,1,1,1,1,6,6,6,1,1,1,6,6,6,6,6,6,6,6,1,1,6,6,9,6,6,6,1,1,1,6,6,1,1,1,6,6,1,6,1,1,6,6,6,6,6,1,6,1,1,1,1,1,6,6,6,1,6,1,6,1,1,6,6,1,1,6,1,6,1,6,6,6,1,1,6,6,1,1,1,1,6,6,1,1,1,1,1,1,1,1,6,6,6,1,6,6,6,1,1,1,6,6,1,1,1,1,1,6,6,1,6,1,1,6,6,6,6,1,1,6,6,1,1,9,1,1,6,6,6,6,6,6,6,1,6,6,1,9,1,1,1,6,6,6,1,1,6,6,6,6,6,6,6,6,6,6,6,6,6,1,6,1,6,6,1,1,1,6,6,6,1,1,1,6,6,6,6,6,1,1,6,1,1,1,1,1,6,1,1,1,1,6,6,1,1,1,1,6,6,1,6,1,1,6,1,1,1,1,6,6,6,6,6,1,6,1,1,1,6,6,1,1,1,6,9,9,1,1,1,6,6,6,1,1,1,1,6,6,1,6,6,6,6,6,1,1,1,1,6,6,1,1,1,1,6,6,6,1,1,1,6,6,6,6,6,6,1,1,1,1,1,1,1,6,6,6,6,1,6,6,6,1,6,1,1,6,1,1,6,6,1,1,1,1,7,1,6,6,6,1,1,1,6,6,6,6,6,6,6,1,6,6,6,6,6,1,6,6,6,6,6,1,6,1,1,6,6,6,6,6,1,1,1,6,6,6,1,1,6,6,6,1,1,6,6,1,9,1,1,6,6,1,1,9,6,1,1,1,1,6,6,1,1,1,1,1,6,6,6,6,1,6,1,1,1,9,1,6,1,1,6,1,1,1,1,1,1,1,6,6,1,1,1,1,1,1,1,1,1,1,1,1,1,6,1,1,1,1,1,1,1,1,1,1,1,1,1,1,1,1,1,1,1,1,6,6,6,6,1,6,9,1,1,1,1,1,1,1,1,1,1,1,6,9,1,1,9,1,1,1,1,6,1,1,6,6,9
403,29910,SIMPSON,200,1,1,1,6,1,6,1,1,1,1,1,6,6,6,6,6,6,6,6,1,6,1,9,9,1,1,1,6,6,1,1,1,1,1,1,6,6,6,6,6,6,6,6,1,6,6,6,6,6,1,1,6,1,1,1,6,1,1,1,1,1,1,6,1,1,1,1,1,1,1,1,1,1,1,1,1,1,1,1,1,1,1,1,1,1,1,9,1,1,1,1,1,1,1,1,1,1,1,1,1,1,1,1,1,6,6,6,6,6,6,6,6,1,1,1,1,6,6,1,1,6,1,6,6,1,1,1,1,1,1,6,1,6,6,1,6,1,1,6,6,6,6,6,6,6,6,1,6,6,6,1,6,6,6,6,6,1,1,1,1,1,1,1,6,6,6,1,1,1,1,9,1,1,1,1,1,1,1,1,1,1,6,1,6,1,1,1,1,1,1,1,1,1,9,9,9,9,9,9,9,9,1,1,6,1,6,1,9,9,1,1,1,1,6,1,1,1,1,1,1,1,1,1,1,1,1,9,1,1,1,1,1,1,1,1,1,1,1,1,1,1,6,1,1,1,1,1,1,1,1,1,1,1,1,1,1,1,1,1,1,1,1,1,1,1,6,1,1,1,9,1,1,1,1,1,1,1,6,6,6,1,6,1,1,1,1,1,1,1,1,1,6,1,1,1,1,1,1,1,1,1,1,1,6,1,1,9,1,1,1,1,1,6,1,1,1,6,1,1,1,1,1,1,1,1,1,1,1,1,1,1,1,1,1,6,1,1,1,1,6,1,6,1,1,1,1,1,1,6,6,1,6,1,1,1,6,6,6,6,6,1,6,6,6,6,1,1,1,6,6,1,1,1,1,1,6,1,1,1,1,1,1,1,6,6,6,6,6,6,1,1,1,1,6,6,6,1,6,6,6,1,1,6,6,1,1,1,1,1,1,1,1,1,1,6,6,6,6,6,6,6,6,6,1,1,1,6,1,1,6,6,6,6,1,1,1,1,1,1,1,1,1,1,1,6,6,6,6,6,6,6,6,6,1,6,1,1,6,6,6,6,1,6,6,6,6,1,6,1,6,1,6,6,6,6,6,1,1,1,6,6,6,1,1,1,1,1,1,6,1,6,1,6,6,6,1,1,6,6,6,6,6,6,6,6,6,6,6,6,6,1,6,6,1,6,1,1,6,6,6,6,6,6,1,1,6,1,1,1,1,1,1,1,6,6,1,1,1,1,6,1,1,9,9,1,1,6,1,1,1,1,6,6,6,6,1,1,1,1,1,1,1,6,1,1,6,1,1,1,1,1,1,1,6,6,6,6,6,1,1,1,1,1,6,6,6,1,1,1,9,1,1,6,6,1,6,1,1,1,1,1,1,9,6,1,1,1,1,1,1,1,6,1,1,1,1,1,6,1,1,1,1,1,1,1,1,1,6,1,1,1,1,1,1,1,1,1,1,1,1,6,1,1,1,6,6,6,1,6,1,1,1,6,9,9,9,1,1,1,1,6,1,1,1,1,1,1,1,1,1,9,9,6,1,1,1,1,1,1,6,1,6,1,1,1,1,1,1,1,6,1,1,1,1,9,1,1,1,1,9,9,9,1,1,1,1,1,1,1,1,1,1,6,6,6,1,1,1,1,1,1,6,6,1,1,1,1,1,1,1,1,1,1,1,1,1,1,1,6,1,1,1,1,1,6,9,1,1,1,1,1,1,1,1,1,1,1,1,1,1,1,1,1,1,1,1,1,1,1,1,1,1,1,1,1,1,1,1,1,1,1,1,6,1,1,6,1,1,1,1,1,1,1,1,6,1,1,9,1,1,6,1,1,1,6,1,6,1,9,9,1,1,1,6,1,6,1,6,1,1,1,1,1,1,1,1,6,1,1,1,1,1,1,1,1,1,9,9,9,9,9,9,9,9,9,9,1,1,1,9,9,9,9,9,1,1,1,1,6,1,1,6,6,1,6,1,6,1,6,1,6,1,1,1,1,1,1,1,1,1,1,1,6,1,6,1,1,1,1,1,1,1,1,1,1,1,1,1,1,6,6,6,1,6,1,1,6,6,1,1,6,1,1,1,1,1,1,1,1,6,1,1,1,1,1,6,6,6,6,1,1,6,6,1,6,1,1,1,1,1,1,1,1,6,1,1,1,1,1,1,6,6,6,6,6,6,6,6,6,1,1,6,6,1,1,1,1,1,1,1,1,1,1,1,1,9,9,9,1,1,1,6,1,6,1,1,1,6,6,1,1,1,1,6,1,1,1,1,1,1,1,1,6,1,1,1,6,1,6,6,1,1,1,6,6,6,6,6,6,1,1,1,1,1,1,1,6,1,1,1,6,1,1,9,9,9,9,9,9,9,9,9,1,1,1,1,1,6,6,1,6,6,1,1,1,1,1,1,6,1,1,6,6,1,6,1,1,1,1,1,6,1,1,1,1,1,1,1,1,9,1,6,1,1,1,1,6,1,1,1,6,1,1,1,6,6,6,6,1,1,1,1,1,1,1,1,1,1,1,1,1,1,1,1,1,1,1,1,1,6,1,1,1,1,1,1,1,1,1,9,9,1,9,9,1,1,1,1,1,1,1,1,1,1,1,1,1,1,1,1,1,1,1,1,1,1,1,1,1,1,1,9,9,1,1,1,1,1,1,1,1,1,1,1,1,1,1,1,1,1,1,1,1,1,1,1,1,1,1,1,1,1,1,1,1,1,1,1,1,1,1,1,1,6,1,1
404,29911,SCHAKOWSKY,100,6,6,6,1,6,1,6,6,6,6,6,1,1,1,1,1,1,1,1,6,1,6,1,1,9,9,9,9,9,9,6,6,1,6,6,1,1,1,1,1,1,1,1,6,1,1,1,1,1,6,6,1,6,6,6,1,6,6,1,1,6,6,1,6,1,1,6,6,6,6,6,6,6,6,6,6,6,1,1,6,6,6,6,6,1,1,6,6,6,6,6,6,6,6,6,6,6,6,1,6,1,6,6,1,1,1,1,1,1,1,1,1,6,6,6,6,1,1,6,6,1,6,1,1,6,1,6,6,6,6,1,6,1,1,6,1,6,6,1,1,1,1,1,1,1,1,6,1,1,1,6,1,1,1,1,1,6,1,1,6,6,6,6,1,1,1,6,6,9,1,6,1,1,1,6,6,1,6,6,1,6,1,1,1,6,1,6,6,6,6,6,1,6,1,1,6,6,6,6,6,6,6,6,1,6,1,6,1,1,6,6,6,6,1,6,6,6,6,6,1,1,1,6,6,1,6,6,6,6,1,1,1,6,6,1,1,1,1,6,6,1,1,6,6,6,6,1,1,1,6,6,6,6,1,6,1,1,6,6,6,1,6,6,6,1,1,6,6,6,6,6,1,6,6,6,1,1,1,1,1,6,1,6,1,1,1,6,6,6,6,6,1,6,6,6,6,6,6,1,1,6,6,6,1,6,6,6,1,1,6,6,6,1,6,6,6,1,6,1,6,1,1,1,6,6,6,1,1,1,6,6,6,6,6,1,6,1,6,6,1,6,1,6,1,1,6,6,1,1,1,6,1,6,6,6,1,1,1,1,1,6,1,1,1,1,6,6,6,6,6,6,6,6,6,1,1,6,1,1,1,6,6,1,1,1,1,1,1,1,6,6,6,6,1,1,1,6,1,1,1,6,6,1,1,6,6,6,1,6,6,6,1,6,6,6,6,1,6,1,1,1,1,1,1,6,6,6,6,1,1,1,1,1,6,6,6,1,1,1,1,6,6,6,6,6,6,6,6,1,6,6,6,6,6,6,6,6,1,1,1,1,6,6,1,1,6,6,6,6,1,6,1,6,1,1,1,6,6,1,6,6,1,6,1,6,6,6,6,1,1,6,1,6,1,1,6,6,1,1,1,1,1,6,1,1,1,6,6,6,6,6,6,1,6,1,6,6,6,1,1,1,1,6,6,1,1,6,1,6,1,6,6,6,1,1,6,6,6,1,1,6,6,1,1,6,6,1,6,1,6,6,1,1,6,1,6,1,1,6,6,1,1,1,1,1,1,1,1,1,6,6,6,1,1,1,1,1,1,6,1,6,6,6,1,1,1,6,6,1,1,6,6,1,1,6,1,6,1,6,6,6,6,6,1,6,1,1,6,6,6,6,1,6,6,6,6,1,1,6,1,6,1,1,6,6,6,6,1,6,6,6,6,1,1,1,6,1,6,6,6,1,6,6,6,1,1,6,1,1,6,6,6,1,1,1,6,6,6,6,1,1,6,1,6,6,1,6,1,6,1,1,1,1,6,6,6,6,6,6,1,6,1,6,6,1,1,6,6,1,1,6,1,6,1,6,6,6,6,1,1,6,6,6,6,1,6,6,6,1,1,1,1,1,1,9,6,6,6,6,1,6,1,1,6,1,1,1,6,6,1,1,6,1,6,6,6,6,6,1,6,6,1,6,6,6,6,6,6,6,1,6,1,1,6,6,6,1,1,6,6,6,6,6,6,6,6,6,1,1,6,6,6,6,6,6,6,1,1,6,6,1,1,1,6,6,1,6,1,1,6,6,6,6,6,1,6,1,1,1,1,1,6,6,6,1,6,1,6,6,1,6,6,1,1,6,1,6,1,6,6,6,1,1,6,6,6,1,6,6,6,6,1,1,6,1,1,1,1,9,6,6,6,1,6,6,6,1,1,1,6,6,1,1,1,1,1,6,6,1,6,1,1,6,6,1,6,1,1,6,6,1,1,6,1,1,6,6,6,6,6,6,6,1,6,1,6,6,1,1,1,6,6,6,1,1,6,6,6,6,6,6,6,6,6,6,6,6,6,1,6,1,6,6,1,1,1,6,6,6,1,6,6,6,6,6,1,1,1,1,6,1,1,6,1,1,6,6,1,1,1,6,6,6,1,1,1,6,6,6,6,1,1,6,1,1,6,1,6,6,6,6,1,1,6,1,1,6,6,9,1,1,6,6,6,6,1,1,6,6,6,6,1,6,1,6,6,6,1,6,6,6,6,6,1,1,1,1,6,6,1,6,1,1,6,6,6,1,1,6,6,6,6,6,6,6,1,1,1,1,6,1,1,6,6,6,6,1,6,6,6,1,6,6,1,6,1,1,6,6,6,1,1,1,6,1,6,6,6,1,1,1,6,6,6,6,6,6,6,1,6,6,6,6,6,1,6,6,6,6,6,1,6,1,1,6,6,6,6,6,1,1,1,6,6,6,6,1,6,6,6,1,1,6,6,1,1,1,1,6,6,1,1,1,6,1,6,1,1,6,6,1,1,6,1,6,6,6,6,6,1,6,1,1,1,6,1,6,1,1,6,1,1,1,1,1,1,9,6,6,6,1,1,1,1,1,1,1,1,1,1,1,1,6,1,1,1,1,1,1,1,1,1,1,1,1,1,1,1,1,6,1,1,1,6,6,6,6,1,6,1,1,1,1,1,1,1,1,1,1,1,1,6,1,1,1,1,1,1,1,6,6,1,1,6,6,1
405,29919,CAPUANO,100,6,6,6,1,6,1,6,6,6,7,6,1,1,1,1,1,1,1,1,6,1,6,1,1,6,6,6,1,1,6,6,6,1,6,6,1,1,1,1,1,1,1,1,6,1,1,1,1,1,6,6,1,6,6,6,1,6,6,1,1,6,6,1,6,1,1,6,6,6,6,6,6,6,6,6,6,6,1,1,6,6,6,6,6,1,1,6,6,6,6,6,6,6,6,6,6,6,6,1,6,1,6,6,1,1,1,1,1,1,1,1,9,6,6,6,6,1,1,6,6,1,6,1,1,6,1,6,6,6,6,6,6,6,6,6,6,6,6,1,1,1,1,1,1,1,1,6,1,1,1,6,1,1,1,1,1,6,1,1,6,6,6,6,1,1,1,9,6,1,1,6,1,1,1,6,6,1,6,6,1,6,1,1,1,6,1,6,6,6,6,6,1,6,1,1,6,6,6,6,6,6,6,6,1,6,1,6,1,1,6,6,6,6,1,6,6,6,6,1,6,1,1,6,6,6,6,6,6,6,1,1,1,6,6,1,1,1,1,6,6,1,1,6,6,6,6,1,1,1,6,6,6,6,1,6,1,1,6,6,6,1,6,6,6,1,1,6,6,6,6,6,1,6,6,6,1,1,1,1,1,6,1,1,1,1,1,6,6,6,6,6,1,6,6,6,6,6,6,1,1,6,6,6,1,6,1,6,1,1,6,6,6,1,6,6,6,1,6,1,6,1,1,1,6,6,6,1,1,1,6,6,6,6,6,1,6,1,6,6,1,6,1,6,1,1,6,6,1,1,1,6,6,6,6,6,6,1,1,1,1,6,1,1,6,1,6,6,6,6,6,6,6,6,6,1,1,6,1,1,1,6,6,1,1,1,1,1,1,1,6,6,6,6,1,1,1,6,1,1,1,6,1,1,1,6,6,6,1,6,6,6,1,6,6,6,6,6,6,1,1,1,1,1,1,6,6,6,6,1,1,1,1,1,6,6,6,1,1,1,1,6,6,6,6,6,6,6,6,1,6,6,6,6,6,6,6,6,1,1,1,1,6,6,1,1,6,6,6,6,1,6,1,6,1,1,1,6,6,1,6,6,1,6,1,6,6,6,6,1,1,6,1,6,1,1,6,6,1,1,1,1,1,6,1,1,1,6,6,6,6,6,6,1,6,1,6,6,6,1,1,1,1,6,6,1,1,6,1,6,1,6,6,6,1,1,6,6,6,1,1,6,6,1,1,6,6,1,6,1,6,6,1,1,6,1,6,1,1,6,6,1,1,1,1,1,1,1,1,1,6,6,6,1,1,1,1,1,1,6,1,6,6,6,1,1,1,6,6,1,1,6,6,1,1,6,1,6,1,6,6,6,6,1,1,6,1,1,6,6,6,6,1,6,1,6,6,1,1,6,1,6,1,1,6,6,6,6,1,6,6,6,6,1,1,1,6,1,6,6,6,1,6,6,6,1,1,6,1,1,6,6,6,1,1,1,6,6,6,6,1,1,6,1,6,6,1,6,1,6,1,1,1,1,6,6,6,6,6,6,1,6,1,6,9,9,9,6,6,1,1,6,1,6,1,6,6,6,6,1,1,6,6,6,6,1,6,6,6,1,1,1,1,1,1,1,6,6,6,6,1,6,1,1,6,1,1,1,6,6,1,1,6,1,6,6,6,6,6,1,6,6,1,6,6,6,6,6,6,6,1,6,1,1,6,6,6,1,1,1,6,6,6,6,6,6,6,6,1,1,6,6,6,6,6,6,6,1,1,6,6,1,1,1,6,6,1,6,1,1,6,6,6,6,6,1,6,6,1,1,1,1,6,6,6,9,6,1,6,9,9,6,6,1,1,6,1,6,1,6,6,6,9,9,6,6,1,1,6,6,6,6,1,1,6,1,1,1,1,6,6,6,6,1,6,6,6,1,1,1,6,6,1,1,1,1,1,9,9,1,6,1,1,6,6,1,6,1,1,6,6,1,1,6,9,9,6,6,6,6,6,6,6,1,6,1,1,6,9,9,9,6,6,6,1,1,6,6,6,6,6,6,6,6,6,6,6,6,6,1,6,1,6,6,1,1,1,6,6,6,1,6,6,6,6,6,1,1,1,1,6,1,1,1,1,1,6,6,1,1,1,6,6,6,1,1,1,6,6,6,6,1,1,6,1,1,6,1,6,6,6,6,1,1,6,1,1,6,6,6,1,1,1,6,6,6,9,9,9,6,6,6,1,6,1,1,6,6,1,6,6,6,6,6,1,1,1,1,6,6,1,6,1,1,6,6,6,1,1,1,6,6,6,6,6,6,1,1,1,1,6,1,1,6,6,6,6,1,6,6,6,1,6,6,1,6,1,1,6,6,1,1,1,1,7,1,6,6,6,1,1,1,6,6,6,6,6,6,6,1,6,6,6,6,6,1,6,6,6,6,6,1,6,1,1,6,6,6,6,6,1,1,1,6,6,6,6,9,9,9,9,9,9,9,9,9,9,9,9,9,9,1,1,1,6,1,1,9,1,6,6,1,1,9,1,6,6,6,6,6,1,6,1,9,9,6,9,9,1,1,6,1,1,1,1,1,1,1,6,6,6,1,1,1,1,1,1,1,1,1,1,1,1,9,9,9,9,9,9,1,1,1,1,1,1,1,1,1,9,1,6,1,1,1,9,9,9,9,9,9,9,9,9,9,9,9,9,9,9,9,9,9,9,9,9,9,9,9,9,9,9,9,9,9,9,9,9
406,29925,CROWLEY,100,6,6,6,1,6,1,6,6,6,1,9,1,1,1,1,1,1,1,1,6,1,6,1,1,9,6,6,1,1,1,6,6,1,6,1,1,1,1,1,1,1,1,1,6,1,1,1,1,1,6,6,1,6,9,9,1,6,6,1,1,6,6,1,6,1,1,6,6,6,6,6,6,6,6,6,6,6,1,1,6,6,6,6,6,1,1,6,6,6,6,6,6,6,6,6,6,6,6,1,6,1,6,6,1,1,1,1,1,1,1,1,1,6,6,6,6,1,1,6,6,1,6,1,1,6,1,6,6,6,6,1,6,1,1,1,1,6,6,1,1,1,1,1,1,1,1,6,1,1,1,6,1,1,1,1,1,6,1,1,6,6,6,6,1,1,1,6,6,9,9,6,1,1,1,6,6,1,6,6,1,6,1,1,1,6,1,6,6,6,6,6,1,6,1,1,6,6,6,6,6,6,6,6,1,6,1,6,1,1,6,6,6,6,1,1,6,6,6,1,1,1,1,6,6,1,1,1,6,6,1,1,1,6,6,1,1,1,1,6,6,1,1,6,6,6,6,1,1,1,6,6,6,6,1,6,1,1,6,6,6,1,6,6,6,1,1,6,1,1,6,6,1,6,6,6,1,1,1,1,1,6,1,1,1,1,1,6,6,6,6,6,1,6,6,6,6,6,6,1,1,6,6,6,1,6,6,6,1,1,6,6,6,1,6,6,6,1,6,1,1,6,1,1,6,6,6,1,1,1,6,6,6,6,6,1,6,1,6,6,1,6,1,6,1,1,9,9,9,1,1,6,1,6,6,6,1,1,1,1,1,6,1,1,1,1,6,6,6,6,1,6,6,6,6,1,1,6,1,1,1,6,6,1,1,1,1,1,1,1,6,6,6,6,1,1,1,6,1,1,1,6,6,1,1,6,9,9,9,9,9,9,9,6,6,6,6,1,6,1,1,1,1,1,1,6,6,6,6,1,1,1,1,1,6,6,1,1,1,1,1,6,6,6,6,6,6,6,6,1,6,6,6,6,6,6,6,6,1,1,1,1,6,6,1,1,6,6,6,6,1,6,1,6,1,1,1,6,6,1,6,6,1,6,9,9,6,6,6,1,1,6,1,6,1,1,6,6,1,1,1,1,1,6,1,1,1,6,6,6,6,6,6,1,6,1,6,6,6,1,1,1,1,6,6,1,1,6,1,6,1,6,6,6,1,1,6,6,6,1,1,6,6,9,9,9,9,1,6,1,6,6,1,1,6,1,6,1,1,6,6,1,1,1,1,1,1,1,1,1,6,6,6,1,1,1,1,1,1,6,1,6,6,6,1,1,1,6,6,1,1,6,6,1,1,6,1,6,1,6,6,6,6,6,1,6,1,1,6,6,6,6,1,6,1,6,6,1,1,6,1,6,1,1,6,6,6,6,1,6,6,6,6,1,1,1,6,1,6,6,6,1,6,6,6,1,1,6,1,1,6,6,6,1,1,1,6,1,6,6,1,1,6,1,6,6,1,6,1,6,1,1,1,1,6,6,6,6,6,6,1,6,1,6,6,1,1,6,6,1,1,6,1,6,1,6,6,6,6,1,1,6,9,6,6,1,6,6,6,1,1,1,1,1,1,1,6,6,6,6,1,6,1,1,6,1,1,1,6,6,1,1,6,1,6,6,6,6,6,1,6,6,1,1,6,6,6,6,6,6,1,6,1,1,6,6,6,1,1,6,6,6,6,6,6,6,6,6,1,1,6,6,6,6,6,6,6,1,1,6,6,1,1,1,6,6,1,6,1,1,6,6,6,6,6,1,6,1,1,1,1,1,6,6,6,1,6,1,6,9,9,6,6,1,1,6,1,6,1,6,6,6,1,1,6,6,1,1,6,6,6,6,1,1,6,1,1,1,1,1,6,6,6,1,6,6,6,1,1,1,6,6,1,1,1,1,1,6,6,1,6,1,1,6,6,6,6,1,1,6,6,1,1,6,1,1,6,6,6,6,6,6,6,1,6,9,9,9,1,1,1,6,6,6,1,1,1,6,6,6,6,6,6,6,6,6,6,6,6,1,6,1,6,6,1,1,1,6,6,6,1,6,1,6,6,6,1,1,1,1,6,1,1,1,1,1,6,6,1,1,1,6,6,6,1,1,1,6,6,6,6,1,1,6,1,1,6,1,6,6,6,6,1,1,6,1,1,6,9,9,9,9,1,6,6,6,1,1,6,6,6,6,1,6,1,1,6,6,1,6,6,6,6,6,9,9,1,1,9,9,9,9,9,9,9,9,9,9,9,9,9,6,6,9,9,9,9,9,9,9,9,1,1,6,6,6,6,1,6,6,6,1,6,1,1,6,1,1,9,9,1,1,1,1,6,1,6,6,6,1,1,1,6,6,6,6,6,6,6,1,6,6,6,6,6,1,6,6,6,6,9,9,6,1,1,6,6,6,6,6,1,1,1,6,6,6,1,1,6,6,6,1,1,6,6,1,1,1,1,6,6,1,1,1,6,1,1,1,1,6,6,1,1,6,1,6,6,6,6,6,1,6,1,1,1,6,9,9,1,1,6,1,9,1,1,1,1,1,6,6,6,1,1,1,1,1,1,1,1,1,1,1,1,9,9,9,9,9,9,9,9,9,9,9,9,9,9,9,9,9,9,9,9,9,9,9,9,9,9,9,9,9,9,9,9,9,9,9,9,9,9,9,9,9,9,9,9,9,9,9,9,9,9,9,9,9,9
407,29932,WALDEN,200,1,1,1,6,1,6,1,1,1,1,1,6,6,6,6,6,6,6,6,1,6,1,1,1,1,1,1,6,6,1,1,1,1,1,1,6,6,6,6,6,6,6,6,1,6,6,6,6,6,1,1,6,1,1,1,6,1,1,1,1,1,1,6,1,1,1,1,1,1,1,1,1,1,1,1,1,1,1,1,1,1,1,1,1,1,1,1,1,1,1,1,1,1,1,1,1,1,1,1,1,1,1,1,1,6,6,6,6,6,6,6,6,1,1,1,9,6,6,1,1,6,1,6,6,1,1,1,1,1,1,6,1,6,6,1,1,1,1,6,6,6,6,6,6,6,6,1,6,6,6,1,6,6,6,6,9,9,1,1,1,1,1,1,6,6,6,1,1,1,1,6,1,1,1,1,1,1,1,1,1,1,6,1,6,1,1,1,1,6,1,1,1,1,1,1,1,1,1,1,1,1,1,1,6,1,6,1,1,1,1,1,1,1,6,1,1,1,1,1,1,1,1,1,1,1,1,1,1,1,1,1,1,1,1,1,1,1,1,1,1,1,6,1,6,1,1,1,1,1,1,1,1,1,1,1,1,1,1,1,1,1,1,1,1,1,6,1,1,1,1,1,1,1,1,1,1,1,6,6,6,1,6,1,1,1,1,1,1,1,1,1,6,1,1,1,1,1,1,1,1,1,1,1,6,1,1,1,1,1,1,1,1,6,1,1,1,6,1,1,1,1,1,1,1,1,6,1,1,1,1,1,6,1,6,6,1,1,1,1,6,1,6,1,1,1,1,1,1,6,6,1,6,1,1,6,6,6,6,6,6,1,6,6,1,6,1,6,1,6,6,6,1,1,1,1,6,1,1,1,1,1,1,1,6,6,6,6,6,6,1,1,1,1,6,6,6,1,6,6,6,1,1,6,6,1,1,1,1,1,1,1,1,1,1,6,6,6,6,6,6,6,6,6,6,1,1,6,6,6,6,6,6,6,1,1,1,1,1,1,1,1,1,1,6,6,6,6,6,6,6,6,6,6,6,1,1,1,6,6,6,6,1,6,6,6,1,1,6,1,6,1,6,6,6,6,6,1,1,1,6,6,6,1,1,1,1,1,1,6,6,6,6,6,6,6,1,1,1,6,6,1,6,1,1,6,6,6,6,6,6,1,6,6,1,6,1,1,6,6,6,6,6,1,1,1,6,1,1,1,1,1,1,1,6,6,1,1,1,1,6,1,1,1,1,1,1,6,1,1,1,1,6,6,6,6,1,9,9,1,1,1,1,6,1,1,6,1,1,1,1,1,1,1,6,6,6,6,6,1,1,1,1,1,6,6,6,1,1,1,1,1,1,6,6,1,6,1,1,1,1,1,1,1,6,1,1,1,1,1,1,1,6,1,1,1,1,1,6,1,1,1,1,1,1,1,1,1,6,1,1,1,1,1,1,1,1,1,1,1,1,6,1,1,1,6,6,1,1,6,1,1,1,6,1,1,1,1,1,1,1,6,1,1,1,1,1,6,1,1,1,1,1,6,1,1,1,1,1,1,6,1,6,1,1,1,1,1,1,1,6,1,1,1,1,1,1,1,1,1,6,1,1,1,1,1,1,1,1,1,1,1,1,6,9,6,1,1,1,1,1,1,6,6,1,1,1,1,1,1,1,1,1,1,1,1,1,1,1,6,1,1,1,1,1,6,1,1,1,1,1,1,1,1,1,1,1,1,1,1,1,1,1,1,1,1,1,1,1,1,1,1,1,1,1,1,1,1,1,1,1,1,1,6,1,1,6,1,1,1,1,1,1,1,1,6,1,1,1,1,1,6,1,1,1,6,1,6,1,1,1,1,1,1,6,1,6,1,6,1,1,1,1,1,1,1,1,6,1,1,1,1,1,1,1,1,1,1,1,1,1,9,1,6,1,1,1,1,1,1,1,1,1,1,1,1,1,1,1,6,1,1,1,6,6,6,1,6,1,6,1,6,1,1,1,1,1,1,1,1,1,1,1,6,1,6,1,1,1,1,1,1,1,1,1,1,1,1,1,1,6,6,6,1,6,1,1,6,6,1,1,6,1,1,1,1,1,1,1,1,6,1,1,1,1,1,6,6,6,6,1,1,6,6,1,6,1,1,1,1,1,1,1,1,6,1,1,1,1,6,1,1,6,6,6,6,1,6,6,6,1,1,1,6,1,1,1,1,1,1,1,1,1,1,1,1,1,1,6,1,1,1,6,1,6,1,1,1,6,1,1,1,1,1,6,1,1,1,1,1,1,1,1,6,1,1,1,6,1,1,1,1,1,1,6,6,6,6,6,6,1,1,1,1,1,1,1,6,1,1,1,6,1,1,6,1,1,1,1,1,1,1,1,1,1,1,1,1,1,6,6,6,6,1,1,1,1,1,1,6,1,1,1,6,1,6,1,1,1,1,1,6,1,1,1,1,1,1,1,1,1,1,6,1,1,1,1,6,1,1,1,6,1,1,1,6,6,6,6,1,1,1,1,1,1,1,1,1,1,1,1,1,1,1,1,1,1,1,1,1,6,1,1,1,1,1,1,1,1,1,1,1,1,1,1,1,1,1,1,1,1,1,1,1,1,1,1,1,1,1,1,1,1,1,1,1,1,1,1,1,1,1,1,1,1,1,1,1,1,1,1,1,1,1,1,1,1,1,1,1,1,1,1,1,1,1,1,1,1,1,1,1,1,1,1,1,1,1,1,1,1,1,1,1,6,1,1
408,31101,DelBENE,100,6,6,6,1,6,1,6,6,6,1,6,1,1,1,1,1,1,1,1,6,1,6,1,1,6,6,1,1,1,1,6,6,1,6,6,1,1,1,1,1,1,1,1,6,1,1,1,1,1,6,6,1,6,6,6,6,6,6,1,1,6,6,1,6,1,1,6,6,6,6,6,6,6,6,6,6,6,9,9,6,6,6,6,6,1,1,6,6,6,6,6,6,6,6,6,6,6,6,1,6,1,6,6,1,1,1,1,1,1,1,1,1,6,6,6,6,1,1,6,6,1,6,1,1,6,1,6,6,6,6,6,6,6,6,1,6,6,6,1,1,1,1,1,1,1,1,6,1,1,1,6,1,1,1,1,1,6,1,1,6,6,6,1,1,1,1,6,6,1,1,1,1,1,1,6,6,1,6,6,1,6,1,1,1,6,1,6,6,1,6,6,1,1,1,1,6,6,6,6,6,6,6,6,1,6,1,6,1,1,6,6,6,6,1,1,6,6,6,1,1,1,1,6,6,1,6,1,6,6,1,1,1,1,6,1,1,1,1,6,6,1,1,6,1,6,6,1,1,1,1,6,6,1,1,6,1,1,6,6,6,1,6,6,6,1,1,6,1,1,6,6,1,6,6,6,1,1,1,1,1,1,1,1,1,1,1,6,6,6,6,6,1,6,6,6,6,6,6,1,1,6,6,1,1,6,1,6,1,1,6,6,6,1,6,6,6,1,6,1,6,1,1,1,6,6,1,1,1,1,6,6,1,6,6,1,6,1,6,6,1,6,1,6,1,1,6,6,1,1,1,6,6,6,6,6,6,1,1,1,1,6,1,1,1,1,6,6,6,6,1,6,6,6,6,1,1,1,1,1,1,6,6,1,1,1,1,1,1,1,6,6,6,6,1,1,1,6,1,1,1,6,1,1,1,6,6,6,1,6,6,6,1,6,6,6,6,1,6,1,1,1,1,1,1,6,6,6,6,1,1,1,1,1,6,6,6,1,1,1,1,6,6,1,6,6,6,6,6,1,6,6,6,6,6,6,6,6,1,1,1,1,1,6,1,1,6,6,6,6,1,6,1,6,1,1,1,6,6,1,6,6,1,6,1,6,6,6,6,1,1,6,1,6,1,1,6,6,1,1,1,1,1,1,1,1,1,6,6,6,6,6,6,1,6,1,6,6,6,1,1,1,1,6,6,1,1,6,1,6,1,6,6,1,1,1,6,6,6,1,1,6,6,1,1,6,6,1,6,1,6,6,6,6,6,1,6,1,1,6,6,1,1,1,1,1,1,1,1,1,1,6,6,1,1,1,1,1,1,6,1,6,6,1,1,1,1,6,6,1,1,6,6,1,1,6,1,6,1,6,6,6,6,6,1,6,1,1,1,6,6,1,1,6,1,6,6,1,1,6,1,6,1,1,1,6,6,1,1,6,1,6,6,1,1,1,6,1,6,6,6,1,6,6,6,1,1,6,1,1,6,1,6,1,1,1,1,1,6,6,1,1,6,1,6,6,1,1,1,6,1,1,1,1,1,6,6,6,6,6,1,6,1,6,6,1,1,6,6,1,1,6,1,6,1,6,6,6,6,1,1,6,6,6,6,1,6,6,1,1,1,1,1,6,6,6,6,6,6,1,1,1,1,1,6,1,1,1,6,6,1,1,6,1,1,6,6,6,6,1,6,6,1,1,6,6,6,6,6,6,1,1,1,1,6,6,6,1,1,1,6,6,6,6,6,6,6,6,1,1,1,6,1,6,6,6,1,1,1,6,6,1,1,1,1,6,1,6,1,1,6,6,6,6,6,1,6,6,1,1,1,1,6,6,6,1,6,1,6,6,1,6,6,1,1,6,1,6,1,1,6,6,1,1,6,6,1,1,6,1,6,6,1,1,1,1,1,1,1,1,6,6,1,1,6,6,1,1,1,1,6,6,1,1,1,1,1,6,6,1,6,1,1,6,6,6,6,1,1,6,6,1,1,6,1,1,6,6,6,6,6,6,6,1,6,6,1,1,1,1,1,6,6,6,1,1,1,6,6,1,6,6,6,6,6,6,6,6,6,1,6,1,6,6,1,1,1,6,6,1,1,6,1,6,6,6,6,6,1,1,6,1,1,1,1,1,6,1,1,1,1,6,6,1,1,1,1,6,6,1,6,1,1,6,1,1,6,1,6,6,6,6,1,1,6,1,1,1,6,6,1,1,1,6,6,6,1,1,1,6,6,6,1,6,1,1,6,6,1,6,6,6,6,6,1,1,1,1,6,6,1,1,1,1,6,6,6,1,1,6,6,6,6,6,6,6,1,1,6,1,1,1,1,6,6,6,6,1,6,6,6,1,6,6,1,6,1,1,6,6,1,1,1,1,7,1,6,6,6,1,1,1,6,6,6,6,6,6,6,1,6,6,6,6,6,1,6,6,6,6,6,1,6,1,1,6,6,6,6,1,1,1,1,6,6,6,1,1,6,6,6,1,1,6,6,1,1,1,1,6,6,1,1,1,6,1,1,1,1,6,6,1,1,7,1,1,6,6,6,6,1,6,1,1,1,6,1,6,1,1,6,1,1,1,1,1,1,1,6,6,6,1,1,1,1,1,1,1,1,1,1,1,1,6,1,1,1,1,1,1,1,1,1,1,1,1,1,1,1,1,1,1,1,1,6,6,6,6,1,6,1,1,1,1,1,1,1,1,1,1,1,1,1,1,1,1,1,1,1,1,1,6,1,1,6,6,1
409,31102,MASSIE,200,6,1,1,6,6,6,1,1,1,1,1,6,6,6,6,6,6,6,6,1,6,1,1,1,1,1,1,6,6,1,1,1,6,1,1,6,6,6,6,6,6,6,6,1,6,6,6,6,6,1,1,6,1,1,1,6,6,1,6,1,1,1,6,1,1,6,1,1,1,1,1,1,1,1,1,1,1,1,1,1,1,1,1,1,1,1,1,1,1,1,1,1,1,1,1,1,1,1,1,1,6,1,1,6,6,6,6,6,6,6,6,6,6,1,1,1,6,6,1,1,6,1,6,6,1,6,1,1,1,1,6,6,6,6,6,1,1,1,6,6,6,6,6,6,6,6,6,6,6,6,6,6,6,6,6,6,1,1,1,1,1,1,1,6,6,6,1,1,1,1,1,1,1,1,1,1,1,1,1,1,1,6,1,6,1,6,1,6,1,1,6,1,1,1,6,1,1,1,1,1,1,1,1,6,1,6,1,6,6,1,1,1,1,6,1,1,1,1,1,1,6,1,1,1,1,6,1,1,6,1,1,1,1,1,6,1,1,1,1,6,1,6,1,1,1,1,1,6,1,1,1,1,1,1,6,6,6,1,1,1,1,1,1,6,1,1,6,6,6,1,1,1,1,1,1,1,1,6,6,6,1,6,6,6,1,1,1,1,1,1,1,6,1,1,1,1,1,1,1,1,1,1,1,6,1,1,1,1,6,1,1,1,6,1,1,1,6,1,6,1,6,1,1,1,1,1,6,1,1,1,1,1,6,6,6,6,1,1,1,6,1,6,1,1,6,1,1,6,6,6,6,6,1,6,1,6,6,6,6,1,1,1,9,1,1,1,1,1,1,6,1,1,1,1,1,6,6,1,1,6,1,1,1,6,6,6,6,6,6,1,1,1,6,6,6,6,1,6,6,6,1,6,6,6,6,6,6,1,1,1,1,6,6,6,1,1,6,1,6,6,6,6,6,6,1,6,1,1,6,6,6,6,6,6,6,6,1,1,1,6,1,6,1,1,1,1,1,1,6,1,1,1,1,1,1,1,1,6,6,6,6,1,1,6,6,6,1,1,1,6,1,6,1,6,6,6,1,1,6,1,1,6,1,1,1,1,1,1,6,6,1,6,1,6,6,1,1,6,6,6,6,6,6,6,6,6,1,1,1,1,1,1,6,1,6,1,1,1,6,6,6,6,6,1,6,6,6,6,1,1,1,1,1,6,6,6,1,6,1,6,1,6,1,1,1,1,6,1,6,1,1,6,6,1,6,6,1,1,1,6,1,1,6,6,6,6,1,1,1,1,1,1,1,6,6,6,6,6,1,6,1,1,1,6,6,6,1,6,6,1,1,1,6,6,1,6,1,1,1,1,1,1,1,6,6,1,1,1,1,1,1,6,1,1,1,1,1,6,1,1,1,6,1,1,1,6,1,6,1,6,1,1,1,1,1,1,1,6,1,1,6,1,1,1,6,6,1,6,6,1,1,1,6,1,1,1,1,6,6,1,6,6,6,1,1,6,1,1,6,6,1,6,6,1,1,1,1,1,6,6,1,6,6,1,6,6,1,6,6,6,1,1,1,1,1,1,1,1,1,6,6,1,1,6,1,1,6,6,1,6,1,1,6,6,6,6,1,1,1,1,1,1,1,6,6,1,6,1,1,6,1,6,1,1,1,6,1,1,6,1,6,1,1,1,1,9,9,9,9,9,6,6,6,1,6,6,1,1,1,1,6,6,6,1,1,6,6,1,6,6,1,1,1,1,6,6,1,1,1,1,1,1,6,1,1,6,1,6,6,1,1,1,1,1,6,1,6,6,1,1,6,1,1,1,6,1,6,1,1,6,1,1,6,6,1,6,1,6,1,1,1,6,1,1,6,1,6,1,1,1,6,6,6,6,1,9,6,6,6,1,1,1,6,1,6,9,1,1,6,1,6,6,1,6,1,6,1,1,6,1,1,1,6,1,6,1,6,6,1,6,6,1,1,1,1,1,1,1,1,1,1,6,6,1,6,6,9,1,1,6,1,1,1,1,6,1,1,1,1,1,6,6,1,1,1,1,1,1,6,1,6,6,1,1,1,6,1,6,1,6,1,1,1,1,6,1,1,1,1,1,1,1,1,6,1,1,6,6,6,1,1,6,1,6,1,6,1,6,1,1,6,6,1,6,6,1,6,1,1,1,1,6,6,6,6,1,1,1,1,6,6,1,6,1,6,6,6,1,1,1,6,6,6,6,6,1,6,6,6,1,6,1,6,6,6,1,6,1,6,6,1,6,6,6,1,6,6,6,6,1,1,1,1,6,6,1,6,6,6,6,6,1,1,1,1,1,6,1,1,1,6,6,6,6,1,9,9,1,6,6,6,1,6,1,1,1,1,1,1,1,6,1,1,1,1,1,1,1,6,1,1,1,1,1,6,1,1,1,1,1,6,6,1,6,1,1,1,1,1,6,1,6,1,1,1,6,6,6,1,1,6,6,1,6,6,6,6,6,1,6,6,1,1,1,1,6,6,6,1,6,6,6,1,6,6,1,1,1,1,6,1,6,6,1,6,6,1,6,6,1,6,1,1,6,6,6,1,1,6,1,6,1,6,6,1,1,6,6,6,1,6,6,1,6,1,6,6,1,1,6,1,1,6,6,1,6,1,6,6,6,1,1,1,1,1,1,1,1,1,6,1,6,1,1,1,6,1,1,6,6,6,6,1,6,6,6,6,1,6,6,1,6,6,1,6,6
410,31103,PAYNE,100,6,6,6,1,6,1,6,6,6,6,6,1,1,1,1,1,1,1,1,6,1,6,1,1,6,6,7,1,1,6,9,9,9,6,6,1,1,1,1,1,1,1,1,6,1,1,1,1,1,6,6,1,9,6,6,1,6,6,9,9,9,9,1,6,1,1,6,6,6,6,6,6,6,6,6,6,6,1,1,6,6,6,6,6,1,1,9,9,9,6,6,9,9,6,6,6,6,6,1,6,1,6,6,1,1,1,1,1,1,1,1,1,6,6,6,6,1,1,6,6,1,6,1,1,6,1,6,6,6,6,1,6,1,1,1,6,6,6,1,1,1,1,1,1,1,1,6,1,1,1,6,1,1,1,1,1,6,9,9,9,9,9,9,9,9,9,9,9,9,9,9,9,9,9,9,9,9,9,9,9,9,9,9,9,9,9,9,9,9,9,9,9,6,1,1,6,6,6,6,6,6,6,6,9,9,1,6,1,1,6,6,6,6,1,6,6,6,6,1,1,1,1,6,6,1,6,1,6,6,1,1,1,1,6,1,1,1,1,6,6,1,1,6,6,6,6,1,1,1,6,6,6,6,1,6,1,1,6,6,9,9,6,6,6,1,1,6,9,9,6,6,1,6,6,6,1,1,1,1,1,6,1,6,1,1,1,6,6,6,6,6,1,6,6,6,6,6,6,1,1,6,6,6,1,6,6,9,1,1,6,6,6,1,6,6,6,1,6,1,6,1,1,1,6,6,6,1,1,1,6,6,6,6,6,1,6,1,6,6,1,6,1,6,1,1,6,6,1,1,1,6,1,6,6,6,6,1,1,1,1,6,1,1,6,1,6,6,6,6,1,6,6,6,6,1,1,6,1,1,1,6,6,1,1,1,1,1,1,1,6,6,6,6,1,1,1,6,1,1,1,6,1,1,1,6,6,6,1,6,6,6,1,6,6,6,6,1,6,1,1,1,1,1,1,6,6,6,6,1,1,1,1,1,6,6,1,1,1,1,1,6,6,6,6,6,6,6,6,1,6,6,6,6,6,6,6,6,1,1,1,1,1,6,1,1,6,6,6,6,1,6,1,6,1,1,1,6,6,1,6,6,1,6,1,6,6,6,6,1,1,6,1,6,1,1,6,6,1,1,1,1,1,6,1,1,1,6,6,6,6,6,6,1,6,1,6,6,6,1,1,1,1,6,6,1,1,6,1,6,1,9,9,9,9,9,9,6,6,1,1,6,6,1,1,6,6,1,6,1,6,6,1,1,6,6,6,1,1,6,6,1,1,1,1,1,1,1,1,1,1,6,6,1,1,1,1,1,1,6,1,6,6,6,1,1,1,6,6,1,1,6,6,1,1,6,1,6,1,6,6,6,6,6,1,6,1,1,6,6,6,6,1,6,1,6,6,1,1,6,1,6,1,1,6,6,6,6,1,6,6,6,6,1,1,1,6,1,6,6,6,1,6,6,6,1,1,6,1,1,6,6,6,1,9,9,9,9,9,6,1,1,6,1,6,6,1,6,1,6,1,1,1,1,6,6,6,6,6,6,1,6,1,6,6,1,1,6,6,1,1,6,1,6,1,6,6,6,6,1,1,6,6,6,6,1,6,6,6,1,1,1,1,9,9,1,6,6,6,6,1,6,1,9,6,1,1,1,6,6,1,1,6,1,6,6,6,6,6,1,6,6,1,6,6,6,6,6,6,6,1,6,1,1,6,6,6,1,1,6,6,6,6,6,6,6,6,6,1,1,6,6,9,6,6,6,6,1,1,6,6,1,1,1,6,6,1,6,9,9,9,9,9,9,9,9,9,9,9,1,1,1,6,6,6,1,6,1,6,6,1,6,6,1,1,6,1,6,1,6,6,6,1,1,6,6,1,1,6,6,6,6,1,1,1,1,1,1,1,6,6,6,1,1,6,6,6,1,1,1,6,6,1,1,1,1,1,6,6,1,6,1,1,6,6,6,6,1,1,6,6,1,1,6,1,1,6,6,6,6,6,6,6,1,6,1,1,6,1,1,1,6,6,6,1,6,6,6,6,6,6,6,6,6,6,6,6,6,6,1,6,1,6,6,1,1,1,6,6,6,1,6,6,6,6,6,6,6,1,1,6,1,6,6,1,1,6,6,1,1,1,6,6,6,1,1,1,6,6,6,6,1,1,6,1,1,6,1,6,6,6,6,1,1,6,1,1,6,6,6,1,1,6,6,6,6,1,1,6,6,6,6,1,6,1,1,9,9,9,9,9,9,9,9,9,9,9,9,9,9,9,6,1,1,6,6,6,1,1,6,6,6,6,6,6,6,1,1,6,1,6,1,1,6,6,6,6,1,6,6,6,1,6,1,1,6,1,1,6,6,1,1,1,1,7,1,6,6,6,1,1,1,6,6,6,6,6,6,6,1,6,6,6,6,6,1,6,6,6,6,6,1,6,1,1,6,6,6,6,6,1,1,1,6,6,6,1,1,9,6,6,1,1,6,6,1,1,1,1,6,6,1,1,1,6,1,9,1,1,6,6,1,1,6,1,6,6,6,6,6,1,6,1,1,1,6,1,6,1,1,6,1,1,1,1,1,1,1,6,6,7,9,1,1,1,1,1,1,1,1,1,1,1,6,1,1,1,1,1,1,1,1,1,1,1,1,1,1,1,1,1,1,1,1,6,6,6,6,1,6,1,1,1,1,1,1,1,1,1,1,1,1,6,1,1,1,1,1,1,1,1,6,1,1,6,6,1
411,39301,CLYBURN,100,6,6,6,1,6,1,6,6,6,6,6,1,1,1,1,1,1,1,1,6,1,6,1,1,6,6,6,1,1,6,9,9,9,6,6,1,1,1,1,1,1,1,1,6,1,1,1,1,1,6,6,1,6,6,6,9,9,9,9,1,6,6,1,6,1,1,6,6,6,6,6,6,6,6,6,6,6,1,1,6,6,6,6,6,1,1,6,6,6,6,6,6,6,6,6,6,6,6,1,6,1,6,6,1,1,1,1,1,1,1,1,1,6,6,6,6,1,1,6,6,1,6,1,1,6,1,6,6,6,6,1,6,1,1,1,6,6,6,1,1,1,1,1,1,1,1,6,1,1,1,6,1,1,1,1,1,6,1,1,6,6,6,6,1,1,1,6,6,1,1,1,1,1,1,6,6,1,6,6,1,6,1,1,9,9,9,6,6,9,6,6,1,6,1,1,6,6,6,6,6,6,6,6,1,6,1,6,1,9,6,6,6,6,1,6,6,6,6,1,1,1,1,6,6,1,6,6,6,6,1,1,1,6,6,1,1,1,1,6,6,1,1,6,6,6,6,1,1,1,6,6,6,6,1,6,1,1,6,6,6,1,6,6,6,1,1,6,6,6,6,6,1,6,6,6,1,1,1,1,1,6,1,6,1,9,9,9,9,9,9,9,9,9,9,9,9,9,9,1,1,6,6,1,1,6,6,6,1,1,6,6,6,1,6,6,6,1,6,1,6,1,1,1,6,6,1,1,1,1,6,6,6,6,6,1,6,1,6,6,1,6,1,6,1,1,6,6,1,1,1,6,1,6,6,6,1,1,1,1,1,6,1,1,6,9,6,6,6,6,1,6,6,6,6,1,1,1,1,1,1,6,6,1,1,1,1,1,1,1,6,6,6,6,1,1,1,6,1,1,1,6,1,1,1,6,6,6,1,6,6,6,1,6,6,6,6,1,6,1,1,1,1,1,1,6,6,6,6,1,1,1,1,1,6,6,1,1,1,1,1,6,6,1,6,6,6,6,6,1,6,6,6,6,6,6,6,6,1,1,1,1,6,6,1,1,6,6,6,6,1,6,1,6,1,1,1,6,6,1,6,6,1,6,1,9,9,9,9,9,9,9,9,9,9,9,9,9,9,9,9,9,9,9,9,9,9,9,9,9,9,9,9,9,9,9,9,9,9,9,9,9,9,9,9,9,9,9,9,6,1,6,6,6,1,1,6,6,6,1,1,6,6,1,1,6,6,1,6,1,6,6,1,1,6,1,6,1,1,6,6,1,1,9,9,9,9,9,1,1,1,6,6,1,1,1,1,1,1,6,1,6,6,6,1,1,1,6,6,1,1,9,9,1,1,6,1,6,1,6,6,6,6,6,1,6,1,1,6,6,6,6,1,6,1,6,6,1,1,6,1,6,1,1,1,6,6,6,1,6,1,6,6,1,1,1,6,1,1,6,6,1,6,6,6,1,1,6,1,1,6,6,6,1,1,1,6,6,6,6,1,1,6,1,6,6,1,1,1,6,1,1,1,1,6,6,6,6,6,6,1,6,1,6,6,1,1,6,6,1,1,6,1,6,1,6,6,6,6,1,1,6,6,6,6,1,6,6,6,1,1,1,1,6,9,6,6,6,6,6,1,6,1,1,1,1,1,1,6,6,1,1,6,1,6,6,6,6,6,1,6,6,1,1,6,6,6,6,6,6,1,6,1,1,6,6,6,1,1,1,6,6,6,6,6,6,6,6,1,1,6,6,6,6,6,6,6,1,1,6,6,1,1,1,6,6,1,6,1,1,6,6,6,6,6,1,6,1,1,9,9,1,6,6,6,1,6,1,6,6,1,6,6,1,1,6,1,6,1,6,6,6,1,1,6,6,1,1,6,9,6,6,1,1,1,1,1,1,1,1,6,6,6,1,6,6,1,1,1,1,6,6,1,1,1,1,1,6,6,1,6,1,1,6,6,6,6,1,1,6,6,1,1,6,1,1,9,9,6,6,6,6,6,1,6,6,1,1,9,9,9,6,6,6,1,1,1,6,6,6,6,6,6,6,6,6,6,6,6,6,6,1,6,9,1,1,1,6,6,6,1,6,1,6,6,6,6,6,1,1,6,1,1,1,1,1,6,1,1,1,1,6,6,1,1,1,1,6,6,6,6,1,1,6,1,1,6,1,6,6,6,6,1,1,6,1,1,1,6,6,1,1,1,6,6,6,9,9,9,6,6,6,1,6,1,1,6,6,1,6,6,6,6,6,1,1,1,1,6,6,1,6,1,1,6,6,6,1,1,1,6,6,6,6,6,6,1,1,6,1,1,1,1,6,6,6,6,1,6,6,6,1,6,1,1,6,1,1,6,6,1,1,1,1,7,1,6,6,6,1,1,1,6,6,6,6,6,6,6,1,6,6,6,6,6,1,6,6,6,6,6,1,6,1,1,6,6,6,6,6,1,1,1,6,6,6,1,1,6,6,6,1,1,6,6,1,1,1,1,6,6,1,1,1,6,1,1,1,1,6,6,1,1,1,1,6,6,6,6,6,1,6,9,1,1,6,1,6,1,1,6,1,1,1,1,1,1,1,6,6,1,1,1,1,1,1,1,1,1,1,1,1,1,6,1,1,1,1,1,1,1,1,1,1,1,1,1,1,1,1,6,1,1,1,6,6,6,6,1,6,1,1,1,1,1,1,1,1,1,1,1,1,6,1,1,1,1,1,1,1,1,6,1,1,6,6,1
412,39304,GREEN,100,6,6,6,1,6,1,6,6,6,1,6,1,1,1,1,1,1,1,1,6,1,6,1,1,6,6,6,1,1,6,6,6,1,6,6,1,1,1,1,1,1,1,1,6,1,1,1,1,1,6,6,1,6,6,6,9,9,9,1,1,6,6,1,6,1,1,6,6,6,6,1,6,6,6,6,6,6,1,1,6,6,6,6,6,1,1,6,6,6,6,1,6,6,6,6,6,6,6,1,6,1,6,6,1,1,1,1,1,1,1,1,1,6,6,6,1,1,1,6,6,1,1,1,1,6,1,6,6,6,6,6,6,6,6,1,9,6,6,1,1,1,1,1,1,1,1,6,6,9,9,9,1,1,1,1,1,6,1,1,6,6,6,6,1,1,1,6,1,1,1,6,1,1,1,6,6,1,6,6,1,6,1,1,1,6,1,6,6,6,6,6,1,6,1,1,6,6,6,6,6,6,6,6,1,6,1,6,1,1,6,6,6,6,1,1,6,6,6,1,1,1,1,6,6,1,1,6,6,6,1,1,1,6,6,1,1,1,1,6,6,1,1,6,6,6,6,1,1,1,6,6,6,6,1,6,1,1,6,6,6,1,6,6,1,1,1,6,1,1,6,6,1,6,6,6,1,1,1,1,9,6,1,1,1,1,1,6,6,6,6,6,1,1,6,6,6,6,6,1,1,6,6,6,1,6,1,6,1,1,6,9,6,1,1,6,6,1,6,1,1,1,1,1,6,6,6,1,1,1,6,6,6,6,6,1,6,1,6,6,1,6,1,6,1,1,6,6,1,1,1,6,6,6,6,1,6,1,6,6,1,6,1,1,6,1,6,6,6,6,6,6,6,6,6,1,1,1,1,1,1,6,6,1,1,6,6,6,1,1,6,6,6,6,6,6,1,1,6,1,6,1,1,1,6,1,6,6,1,6,6,6,1,6,6,6,6,6,6,6,6,6,1,1,1,6,6,6,6,1,6,6,1,1,6,6,1,1,1,1,1,6,6,6,6,6,6,6,6,1,6,6,6,6,6,1,6,6,1,1,1,1,6,6,1,1,6,6,6,6,1,6,1,6,1,1,1,1,6,1,6,6,6,6,1,6,6,6,1,1,1,6,1,6,1,1,6,6,1,1,1,1,1,1,1,1,1,6,6,6,6,6,6,1,6,1,6,6,6,1,1,1,1,6,6,1,1,6,1,1,1,6,6,6,1,1,6,6,6,1,1,1,6,1,1,6,6,1,6,1,6,6,6,1,6,1,6,1,1,6,6,1,1,1,1,1,1,1,1,1,6,6,6,1,1,1,1,1,1,6,1,6,6,6,1,1,1,6,6,1,1,6,6,1,1,6,1,6,1,6,6,6,6,1,1,6,1,1,6,6,6,6,1,6,1,6,6,1,1,1,1,6,1,1,9,6,6,6,1,6,1,6,6,1,1,1,6,1,1,6,6,1,1,6,6,1,1,6,1,1,6,6,6,1,1,1,6,1,6,6,1,1,6,1,6,6,1,6,9,6,1,1,1,1,6,6,6,6,6,1,1,6,1,1,6,1,1,6,6,1,1,6,1,1,1,6,6,6,6,1,1,6,6,6,6,1,6,9,9,9,9,9,9,6,6,6,6,6,6,6,1,6,1,1,6,9,9,9,6,6,1,1,6,1,6,6,6,6,6,1,6,6,1,1,6,6,9,9,9,9,9,9,1,1,6,6,6,1,1,6,6,6,6,6,6,6,6,6,1,1,6,9,9,1,6,6,1,1,1,6,6,1,1,1,6,1,1,6,1,1,6,6,6,6,6,1,6,1,1,9,9,9,9,6,6,1,6,1,6,6,1,6,6,1,1,6,1,6,1,6,6,6,1,1,6,6,1,1,6,6,6,6,1,1,1,1,1,1,1,6,6,6,6,1,6,6,1,1,1,1,6,6,1,1,1,1,1,6,6,1,1,1,1,6,6,1,6,1,1,6,6,1,1,6,1,1,6,6,1,6,6,6,6,1,6,6,1,6,1,1,1,6,6,6,1,1,1,6,6,6,6,6,6,9,6,6,6,6,6,1,6,1,6,6,9,1,1,6,6,6,1,6,6,6,6,6,1,6,1,6,6,1,1,1,1,1,6,1,1,1,1,6,6,6,1,1,1,6,6,6,6,1,1,6,6,1,6,1,6,6,6,1,1,1,6,1,1,6,6,6,1,1,6,6,9,9,9,9,9,6,6,6,1,6,1,1,6,6,1,6,6,6,6,6,1,1,1,1,6,6,1,1,1,1,6,6,6,1,1,1,1,6,6,6,6,6,1,6,6,1,1,1,1,6,6,6,6,1,1,6,6,1,6,1,1,6,1,1,6,6,1,1,1,1,7,1,6,1,6,1,1,1,6,6,6,6,6,6,6,1,6,6,6,6,6,1,6,6,6,6,6,1,6,1,1,6,6,6,6,1,1,1,1,6,1,1,1,1,1,6,6,1,1,6,6,1,6,1,6,1,6,1,1,1,6,1,1,1,1,6,6,1,1,6,1,1,6,6,6,6,1,6,1,1,1,1,1,1,1,1,6,1,1,1,1,1,1,1,6,6,6,1,1,1,1,1,1,1,1,1,1,1,1,9,9,1,1,1,1,1,1,1,1,1,1,1,1,1,1,1,6,1,1,1,6,6,6,6,1,6,1,1,1,1,1,1,1,1,1,1,9,9,9,9,9,9,9,9,9,9,9,9,9,9,9,9,9
413,39305,JOHNSON,100,6,6,6,1,6,1,6,6,6,6,6,1,1,1,1,1,1,1,1,6,1,6,1,1,6,6,1,1,1,6,9,9,9,6,6,1,1,1,1,1,1,1,1,6,1,1,1,1,1,6,6,1,6,6,6,1,6,9,1,1,9,9,9,9,1,1,6,6,6,6,6,6,6,6,6,6,6,1,1,6,6,6,6,9,1,1,6,6,6,6,1,6,6,6,6,6,6,6,1,6,1,6,6,1,1,1,1,1,1,1,1,1,6,6,6,6,1,1,6,6,9,9,9,1,6,1,6,6,6,6,1,6,9,1,1,1,6,6,1,1,1,1,1,1,1,1,6,1,1,1,6,1,1,1,1,1,6,1,1,6,6,6,6,1,1,1,6,6,1,1,1,1,1,1,6,6,1,6,6,1,6,1,1,1,6,1,6,6,6,6,6,1,6,1,1,6,6,6,6,6,6,6,6,1,6,1,6,1,1,6,6,6,6,1,6,6,6,6,1,1,1,1,6,6,1,1,1,6,6,1,1,1,1,6,1,1,1,1,6,6,1,1,6,1,6,6,1,1,1,1,6,6,6,1,6,1,1,6,6,6,1,6,6,6,1,1,6,1,6,6,6,1,6,6,6,1,1,1,1,1,6,1,6,1,1,1,6,6,6,6,6,1,6,6,6,6,6,6,1,1,6,6,1,1,6,6,6,1,1,6,6,6,1,6,6,6,1,6,1,6,1,1,1,6,6,1,1,1,1,6,6,6,9,6,1,6,1,6,6,1,6,1,6,1,1,6,6,1,1,1,6,1,6,6,6,6,1,1,1,1,6,1,1,6,1,6,6,6,6,6,6,6,1,6,1,1,1,1,1,1,6,6,1,1,1,1,1,1,1,6,6,6,6,1,1,1,6,1,1,1,6,1,1,6,1,6,6,1,6,6,6,1,6,6,6,6,1,6,1,1,1,1,1,1,6,6,6,6,1,1,1,1,1,6,6,1,1,1,1,1,6,6,6,6,6,6,6,6,1,6,6,6,6,6,6,6,6,1,1,1,1,6,6,1,1,6,6,6,6,1,6,1,6,1,1,1,6,6,1,6,6,1,6,1,6,6,6,6,1,1,6,1,6,1,1,6,6,1,1,1,1,1,1,1,1,1,6,6,6,6,6,6,1,6,1,6,6,6,1,1,1,1,6,6,1,1,6,1,6,1,9,9,9,9,9,9,9,9,9,9,9,9,9,9,9,9,1,6,1,6,6,1,1,6,1,6,1,1,6,6,1,1,1,1,1,1,1,1,1,6,6,6,1,1,1,1,1,1,6,1,6,6,6,1,1,1,6,6,1,1,6,6,1,1,6,1,6,1,6,6,6,6,9,9,9,9,9,9,9,9,9,9,9,9,9,9,9,9,9,9,9,1,1,6,6,6,1,1,6,1,6,6,1,1,1,6,1,1,6,6,1,6,6,6,1,1,6,1,1,6,1,6,1,1,1,1,1,6,6,1,1,6,1,6,6,1,6,1,6,1,1,1,1,6,6,6,6,6,6,1,1,1,6,6,1,1,6,6,1,1,6,1,1,1,1,6,6,6,1,1,6,6,6,6,1,6,6,1,9,1,1,1,1,1,1,6,6,6,6,1,1,1,1,6,1,1,1,6,6,1,1,6,1,6,6,6,6,6,1,6,6,1,6,6,6,9,9,9,9,9,9,9,9,9,9,9,9,1,1,6,6,6,6,6,6,6,6,1,1,6,6,6,6,6,6,1,1,1,6,6,1,1,1,6,6,1,6,1,1,6,6,6,6,6,1,6,1,1,9,9,9,9,9,9,1,6,1,6,6,1,6,6,1,1,6,1,6,1,1,6,6,1,1,9,9,9,1,6,6,6,6,1,1,1,1,1,1,1,1,6,6,6,1,6,6,1,1,1,1,6,6,1,1,1,1,1,6,6,1,6,1,1,6,6,6,6,1,1,6,6,1,1,6,9,9,9,9,9,9,6,6,6,1,6,6,1,6,9,9,9,6,6,6,1,6,6,6,6,6,6,6,6,6,6,6,6,6,6,6,6,1,6,6,1,1,1,6,6,1,1,6,1,6,6,6,6,6,1,1,6,1,6,6,1,1,6,1,1,1,1,6,6,1,1,1,1,6,6,6,6,1,1,6,1,1,6,1,6,6,6,6,1,1,6,1,1,6,6,6,1,1,1,6,6,6,1,1,6,9,9,9,1,6,1,1,6,6,1,6,6,6,6,6,1,1,1,1,6,6,1,1,1,1,6,6,6,1,1,1,6,6,6,6,6,6,1,1,1,1,1,1,1,6,6,6,6,1,6,6,6,1,6,1,1,6,1,1,6,6,1,1,1,1,6,1,6,6,6,1,1,1,6,6,6,6,6,6,6,1,6,6,6,6,6,1,6,6,6,6,6,1,6,1,1,6,6,6,6,6,1,1,1,6,6,6,1,1,6,6,6,1,1,6,6,1,1,1,1,6,6,1,1,1,6,1,1,1,1,6,6,1,1,6,1,6,6,6,6,6,1,6,1,1,1,6,1,6,1,1,6,1,1,1,1,1,1,1,6,6,1,1,1,1,1,1,1,1,1,1,1,1,1,6,1,1,1,1,1,1,1,1,1,1,1,1,1,1,1,1,6,1,1,1,6,6,6,6,1,6,1,1,1,1,1,1,1,1,1,1,9,9,9,9,9,9,9,9,9,9,9,9,9,9,9,9,9
414,39307,SCOTT,100,6,6,6,1,6,1,6,6,6,6,6,1,1,1,1,1,1,1,1,6,1,6,1,1,6,6,1,1,1,6,6,6,1,6,6,1,1,1,1,1,1,1,1,6,1,1,1,1,1,6,6,1,6,6,6,1,6,6,1,1,6,6,1,6,1,1,6,6,6,6,6,6,6,6,6,6,6,1,1,6,6,6,6,6,1,1,6,6,6,6,6,6,6,6,6,6,6,6,1,6,1,6,6,1,1,1,1,1,1,1,1,1,6,6,6,6,1,1,6,6,1,6,1,1,6,1,6,6,6,6,6,6,6,6,1,6,6,6,1,1,1,1,1,1,1,1,6,1,1,1,6,1,1,1,1,1,6,1,1,6,6,6,1,1,1,1,6,6,1,1,1,1,1,1,6,6,1,6,6,1,6,1,1,1,6,1,6,6,6,6,6,1,6,1,1,6,6,6,6,6,6,6,6,1,6,1,6,1,1,6,6,6,6,1,6,6,6,6,1,1,1,1,6,6,1,6,1,6,6,1,1,1,1,6,1,1,1,1,6,6,1,1,6,1,6,6,1,1,1,1,6,6,1,1,6,1,1,6,6,6,1,6,6,6,1,1,6,6,6,6,6,1,6,6,6,1,1,1,1,1,6,1,6,1,1,1,6,6,6,6,6,1,6,6,6,6,6,6,1,1,6,6,1,1,6,6,1,1,1,6,6,6,1,6,6,6,1,6,1,6,1,1,1,6,6,1,1,1,1,6,6,1,6,6,1,6,1,6,6,1,6,1,6,1,1,6,6,1,1,1,6,6,6,6,1,6,1,1,1,1,6,1,1,6,6,6,6,6,6,6,6,6,6,6,1,1,1,1,1,1,6,6,1,1,1,1,1,1,1,6,6,6,6,1,1,1,6,1,1,1,6,1,1,1,6,6,6,1,6,6,6,1,6,6,6,6,1,6,1,1,1,1,1,1,6,6,6,6,1,1,1,1,1,6,6,1,1,1,1,1,6,6,1,6,6,6,6,6,1,6,6,6,6,6,6,6,6,1,1,1,6,1,6,1,1,6,6,6,6,1,6,1,6,1,1,1,6,6,1,6,6,1,6,1,6,6,6,6,1,1,6,1,6,1,1,6,6,1,1,1,1,1,6,1,1,1,6,6,6,6,6,6,1,6,1,6,6,6,1,1,1,1,6,6,1,1,6,1,6,1,6,6,1,1,1,6,6,6,1,1,6,9,1,1,6,6,1,6,1,6,6,1,1,6,1,6,1,1,6,6,1,1,1,1,1,1,1,1,1,1,6,6,1,1,1,1,1,1,6,1,6,6,1,1,1,1,6,6,1,1,6,6,1,1,6,1,6,1,6,6,6,6,6,1,6,1,1,1,6,6,1,1,6,9,6,6,1,1,6,1,6,1,1,1,6,6,1,1,6,1,6,6,1,1,1,6,1,1,6,6,1,6,6,6,1,1,6,1,1,6,1,6,1,1,1,1,1,6,6,1,1,6,1,6,6,1,1,1,6,1,9,1,1,6,6,6,6,6,6,1,6,1,6,6,1,1,9,6,1,1,6,1,6,1,1,6,6,6,9,1,6,1,6,6,1,1,6,6,1,1,1,1,6,9,6,6,6,6,6,1,1,1,1,6,1,1,1,6,6,1,1,6,1,1,6,6,6,6,1,6,6,1,1,6,6,6,6,6,6,1,1,1,1,6,6,6,1,1,1,6,6,6,6,6,6,6,6,1,1,1,6,1,1,6,6,1,1,1,6,6,1,1,1,6,6,1,6,1,1,6,6,6,6,6,1,6,6,6,1,1,1,6,6,6,1,6,1,6,6,1,6,6,1,1,6,1,6,1,6,6,6,1,1,6,6,1,1,6,6,6,6,1,1,1,1,1,1,1,1,6,6,6,1,6,6,6,1,1,1,6,6,1,1,1,1,1,6,6,1,6,1,1,6,6,1,6,1,1,6,6,1,1,6,1,1,6,6,6,6,6,6,6,1,6,6,1,1,1,1,1,6,6,6,1,6,6,6,6,1,6,6,6,6,6,6,6,6,6,1,6,1,6,6,1,1,1,6,6,6,1,6,1,6,6,6,6,6,1,1,6,1,6,6,1,1,6,1,1,1,1,6,6,6,1,1,1,6,6,1,6,1,1,6,1,1,6,1,6,6,6,6,1,1,6,1,1,1,6,6,1,1,6,6,6,6,1,1,1,6,6,6,1,1,1,1,6,6,1,6,6,6,6,6,1,1,9,9,6,6,1,6,1,1,6,6,6,1,1,6,6,6,9,6,6,6,1,6,1,1,1,1,1,6,6,6,6,1,6,6,6,1,6,1,1,6,9,9,6,6,1,1,1,1,7,1,6,6,6,1,1,1,6,6,6,6,6,6,6,1,6,6,6,6,6,1,6,6,6,6,6,1,6,1,1,6,6,6,6,6,1,1,1,6,6,6,1,1,6,6,6,1,1,6,6,1,1,1,1,6,6,1,1,1,6,1,1,1,1,6,6,1,1,6,1,6,6,6,6,6,1,6,1,1,1,6,1,6,1,1,6,1,1,1,1,1,1,1,6,6,1,1,1,1,1,1,1,1,1,1,1,1,1,6,1,1,1,1,1,1,1,1,1,1,1,1,1,1,1,1,6,1,1,1,6,6,6,6,1,6,1,1,1,1,1,1,1,1,1,9,1,1,6,1,1,1,1,1,1,1,1,6,1,1,6,6,1
415,39308,GOODLATTE,200,1,1,1,6,1,6,1,1,1,1,1,6,6,6,6,6,6,6,6,1,6,1,1,1,1,1,1,6,6,1,1,1,1,1,1,9,6,6,6,6,6,6,6,1,6,6,6,6,6,1,1,6,1,1,1,6,1,1,1,1,1,1,6,1,1,1,1,1,1,1,1,1,1,1,1,1,1,1,1,1,1,1,1,1,1,1,1,1,1,1,1,1,1,1,1,1,1,1,1,1,1,1,1,1,6,6,6,6,6,6,6,6,1,1,1,1,6,6,1,1,6,1,6,6,1,1,1,1,1,1,6,1,6,6,1,1,1,1,6,6,6,6,6,6,6,6,1,6,6,6,1,6,6,6,6,6,1,1,1,1,1,1,1,6,6,6,1,1,1,1,1,1,1,1,1,1,1,1,1,1,1,6,1,6,1,1,1,1,9,1,1,1,1,1,1,1,1,1,1,1,1,1,1,6,1,6,1,1,1,1,1,1,1,6,1,1,1,1,1,1,1,1,1,1,1,1,1,1,1,1,1,1,1,1,1,1,1,1,1,1,1,6,1,1,1,1,1,6,1,1,1,1,1,1,1,1,1,1,1,1,1,1,1,1,1,6,1,1,1,1,1,1,1,1,1,1,1,6,6,6,1,6,1,1,1,1,1,1,1,1,1,6,1,1,1,1,1,1,1,1,1,1,1,6,1,1,1,1,1,1,1,1,6,1,1,1,6,1,1,1,1,1,1,1,1,1,1,1,1,1,1,1,1,6,6,1,1,1,1,6,1,6,1,1,1,1,1,1,6,6,1,6,1,1,1,6,6,6,6,6,1,6,6,1,6,1,1,1,1,6,1,1,1,1,1,6,1,1,1,1,1,1,1,6,6,6,6,6,6,1,1,1,1,6,6,6,1,6,1,6,1,1,6,6,1,1,1,1,1,1,1,1,1,1,1,1,6,1,6,6,6,6,6,6,1,1,1,1,6,1,6,6,6,1,1,1,1,1,1,1,1,1,1,1,1,1,1,6,6,1,1,1,1,1,1,1,1,6,6,6,6,6,1,6,6,1,1,1,1,6,1,6,1,6,6,6,1,1,6,1,1,6,1,1,1,1,1,1,6,6,1,6,9,6,6,9,1,6,6,6,6,6,6,6,6,6,1,1,1,1,1,1,6,1,6,1,1,1,6,6,6,6,1,1,6,6,1,1,1,1,1,1,1,6,6,1,1,1,1,6,1,1,1,1,1,1,6,1,1,1,1,6,6,1,6,1,1,1,1,1,1,1,6,1,6,6,9,1,1,1,1,1,1,6,6,6,6,6,1,1,1,1,1,6,6,6,1,1,1,1,1,1,6,6,1,6,1,1,1,1,1,1,1,6,1,1,1,1,1,1,1,6,1,1,1,1,1,6,1,1,1,1,1,1,1,1,1,6,1,1,1,1,1,1,1,1,1,1,1,1,6,1,1,1,6,6,1,1,6,1,1,1,6,1,1,1,1,1,1,1,6,1,1,1,1,1,1,1,1,6,1,1,6,1,1,1,1,1,1,6,1,6,1,1,1,1,1,1,1,6,1,1,1,1,1,1,1,1,1,6,1,1,1,1,1,1,1,6,1,1,1,1,6,6,6,1,1,1,1,1,9,6,6,1,1,1,1,1,1,1,1,1,1,1,1,1,1,1,6,1,1,1,1,1,6,1,1,1,1,1,1,1,1,1,1,1,1,1,1,1,1,1,1,1,1,1,1,1,1,1,1,1,1,1,1,1,1,1,1,1,1,1,6,1,1,6,1,1,1,1,1,1,1,1,6,1,6,1,1,1,6,1,1,1,6,1,6,1,1,1,1,1,1,6,1,6,1,6,1,1,1,1,1,1,1,1,6,1,1,1,1,1,1,1,1,1,1,1,1,1,1,1,6,1,1,1,1,1,1,1,1,1,1,1,1,1,1,1,6,1,1,6,6,1,6,1,1,1,1,1,6,1,1,1,1,1,1,1,1,1,1,1,6,1,6,1,1,1,1,1,1,1,1,1,1,1,1,1,1,1,6,6,1,6,1,1,6,6,6,1,6,1,9,1,1,1,1,1,1,6,1,1,1,1,1,6,6,6,6,1,9,9,6,1,6,1,1,1,1,1,1,1,1,6,1,1,1,1,1,1,6,6,1,6,6,6,6,1,1,1,1,6,6,1,1,1,1,1,1,1,1,1,1,1,1,1,1,1,1,1,1,6,1,6,1,1,1,6,1,1,1,1,1,6,1,1,1,1,1,1,1,1,6,1,1,1,6,1,6,1,1,1,1,6,6,1,6,1,6,1,1,1,1,1,1,1,6,1,1,1,6,1,1,6,1,1,1,1,1,1,1,1,9,1,1,1,1,1,6,6,6,1,1,1,1,1,1,1,6,1,1,1,1,1,6,1,1,1,1,1,6,1,1,1,1,1,1,1,1,1,1,6,1,1,1,1,6,1,1,1,6,1,1,1,6,6,6,6,1,1,1,1,1,1,1,1,1,1,1,1,1,1,1,1,6,1,1,1,1,6,1,1,1,9,9,1,1,1,1,1,1,1,1,1,1,1,1,1,1,1,1,1,1,1,1,1,1,6,1,1,1,1,1,1,1,9,9,9,1,1,1,1,1,1,1,1,1,1,1,1,1,1,1,1,1,1,1,1,1,1,1,9,9,9,9,9,9,9,9,1,1,1,1,1,1,1,1,1,1,1,1,1,1,1,1,1
